Year,Month,Day,Hour,Minute,Second,PET(mm),Rain(mm)
1972,1,1,9,0,0,2.04777693748,7.30000019073
1972,1,2,9,0,0,1.65456950665,4.5
1972,1,3,9,0,0,5.59087276459,2.90000009537
1972,1,4,9,0,0,5.93440437317,0.0
1972,1,5,9,0,0,5.33388376236,0.0
1972,1,6,9,0,0,4.7915763855,3.70000004768
1972,1,7,9,0,0,3.74499559402,7.59999990463
1972,1,8,9,0,0,5.62969064713,0.0
1972,1,9,9,0,0,5.01957798004,0.0
1972,1,10,9,0,0,3.40575194359,0.0
1972,1,11,9,0,0,6.17860746384,0.0
1972,1,12,9,0,0,4.72963237762,0.0
1972,1,13,9,0,0,2.98802614212,21.5
1972,1,14,9,0,0,4.68831443787,2.40000009537
1972,1,15,9,0,0,6.20529222488,0.0
1972,1,16,9,0,0,5.28006219864,0.0
1972,1,17,9,0,0,4.35828876495,0.0
1972,1,18,9,0,0,4.5326333046,0.0
1972,1,19,9,0,0,2.57634973526,0.0
1972,1,20,9,0,0,4.82178640366,0.0
1972,1,21,9,0,0,5.25360584259,0.0
1972,1,22,9,0,0,4.6221613884,0.0
1972,1,23,9,0,0,5.80298852921,0.0
1972,1,24,9,0,0,4.65581417084,0.0
1972,1,25,9,0,0,2.58062601089,0.0
1972,1,26,9,0,0,3.54344820976,0.0
1972,1,27,9,0,0,5.32609319687,0.0
1972,1,28,9,0,0,2.2347176075,33.5999984741
1972,1,29,9,0,0,3.51628541946,10.0
1972,1,30,9,0,0,3.53552222252,8.60000038147
1972,1,31,9,0,0,4.0263428688,2.79999995232
1972,2,1,9,0,0,5.88695192337,0.0
1972,2,2,9,0,0,4.88720750809,0.0
1972,2,3,9,0,0,5.12436962128,0.0
1972,2,4,9,0,0,3.55598807335,0.0
1972,2,5,9,0,0,6.82371997833,0.0
1972,2,6,9,0,0,4.5027589798,0.0
1972,2,7,9,0,0,2.42278981209,0.0
1972,2,8,9,0,0,4.31061124802,5.69999980927
1972,2,9,9,0,0,5.57634544373,0.0
1972,2,10,9,0,0,6.18163299561,0.0
1972,2,11,9,0,0,5.54965496063,0.0
1972,2,12,9,0,0,2.95373058319,0.0
1972,2,13,9,0,0,5.51621866226,0.0
1972,2,14,9,0,0,6.00607395172,0.0
1972,2,15,9,0,0,5.79363584518,0.0
1972,2,16,9,0,0,4.25849866867,0.0
1972,2,17,9,0,0,3.80326604843,0.0
1972,2,18,9,0,0,5.15822315216,0.0
1972,2,19,9,0,0,3.52649736404,0.0
1972,2,20,9,0,0,1.580955863,2.29999995232
1972,2,21,9,0,0,2.90445709229,2.90000009537
1972,2,22,9,0,0,3.36179423332,0.0
1972,2,23,9,0,0,3.34450483322,10.0
1972,2,24,9,0,0,2.91892290115,4.59999990463
1972,2,25,9,0,0,5.47813415527,0.0
1972,2,26,9,0,0,4.84679841995,0.0
1972,2,27,9,0,0,5.16193580627,0.0
1972,2,28,9,0,0,5.11685371399,0.0
1972,2,29,9,0,0,4.06471824646,0.0
1972,3,1,9,0,0,3.64745855331,0.0
1972,3,2,9,0,0,3.86663246155,0.0
1972,3,3,9,0,0,2.65780472755,0.0
1972,3,4,9,0,0,1.81972897053,12.8999996185
1972,3,5,9,0,0,3.28588700294,2.29999995232
1972,3,6,9,0,0,4.1248049736,0.0
1972,3,7,9,0,0,2.66016888618,0.0
1972,3,8,9,0,0,3.33377385139,0.0
1972,3,9,9,0,0,2.23070001602,5.5
1972,3,10,9,0,0,1.14695000648,26.2000007629
1972,3,11,9,0,0,1.32939767838,6.5
1972,3,12,9,0,0,2.64094114304,9.69999980927
1972,3,13,9,0,0,2.32845783234,5.59999990463
1972,3,14,9,0,0,3.35547351837,0.0
1972,3,15,9,0,0,2.51798295975,2.29999995232
1972,3,16,9,0,0,4.13144445419,8.80000019073
1972,3,17,9,0,0,2.38270044327,12.0
1972,3,18,9,0,0,3.09878063202,0.0
1972,3,19,9,0,0,3.47243523598,0.0
1972,3,20,9,0,0,3.41771626472,0.0
1972,3,21,9,0,0,2.43478918076,0.0
1972,3,22,9,0,0,1.48993659019,0.0
1972,3,23,9,0,0,1.65921723843,0.0
1972,3,24,9,0,0,1.66806447506,15.3000001907
1972,3,25,9,0,0,0.888252496719,12.3999996185
1972,3,26,9,0,0,2.93147540092,4.09999990463
1972,3,27,9,0,0,3.23674678802,0.0
1972,3,28,9,0,0,1.5324934721,7.69999980927
1972,3,29,9,0,0,2.47231388092,5.09999990463
1972,3,30,9,0,0,2.2062523365,5.80000019073
1972,3,31,9,0,0,3.20262813568,0.0
1972,4,1,9,0,0,1.5808275938,2.20000004768
1972,4,2,9,0,0,2.12983775139,0.0
1972,4,3,9,0,0,1.24190926552,5.19999980927
1972,4,4,9,0,0,0.999138772488,2.09999990463
1972,4,5,9,0,0,1.00563418865,5.40000009537
1972,4,6,9,0,0,0.867977797985,49.0
1972,4,7,9,0,0,0.990917682648,5.09999990463
1972,4,8,9,0,0,2.14305281639,0.0
1972,4,9,9,0,0,2.53190016747,0.0
1972,4,10,9,0,0,2.68257570267,0.0
1972,4,11,9,0,0,2.38678956032,0.0
1972,4,12,9,0,0,3.21312618256,0.0
1972,4,13,9,0,0,2.76472306252,0.0
1972,4,14,9,0,0,1.81978774071,0.0
1972,4,15,9,0,0,2.53656673431,2.0
1972,4,16,9,0,0,1.73695015907,4.0
1972,4,17,9,0,0,0.955187022686,13.6000003815
1972,4,18,9,0,0,1.00450623035,9.10000038147
1972,4,19,9,0,0,1.40629422665,3.79999995232
1972,4,20,9,0,0,1.69016766548,4.5
1972,4,21,9,0,0,1.08583390713,7.0
1972,4,22,9,0,0,1.32781159878,0.0
1972,4,23,9,0,0,1.13723564148,21.8999996185
1972,4,24,9,0,0,1.63651823997,26.3999996185
1972,4,25,9,0,0,1.2209931612,11.8000001907
1972,4,26,9,0,0,1.23098635674,3.20000004768
1972,4,27,9,0,0,0.852365791798,11.1000003815
1972,4,28,9,0,0,0.994334995747,14.3000001907
1972,4,29,9,0,0,1.47365379333,0.0
1972,4,30,9,0,0,0.849724411964,4.09999990463
1972,5,1,9,0,0,1.98327720165,0.0
1972,5,2,9,0,0,1.17692601681,0.0
1972,5,3,9,0,0,0.223118633032,4.40000009537
1972,5,4,9,0,0,1.28165006638,0.0
1972,5,5,9,0,0,1.52892780304,0.0
1972,5,6,9,0,0,0.846008002758,0.0
1972,5,7,9,0,0,1.19147336483,0.0
1972,5,8,9,0,0,0.793066442013,0.0
1972,5,9,9,0,0,0.537236630917,0.0
1972,5,10,9,0,0,1.71857404709,0.0
1972,5,11,9,0,0,1.06071233749,0.0
1972,5,12,9,0,0,0.789795041084,20.0
1972,5,13,9,0,0,0.635283827782,21.6000003815
1972,5,14,9,0,0,1.00463414192,0.0
1972,5,15,9,0,0,0.924063622952,3.90000009537
1972,5,16,9,0,0,0.673425257206,15.8000001907
1972,5,17,9,0,0,0.470767587423,13.8999996185
1972,5,18,9,0,0,0.824840426445,0.0
1972,5,19,9,0,0,1.36845231056,0.0
1972,5,20,9,0,0,0.916713476181,5.0
1972,5,21,9,0,0,1.36597716808,0.0
1972,5,22,9,0,0,0.791394948959,2.0
1972,5,23,9,0,0,0.57314914465,14.0
1972,5,24,9,0,0,0.965405583382,23.2999992371
1972,5,25,9,0,0,1.07445847988,0.0
1972,5,26,9,0,0,1.26368165016,2.29999995232
1972,5,27,9,0,0,0.515963256359,32.4000015259
1972,5,28,9,0,0,1.40290462971,0.0
1972,5,29,9,0,0,0.878723204136,5.5
1972,5,30,9,0,0,0.538989961147,13.6000003815
1972,5,31,9,0,0,1.36708784103,0.0
1972,6,1,9,0,0,0.563371300697,3.0
1972,6,2,9,0,0,0.503260791302,4.09999990463
1972,6,3,9,0,0,1.19975972176,0.0
1972,6,4,9,0,0,1.04225671291,0.0
1972,6,5,9,0,0,0.549820482731,0.0
1972,6,6,9,0,0,1.18212664127,0.0
1972,6,7,9,0,0,0.810261130333,0.0
1972,6,8,9,0,0,0.939004302025,0.0
1972,6,9,9,0,0,0.778782725334,0.0
1972,6,10,9,0,0,0.899216234684,0.0
1972,6,11,9,0,0,0.628366112709,5.90000009537
1972,6,12,9,0,0,0.825905621052,11.5
1972,6,13,9,0,0,0.608657360077,0.0
1972,6,14,9,0,0,1.1337569952,0.0
1972,6,15,9,0,0,0.628735542297,3.20000004768
1972,6,16,9,0,0,0.923814296722,5.30000019073
1972,6,17,9,0,0,0.512037396431,19.7000007629
1972,6,18,9,0,0,0.618817567825,6.0
1972,6,19,9,0,0,0.989617109299,0.0
1972,6,20,9,0,0,0.869937539101,5.09999990463
1972,6,21,9,0,0,0.709128797054,2.70000004768
1972,6,22,9,0,0,0.705409526825,7.80000019073
1972,6,23,9,0,0,0.720421969891,3.20000004768
1972,6,24,9,0,0,0.811181485653,0.0
1972,6,25,9,0,0,1.05359184742,0.0
1972,6,26,9,0,0,1.15224969387,0.0
1972,6,27,9,0,0,1.03555428982,0.0
1972,6,28,9,0,0,0.850868999958,0.0
1972,6,29,9,0,0,0.580145478249,5.0
1972,6,30,9,0,0,0.410362392664,58.9000015259
1972,7,1,9,0,0,1.09168863297,29.8999996185
1972,7,2,9,0,0,0.892581880093,4.5
1972,7,3,9,0,0,1.19811761379,6.19999980927
1972,7,4,9,0,0,1.26526403427,0.0
1972,7,5,9,0,0,1.37238717079,0.0
1972,7,6,9,0,0,1.03935539722,0.0
1972,7,7,9,0,0,1.04825294018,0.0
1972,7,8,9,0,0,1.27183401585,0.0
1972,7,9,9,0,0,0.389306753874,8.89999961853
1972,7,10,9,0,0,0.572403848171,21.2000007629
1972,7,11,9,0,0,0.424531936646,15.1000003815
1972,7,12,9,0,0,0.538754343987,8.5
1972,7,13,9,0,0,0.691986203194,7.5
1972,7,14,9,0,0,0.513995289803,26.1000003815
1972,7,15,9,0,0,0.701288461685,9.30000019073
1972,7,16,9,0,0,0.354577630758,12.3000001907
1972,7,17,9,0,0,0.618183851242,3.40000009537
1972,7,18,9,0,0,1.0142441988,6.80000019073
1972,7,19,9,0,0,1.09378659725,0.0
1972,7,20,9,0,0,0.592450261116,9.69999980927
1972,7,21,9,0,0,0.4129319489,23.5
1972,7,22,9,0,0,0.995397031307,6.5
1972,7,23,9,0,0,0.868620693684,7.09999990463
1972,7,24,9,0,0,1.23049461842,0.0
1972,7,25,9,0,0,1.10413849354,0.0
1972,7,26,9,0,0,0.793546974659,0.0
1972,7,27,9,0,0,0.674959421158,0.0
1972,7,28,9,0,0,1.11905372143,0.0
1972,7,29,9,0,0,1.29830551147,0.0
1972,7,30,9,0,0,1.39099681377,0.0
1972,7,31,9,0,0,1.30475950241,0.0
1972,8,1,9,0,0,1.41407394409,0.0
1972,8,2,9,0,0,1.63175547123,0.0
1972,8,3,9,0,0,0.767818033695,0.0
1972,8,4,9,0,0,1.49413466454,0.0
1972,8,5,9,0,0,1.36053752899,0.0
1972,8,6,9,0,0,1.50724625587,0.0
1972,8,7,9,0,0,1.41048169136,0.0
1972,8,8,9,0,0,1.01683700085,3.20000004768
1972,8,9,9,0,0,0.341361731291,17.3999996185
1972,8,10,9,0,0,1.0875351429,0.0
1972,8,11,9,0,0,0.369483798742,24.3999996185
1972,8,12,9,0,0,0.579143822193,15.6999998093
1972,8,13,9,0,0,1.38063848019,2.79999995232
1972,8,14,9,0,0,1.18829619884,0.0
1972,8,15,9,0,0,0.932416677475,4.0
1972,8,16,9,0,0,1.48993635178,10.6000003815
1972,8,17,9,0,0,1.41409444809,2.0
1972,8,18,9,0,0,1.83471810818,0.0
1972,8,19,9,0,0,1.394546628,2.59999990463
1972,8,20,9,0,0,1.48728168011,0.0
1972,8,21,9,0,0,1.6570943594,0.0
1972,8,22,9,0,0,1.17502248287,0.0
1972,8,23,9,0,0,2.17104578018,0.0
1972,8,24,9,0,0,1.29314446449,4.5
1972,8,25,9,0,0,1.35780143738,8.5
1972,8,26,9,0,0,0.471765935421,25.3999996185
1972,8,27,9,0,0,2.09451746941,0.0
1972,8,28,9,0,0,1.78869712353,0.0
1972,8,29,9,0,0,0.725105583668,6.69999980927
1972,8,30,9,0,0,0.724945545197,0.0
1972,8,31,9,0,0,1.32860338688,7.59999990463
1972,9,1,9,0,0,1.00557696819,9.0
1972,9,2,9,0,0,2.18199777603,0.0
1972,9,3,9,0,0,2.21506381035,3.70000004768
1972,9,4,9,0,0,2.81597471237,0.0
1972,9,5,9,0,0,2.04760074615,0.0
1972,9,6,9,0,0,1.04571330547,0.0
1972,9,7,9,0,0,1.39769136906,3.09999990463
1972,9,8,9,0,0,0.582990050316,10.8999996185
1972,9,9,9,0,0,0.972402334213,29.3999996185
1972,9,10,9,0,0,2.85875272751,7.59999990463
1972,9,11,9,0,0,1.1061873436,4.59999990463
1972,9,12,9,0,0,2.00429320335,0.0
1972,9,13,9,0,0,1.33022272587,25.7000007629
1972,9,14,9,0,0,1.61988031864,5.40000009537
1972,9,15,9,0,0,1.69849133492,2.09999990463
1972,9,16,9,0,0,1.18273854256,5.19999980927
1972,9,17,9,0,0,2.89410495758,0.0
1972,9,18,9,0,0,0.991175413132,27.2000007629
1972,9,19,9,0,0,1.60254335403,12.0
1972,9,20,9,0,0,0.759865283966,27.2999992371
1972,9,21,9,0,0,2.61971569061,2.5
1972,9,22,9,0,0,2.36593079567,8.19999980927
1972,9,23,9,0,0,1.90326881409,0.0
1972,9,24,9,0,0,1.86978459358,2.20000004768
1972,9,25,9,0,0,0.384714782238,16.2999992371
1972,9,26,9,0,0,0.768029212952,9.80000019073
1972,9,27,9,0,0,2.70373749733,0.0
1972,9,28,9,0,0,0.886008143425,7.09999990463
1972,9,29,9,0,0,2.26277184486,2.09999990463
1972,9,30,9,0,0,2.42711853981,0.0
1972,10,1,9,0,0,2.96223258972,0.0
1972,10,2,9,0,0,2.42146444321,0.0
1972,10,3,9,0,0,1.06275308132,5.19999980927
1972,10,4,9,0,0,2.51209545135,0.0
1972,10,5,9,0,0,2.57678842545,7.90000009537
1972,10,6,9,0,0,1.29980242252,57.0
1972,10,7,9,0,0,1.44080913067,64.5
1972,10,8,9,0,0,1.08686053753,46.2000007629
1972,10,9,9,0,0,0.571754992008,3.79999995232
1972,10,10,9,0,0,2.66835427284,0.0
1972,10,11,9,0,0,2.40651512146,3.5
1972,10,12,9,0,0,1.8223054409,11.1999998093
1972,10,13,9,0,0,1.20801842213,27.2999992371
1972,10,14,9,0,0,3.38965773582,3.90000009537
1972,10,15,9,0,0,1.29931616783,7.40000009537
1972,10,16,9,0,0,3.66436958313,0.0
1972,10,17,9,0,0,3.46295905113,0.0
1972,10,18,9,0,0,3.71724820137,2.09999990463
1972,10,19,9,0,0,2.76199507713,0.0
1972,10,20,9,0,0,2.71724534035,0.0
1972,10,21,9,0,0,3.6797850132,0.0
1972,10,22,9,0,0,3.3525185585,0.0
1972,10,23,9,0,0,1.80017566681,0.0
1972,10,24,9,0,0,2.89602422714,0.0
1972,10,25,9,0,0,2.59946060181,0.0
1972,10,26,9,0,0,1.52051639557,8.5
1972,10,27,9,0,0,3.6921441555,4.0
1972,10,28,9,0,0,2.62347102165,0.0
1972,10,29,9,0,0,3.4385869503,0.0
1972,10,30,9,0,0,3.37805223465,0.0
1972,10,31,9,0,0,0.864102780819,2.90000009537
1972,11,1,9,0,0,4.6369767189,0.0
1972,11,2,9,0,0,2.97595453262,20.8999996185
1972,11,3,9,0,0,2.50963306427,0.0
1972,11,4,9,0,0,1.76288127899,3.79999995232
1972,11,5,9,0,0,1.67079877853,48.0999984741
1972,11,6,9,0,0,1.21186280251,33.0999984741
1972,11,7,9,0,0,1.37498247623,0.0
1972,11,8,9,0,0,3.33855342865,21.7000007629
1972,11,9,9,0,0,3.32094192505,3.70000004768
1972,11,10,9,0,0,2.58002734184,0.0
1972,11,11,9,0,0,2.83356618881,0.0
1972,11,12,9,0,0,4.8468208313,0.0
1972,11,13,9,0,0,1.34252130985,13.1000003815
1972,11,14,9,0,0,4.08993959427,0.0
1972,11,15,9,0,0,5.33598184586,0.0
1972,11,16,9,0,0,3.05362176895,0.0
1972,11,17,9,0,0,6.35591316223,0.0
1972,11,18,9,0,0,5.98603391647,0.0
1972,11,19,9,0,0,4.29784679413,0.0
1972,11,20,9,0,0,3.4354622364,7.80000019073
1972,11,21,9,0,0,2.51779818535,0.0
1972,11,22,9,0,0,5.01292085648,0.0
1972,11,23,9,0,0,3.48880243301,4.5
1972,11,24,9,0,0,4.32869338989,0.0
1972,11,25,9,0,0,4.13852787018,0.0
1972,11,26,9,0,0,3.32209968567,2.29999995232
1972,11,27,9,0,0,1.65226316452,6.40000009537
1972,11,28,9,0,0,2.91881942749,11.8999996185
1972,11,29,9,0,0,2.21720194817,2.20000004768
1972,11,30,9,0,0,4.91896486282,7.09999990463
1972,12,1,9,0,0,5.67490291595,0.0
1972,12,2,9,0,0,5.74414825439,0.0
1972,12,3,9,0,0,5.70390081406,0.0
1972,12,4,9,0,0,4.09056091309,8.0
1972,12,5,9,0,0,1.81808388233,6.5
1972,12,6,9,0,0,5.17242622375,0.0
1972,12,7,9,0,0,4.84002733231,5.0
1972,12,8,9,0,0,2.86001706123,2.79999995232
1972,12,9,9,0,0,5.04823064804,0.0
1972,12,10,9,0,0,4.62264251709,0.0
1972,12,11,9,0,0,6.13811731339,0.0
1972,12,12,9,0,0,1.24500322342,30.7999992371
1972,12,13,9,0,0,3.19779348373,19.1000003815
1972,12,14,9,0,0,5.40581464767,0.0
1972,12,15,9,0,0,2.45434594154,0.0
1972,12,16,9,0,0,3.74875450134,3.79999995232
1972,12,17,9,0,0,3.02181124687,17.2999992371
1972,12,18,9,0,0,3.00769495964,14.5
1972,12,19,9,0,0,3.75251364708,4.0
1972,12,20,9,0,0,4.72622966766,0.0
1972,12,21,9,0,0,6.2305226326,0.0
1972,12,22,9,0,0,2.14047122002,2.59999990463
1972,12,23,9,0,0,4.71084499359,15.6999998093
1972,12,24,9,0,0,2.67801451683,5.40000009537
1972,12,25,9,0,0,3.08196401596,29.2999992371
1972,12,26,9,0,0,2.48901844025,7.19999980927
1972,12,27,9,0,0,5.08238267899,0.0
1972,12,28,9,0,0,4.77942752838,0.0
1972,12,29,9,0,0,6.10094356537,0.0
1972,12,30,9,0,0,4.74400043488,0.0
1972,12,31,9,0,0,2.35617995262,0.0
1973,1,1,9,0,0,5.50405263901,0.0
1973,1,2,9,0,0,4.87861251831,0.0
1973,1,3,9,0,0,5.8004784584,0.0
1973,1,4,9,0,0,5.5675444603,0.0
1973,1,5,9,0,0,2.1736676693,6.69999980927
1973,1,6,9,0,0,4.05435085297,0.0
1973,1,7,9,0,0,5.57002544403,0.0
1973,1,8,9,0,0,5.38607978821,0.0
1973,1,9,9,0,0,5.72942256927,0.0
1973,1,10,9,0,0,4.46193170547,2.70000004768
1973,1,11,9,0,0,2.08586716652,21.7000007629
1973,1,12,9,0,0,5.82489871979,0.0
1973,1,13,9,0,0,5.62393379211,0.0
1973,1,14,9,0,0,5.05481481552,0.0
1973,1,15,9,0,0,3.8139834404,5.0
1973,1,16,9,0,0,4.37918949127,0.0
1973,1,17,9,0,0,5.30906677246,0.0
1973,1,18,9,0,0,5.1524143219,0.0
1973,1,19,9,0,0,3.55218625069,0.0
1973,1,20,9,0,0,4.43054389954,0.0
1973,1,21,9,0,0,3.34427499771,0.0
1973,1,22,9,0,0,3.89134860039,0.0
1973,1,23,9,0,0,4.30819749832,0.0
1973,1,24,9,0,0,6.9255437851,0.0
1973,1,25,9,0,0,2.52371191978,5.59999990463
1973,1,26,9,0,0,3.99877715111,0.0
1973,1,27,9,0,0,3.90927433968,0.0
1973,1,28,9,0,0,4.70687484741,0.0
1973,1,29,9,0,0,6.51198959351,0.0
1973,1,30,9,0,0,5.04676675797,0.0
1973,1,31,9,0,0,5.39033079147,0.0
1973,2,1,9,0,0,1.94505274296,3.0
1973,2,2,9,0,0,2.78776073456,0.0
1973,2,3,9,0,0,2.11606001854,0.0
1973,2,4,9,0,0,2.11430835724,0.0
1973,2,5,9,0,0,3.35920143127,0.0
1973,2,6,9,0,0,1.7443472147,0.0
1973,2,7,9,0,0,3.22503495216,0.0
1973,2,8,9,0,0,4.19954967499,0.0
1973,2,9,9,0,0,2.18069434166,0.0
1973,2,10,9,0,0,1.38411998749,9.10000038147
1973,2,11,9,0,0,4.56998538971,0.0
1973,2,12,9,0,0,6.17113113403,0.0
1973,2,13,9,0,0,4.75549125671,0.0
1973,2,14,9,0,0,4.40558958054,0.0
1973,2,15,9,0,0,5.00811815262,0.0
1973,2,16,9,0,0,4.68211364746,0.0
1973,2,17,9,0,0,5.81377124786,0.0
1973,2,18,9,0,0,5.64047193527,0.0
1973,2,19,9,0,0,4.61221981049,0.0
1973,2,20,9,0,0,3.71325016022,0.0
1973,2,21,9,0,0,2.55044555664,0.0
1973,2,22,9,0,0,6.03879213333,0.0
1973,2,23,9,0,0,4.66570043564,0.0
1973,2,24,9,0,0,3.04181814194,0.0
1973,2,25,9,0,0,4.89743757248,0.0
1973,2,26,9,0,0,5.29597091675,0.0
1973,2,27,9,0,0,4.1225066185,0.0
1973,2,28,9,0,0,4.43944168091,0.0
1973,3,1,9,0,0,4.61787223816,0.0
1973,3,2,9,0,0,2.0738697052,3.5
1973,3,3,9,0,0,1.40502381325,17.0
1973,3,4,9,0,0,2.40989303589,0.0
1973,3,5,9,0,0,2.6836514473,9.60000038147
1973,3,6,9,0,0,3.72724151611,0.0
1973,3,7,9,0,0,3.07998776436,0.0
1973,3,8,9,0,0,2.81042456627,5.69999980927
1973,3,9,9,0,0,3.2731616497,2.59999990463
1973,3,10,9,0,0,2.47884464264,0.0
1973,3,11,9,0,0,4.20316076279,0.0
1973,3,12,9,0,0,2.13522863388,0.0
1973,3,13,9,0,0,3.73587679863,0.0
1973,3,14,9,0,0,3.13008594513,0.0
1973,3,15,9,0,0,1.90404641628,16.0
1973,3,16,9,0,0,2.75235462189,0.0
1973,3,17,9,0,0,3.82270002365,0.0
1973,3,18,9,0,0,3.78503990173,0.0
1973,3,19,9,0,0,3.07854390144,0.0
1973,3,20,9,0,0,1.81811487675,2.0
1973,3,21,9,0,0,3.29628276825,0.0
1973,3,22,9,0,0,3.71868395805,0.0
1973,3,23,9,0,0,1.11466789246,16.0
1973,3,24,9,0,0,3.4117307663,0.0
1973,3,25,9,0,0,3.55119633675,0.0
1973,3,26,9,0,0,2.87840414047,0.0
1973,3,27,9,0,0,2.93151450157,0.0
1973,3,28,9,0,0,3.37440919876,0.0
1973,3,29,9,0,0,2.22381162643,0.0
1973,3,30,9,0,0,2.63212823868,0.0
1973,3,31,9,0,0,1.71723306179,7.0
1973,4,1,9,0,0,2.82001781464,2.40000009537
1973,4,2,9,0,0,3.12093424797,0.0
1973,4,3,9,0,0,2.73348426819,0.0
1973,4,4,9,0,0,2.50279927254,0.0
1973,4,5,9,0,0,2.64220380783,0.0
1973,4,6,9,0,0,2.17418503761,0.0
1973,4,7,9,0,0,1.84053337574,0.0
1973,4,8,9,0,0,2.0012793541,0.0
1973,4,9,9,0,0,2.42759823799,0.0
1973,4,10,9,0,0,1.21634411812,0.0
1973,4,11,9,0,0,2.37271785736,0.0
1973,4,12,9,0,0,2.57567405701,0.0
1973,4,13,9,0,0,1.09697580338,3.09999990463
1973,4,14,9,0,0,1.60259056091,7.90000009537
1973,4,15,9,0,0,0.60543435812,30.0
1973,4,16,9,0,0,1.65749049187,2.29999995232
1973,4,17,9,0,0,1.81018733978,0.0
1973,4,18,9,0,0,1.75573956966,0.0
1973,4,19,9,0,0,1.15716421604,0.0
1973,4,20,9,0,0,0.901940822601,19.2999992371
1973,4,21,9,0,0,0.979254543781,17.7999992371
1973,4,22,9,0,0,0.952104747295,26.2999992371
1973,4,23,9,0,0,1.70528125763,23.2999992371
1973,4,24,9,0,0,1.93372881413,2.70000004768
1973,4,25,9,0,0,1.39626526833,0.0
1973,4,26,9,0,0,0.977200269699,6.19999980927
1973,4,27,9,0,0,0.654577970505,7.30000019073
1973,4,28,9,0,0,0.706093072891,13.8000001907
1973,4,29,9,0,0,0.394846946001,10.6999998093
1973,4,30,9,0,0,1.59168207645,0.0
1973,5,1,9,0,0,0.595253825188,2.79999995232
1973,5,2,9,0,0,0.788075864315,0.0
1973,5,3,9,0,0,0.545642614365,8.10000038147
1973,5,4,9,0,0,1.11478960514,8.80000019073
1973,5,5,9,0,0,0.785121977329,14.5
1973,5,6,9,0,0,1.15893256664,6.5
1973,5,7,9,0,0,1.7531799078,0.0
1973,5,8,9,0,0,0.58320748806,32.4000015259
1973,5,9,9,0,0,0.733107745647,19.7999992371
1973,5,10,9,0,0,1.26322937012,2.59999990463
1973,5,11,9,0,0,0.500021755695,23.1000003815
1973,5,12,9,0,0,0.795753359795,13.6999998093
1973,5,13,9,0,0,0.790713727474,3.0
1973,5,14,9,0,0,1.39025223255,0.0
1973,5,15,9,0,0,1.65620112419,6.80000019073
1973,5,16,9,0,0,0.825524568558,4.19999980927
1973,5,17,9,0,0,0.873259365559,5.80000019073
1973,5,18,9,0,0,1.30567371845,8.5
1973,5,19,9,0,0,1.23413324356,13.1000003815
1973,5,20,9,0,0,0.542297780514,25.6000003815
1973,5,21,9,0,0,1.10440170765,0.0
1973,5,22,9,0,0,0.73311239481,3.20000004768
1973,5,23,9,0,0,0.560545027256,10.6000003815
1973,5,24,9,0,0,0.300242185593,11.8000001907
1973,5,25,9,0,0,0.836954474449,0.0
1973,5,26,9,0,0,0.629612743855,3.0
1973,5,27,9,0,0,0.793219983578,7.69999980927
1973,5,28,9,0,0,0.907606005669,14.8000001907
1973,5,29,9,0,0,0.602923750877,22.0
1973,5,30,9,0,0,0.741486310959,3.20000004768
1973,5,31,9,0,0,0.797697663307,0.0
1973,6,1,9,0,0,1.06414401531,0.0
1973,6,2,9,0,0,0.756004154682,0.0
1973,6,3,9,0,0,0.257701843977,27.2999992371
1973,6,4,9,0,0,0.497668921947,13.1000003815
1973,6,5,9,0,0,0.421890437603,0.0
1973,6,6,9,0,0,1.12831068039,4.40000009537
1973,6,7,9,0,0,1.19843173027,19.7999992371
1973,6,8,9,0,0,0.833818256855,9.39999961853
1973,6,9,9,0,0,0.615983188152,2.20000004768
1973,6,10,9,0,0,1.06347775459,0.0
1973,6,11,9,0,0,1.02520871162,0.0
1973,6,12,9,0,0,1.11721527576,0.0
1973,6,13,9,0,0,0.890986502171,0.0
1973,6,14,9,0,0,1.05508327484,0.0
1973,6,15,9,0,0,0.994744896889,0.0
1973,6,16,9,0,0,1.06728518009,0.0
1973,6,17,9,0,0,1.1447865963,0.0
1973,6,18,9,0,0,1.03808677197,0.0
1973,6,19,9,0,0,0.86548769474,0.0
1973,6,20,9,0,0,1.06120967865,0.0
1973,6,21,9,0,0,0.665165364742,0.0
1973,6,22,9,0,0,0.946883618832,0.0
1973,6,23,9,0,0,0.712001860142,10.6999998093
1973,6,24,9,0,0,1.14357662201,7.80000019073
1973,6,25,9,0,0,0.448281675577,22.5
1973,6,26,9,0,0,0.341263592243,23.3999996185
1973,6,27,9,0,0,0.9529697299,0.0
1973,6,28,9,0,0,0.756700098515,0.0
1973,6,29,9,0,0,1.05410325527,0.0
1973,6,30,9,0,0,0.995319902897,0.0
1973,7,1,9,0,0,1.11115288734,0.0
1973,7,2,9,0,0,0.971943557262,0.0
1973,7,3,9,0,0,1.00413990021,0.0
1973,7,4,9,0,0,1.0108923912,0.0
1973,7,5,9,0,0,0.779829859734,6.80000019073
1973,7,6,9,0,0,0.806051671505,0.0
1973,7,7,9,0,0,1.24948143959,0.0
1973,7,8,9,0,0,1.00858259201,0.0
1973,7,9,9,0,0,0.729453980923,0.0
1973,7,10,9,0,0,1.17579686642,0.0
1973,7,11,9,0,0,1.0914812088,0.0
1973,7,12,9,0,0,1.27401208878,0.0
1973,7,13,9,0,0,0.772379755974,0.0
1973,7,14,9,0,0,0.875676512718,0.0
1973,7,15,9,0,0,0.551418185234,0.0
1973,7,16,9,0,0,1.07558858395,0.0
1973,7,17,9,0,0,1.42032372952,0.0
1973,7,18,9,0,0,1.44062113762,0.0
1973,7,19,9,0,0,0.871344685555,0.0
1973,7,20,9,0,0,1.05785191059,0.0
1973,7,21,9,0,0,0.896629929543,0.0
1973,7,22,9,0,0,0.510687232018,7.80000019073
1973,7,23,9,0,0,0.737062990665,0.0
1973,7,24,9,0,0,1.17252993584,0.0
1973,7,25,9,0,0,1.06092715263,0.0
1973,7,26,9,0,0,1.64281988144,0.0
1973,7,27,9,0,0,1.46688652039,0.0
1973,7,28,9,0,0,0.825221836567,0.0
1973,7,29,9,0,0,1.41142308712,0.0
1973,7,30,9,0,0,1.26490414143,0.0
1973,7,31,9,0,0,1.19427597523,0.0
1973,8,1,9,0,0,1.64138233662,0.0
1973,8,2,9,0,0,1.62438452244,14.6000003815
1973,8,3,9,0,0,0.816652357578,17.2999992371
1973,8,4,9,0,0,0.778102219105,23.6000003815
1973,8,5,9,0,0,0.797493219376,13.6000003815
1973,8,6,9,0,0,1.51093268394,0.0
1973,8,7,9,0,0,1.88555622101,0.0
1973,8,8,9,0,0,1.74544990063,0.0
1973,8,9,9,0,0,0.409034818411,2.20000004768
1973,8,10,9,0,0,0.662392616272,11.3000001907
1973,8,11,9,0,0,0.514844059944,37.7000007629
1973,8,12,9,0,0,1.14722585678,4.30000019073
1973,8,13,9,0,0,0.713484108448,9.0
1973,8,14,9,0,0,0.980182170868,10.5
1973,8,15,9,0,0,0.804488062859,0.0
1973,8,16,9,0,0,1.80198574066,0.0
1973,8,17,9,0,0,1.95193827152,0.0
1973,8,18,9,0,0,1.89700818062,0.0
1973,8,19,9,0,0,1.24648869038,8.19999980927
1973,8,20,9,0,0,0.628429830074,35.5
1973,8,21,9,0,0,0.638962447643,6.40000009537
1973,8,22,9,0,0,2.04614067078,0.0
1973,8,23,9,0,0,2.21966433525,0.0
1973,8,24,9,0,0,1.54602277279,0.0
1973,8,25,9,0,0,1.3524261713,0.0
1973,8,26,9,0,0,1.55073618889,0.0
1973,8,27,9,0,0,0.879049181938,0.0
1973,8,28,9,0,0,0.508127450943,0.0
1973,8,29,9,0,0,0.979265749454,8.5
1973,8,30,9,0,0,0.498375356197,22.6000003815
1973,8,31,9,0,0,0.507303476334,10.1999998093
1973,9,1,9,0,0,1.86833691597,4.40000009537
1973,9,2,9,0,0,3.00095534325,0.0
1973,9,3,9,0,0,0.752407729626,8.60000038147
1973,9,4,9,0,0,2.21124744415,3.20000004768
1973,9,5,9,0,0,2.12912011147,0.0
1973,9,6,9,0,0,1.71744251251,19.3999996185
1973,9,7,9,0,0,1.46027290821,3.79999995232
1973,9,8,9,0,0,2.42661166191,0.0
1973,9,9,9,0,0,2.52259540558,0.0
1973,9,10,9,0,0,1.60863935947,0.0
1973,9,11,9,0,0,0.713666677475,8.30000019073
1973,9,12,9,0,0,1.72296273708,0.0
1973,9,13,9,0,0,1.93920004368,0.0
1973,9,14,9,0,0,0.654569089413,20.7000007629
1973,9,15,9,0,0,1.29006612301,0.0
1973,9,16,9,0,0,2.82526445389,0.0
1973,9,17,9,0,0,2.70683503151,0.0
1973,9,18,9,0,0,2.50498318672,2.29999995232
1973,9,19,9,0,0,2.17772245407,10.6999998093
1973,9,20,9,0,0,1.79368925095,7.0
1973,9,21,9,0,0,2.49785280228,2.59999990463
1973,9,22,9,0,0,2.07620859146,4.80000019073
1973,9,23,9,0,0,2.53674292564,0.0
1973,9,24,9,0,0,2.74963855743,0.0
1973,9,25,9,0,0,3.33983278275,0.0
1973,9,26,9,0,0,2.68626832962,0.0
1973,9,27,9,0,0,0.968320012093,0.0
1973,9,28,9,0,0,2.913159132,0.0
1973,9,29,9,0,0,2.93409895897,0.0
1973,9,30,9,0,0,1.14193987846,0.0
1973,10,1,9,0,0,0.892383038998,14.1000003815
1973,10,2,9,0,0,2.0276324749,5.30000019073
1973,10,3,9,0,0,1.97802734375,8.0
1973,10,4,9,0,0,3.40974903107,0.0
1973,10,5,9,0,0,2.19757199287,0.0
1973,10,6,9,0,0,1.29684495926,3.40000009537
1973,10,7,9,0,0,1.5836482048,0.0
1973,10,8,9,0,0,3.08451914787,0.0
1973,10,9,9,0,0,3.11835503578,0.0
1973,10,10,9,0,0,1.7147616148,0.0
1973,10,11,9,0,0,1.15161025524,0.0
1973,10,12,9,0,0,1.74525594711,0.0
1973,10,13,9,0,0,1.56506240368,6.59999990463
1973,10,14,9,0,0,0.826976001263,0.0
1973,10,15,9,0,0,1.527754426,5.30000019073
1973,10,16,9,0,0,2.63452339172,2.79999995232
1973,10,17,9,0,0,3.50254011154,0.0
1973,10,18,9,0,0,1.02583479881,0.0
1973,10,19,9,0,0,2.81352686882,0.0
1973,10,20,9,0,0,2.73300909996,2.5
1973,10,21,9,0,0,2.03024935722,13.1999998093
1973,10,22,9,0,0,1.29440140724,16.0
1973,10,23,9,0,0,3.1304101944,13.1000003815
1973,10,24,9,0,0,3.57873129845,0.0
1973,10,25,9,0,0,4.563393116,0.0
1973,10,26,9,0,0,4.57238006592,0.0
1973,10,27,9,0,0,4.91070795059,0.0
1973,10,28,9,0,0,4.81333732605,0.0
1973,10,29,9,0,0,3.2863137722,0.0
1973,10,30,9,0,0,3.46954226494,4.5
1973,10,31,9,0,0,1.26915180683,30.8999996185
1973,11,1,9,0,0,3.12172007561,2.5
1973,11,2,9,0,0,2.41985034943,20.7000007629
1973,11,3,9,0,0,1.67985022068,36.4000015259
1973,11,4,9,0,0,4.88215970993,7.19999980927
1973,11,5,9,0,0,1.45833623409,9.39999961853
1973,11,6,9,0,0,2.14122772217,13.3000001907
1973,11,7,9,0,0,1.23680663109,3.20000004768
1973,11,8,9,0,0,3.07670331001,6.0
1973,11,9,9,0,0,5.56106090546,0.0
1973,11,10,9,0,0,3.72956585884,0.0
1973,11,11,9,0,0,1.64417254925,2.29999995232
1973,11,12,9,0,0,2.18154549599,35.7000007629
1973,11,13,9,0,0,4.71270227432,0.0
1973,11,14,9,0,0,2.89234852791,19.3999996185
1973,11,15,9,0,0,3.34649467468,2.29999995232
1973,11,16,9,0,0,3.37368535995,2.59999990463
1973,11,17,9,0,0,2.79357290268,10.8999996185
1973,11,18,9,0,0,3.92979884148,6.19999980927
1973,11,19,9,0,0,4.45040941238,4.30000019073
1973,11,20,9,0,0,4.38572216034,52.0999984741
1973,11,21,9,0,0,1.38093495369,11.0
1973,11,22,9,0,0,4.123503685,0.0
1973,11,23,9,0,0,3.84572148323,14.5
1973,11,24,9,0,0,3.7425968647,2.79999995232
1973,11,25,9,0,0,4.59359121323,0.0
1973,11,26,9,0,0,5.33697462082,0.0
1973,11,27,9,0,0,1.9406594038,0.0
1973,11,28,9,0,0,4.64964914322,0.0
1973,11,29,9,0,0,4.57697343826,0.0
1973,11,30,9,0,0,1.66259896755,27.1000003815
1973,12,1,9,0,0,3.45528793335,0.0
1973,12,2,9,0,0,6.1527428627,0.0
1973,12,3,9,0,0,4.80017709732,0.0
1973,12,4,9,0,0,2.22151589394,0.0
1973,12,5,9,0,0,1.65253245831,0.0
1973,12,6,9,0,0,3.66249585152,0.0
1973,12,7,9,0,0,4.02975320816,0.0
1973,12,8,9,0,0,4.56187152863,0.0
1973,12,9,9,0,0,6.1090388298,0.0
1973,12,10,9,0,0,4.87626409531,0.0
1973,12,11,9,0,0,7.5956902504,0.0
1973,12,12,9,0,0,3.91793584824,0.0
1973,12,13,9,0,0,5.76044940948,0.0
1973,12,14,9,0,0,6.8068113327,0.0
1973,12,15,9,0,0,6.69209384918,0.0
1973,12,16,9,0,0,6.16138982773,0.0
1973,12,17,9,0,0,4.27536392212,16.7000007629
1973,12,18,9,0,0,1.54509460926,24.8999996185
1973,12,19,9,0,0,5.33985042572,0.0
1973,12,20,9,0,0,5.52338838577,4.40000009537
1973,12,21,9,0,0,5.92928361893,0.0
1973,12,22,9,0,0,5.71447324753,0.0
1973,12,23,9,0,0,4.92527770996,0.0
1973,12,24,9,0,0,2.40389943123,25.1000003815
1973,12,25,9,0,0,6.28653240204,2.59999990463
1973,12,26,9,0,0,3.68712711334,3.20000004768
1973,12,27,9,0,0,4.70761919022,4.59999990463
1973,12,28,9,0,0,3.91908836365,0.0
1973,12,29,9,0,0,5.40684556961,0.0
1973,12,30,9,0,0,2.07784366608,5.40000009537
1973,12,31,9,0,0,1.46635520458,26.3999996185
1974,1,1,9,0,0,1.56343257427,10.0
1974,1,2,9,0,0,3.97175741196,0.0
1974,1,3,9,0,0,4.89357614517,0.0
1974,1,4,9,0,0,6.04852151871,0.0
1974,1,5,9,0,0,4.54942798615,0.0
1974,1,6,9,0,0,1.67948353291,2.20000004768
1974,1,7,9,0,0,3.48308324814,30.7999992371
1974,1,8,9,0,0,4.35622930527,5.90000009537
1974,1,9,9,0,0,5.09488248825,0.0
1974,1,10,9,0,0,6.06141233444,0.0
1974,1,11,9,0,0,4.29156017303,0.0
1974,1,12,9,0,0,6.09099197388,0.0
1974,1,13,9,0,0,6.28297233582,0.0
1974,1,14,9,0,0,3.39565491676,0.0
1974,1,15,9,0,0,3.48575592041,0.0
1974,1,16,9,0,0,3.17609596252,6.0
1974,1,17,9,0,0,6.19888019562,0.0
1974,1,18,9,0,0,2.16284775734,0.0
1974,1,19,9,0,0,6.44761037827,0.0
1974,1,20,9,0,0,4.93615627289,0.0
1974,1,21,9,0,0,4.89162540436,0.0
1974,1,22,9,0,0,5.38482522964,0.0
1974,1,23,9,0,0,6.03933382034,2.20000004768
1974,1,24,9,0,0,4.84068870544,0.0
1974,1,25,9,0,0,5.70084381104,0.0
1974,1,26,9,0,0,5.29731845856,0.0
1974,1,27,9,0,0,5.0732126236,0.0
1974,1,28,9,0,0,4.6683216095,0.0
1974,1,29,9,0,0,3.8676879406,0.0
1974,1,30,9,0,0,3.72433996201,0.0
1974,1,31,9,0,0,5.58584690094,0.0
1974,2,1,9,0,0,4.00115013123,0.0
1974,2,2,9,0,0,4.03137683868,23.1000003815
1974,2,3,9,0,0,1.93083155155,16.7000007629
1974,2,4,9,0,0,2.7702524662,33.5
1974,2,5,9,0,0,5.8922419548,0.0
1974,2,6,9,0,0,3.26795482635,0.0
1974,2,7,9,0,0,4.46045827866,0.0
1974,2,8,9,0,0,4.29777669907,5.19999980927
1974,2,9,9,0,0,2.90041041374,0.0
1974,2,10,9,0,0,5.57357883453,0.0
1974,2,11,9,0,0,3.19580364227,0.0
1974,2,12,9,0,0,3.01837778091,0.0
1974,2,13,9,0,0,1.92156612873,4.59999990463
1974,2,14,9,0,0,0.718637168407,16.6000003815
1974,2,15,9,0,0,1.65548467636,47.7999992371
1974,2,16,9,0,0,2.90367341042,3.29999995232
1974,2,17,9,0,0,5.44244527817,0.0
1974,2,18,9,0,0,4.46548509598,0.0
1974,2,19,9,0,0,4.62839841843,0.0
1974,2,20,9,0,0,4.16698884964,0.0
1974,2,21,9,0,0,2.96479606628,2.29999995232
1974,2,22,9,0,0,2.20625066757,17.2000007629
1974,2,23,9,0,0,2.4719748497,8.69999980927
1974,2,24,9,0,0,4.82108545303,0.0
1974,2,25,9,0,0,4.90984869003,0.0
1974,2,26,9,0,0,5.60058355331,0.0
1974,2,27,9,0,0,5.14789199829,0.0
1974,2,28,9,0,0,2.74898719788,6.69999980927
1974,3,1,9,0,0,4.66407203674,0.0
1974,3,2,9,0,0,1.24136698246,17.1000003815
1974,3,3,9,0,0,4.1265630722,0.0
1974,3,4,9,0,0,1.18148553371,5.40000009537
1974,3,5,9,0,0,3.7774848938,0.0
1974,3,6,9,0,0,3.00874352455,0.0
1974,3,7,9,0,0,2.07790923119,5.80000019073
1974,3,8,9,0,0,3.50301480293,0.0
1974,3,9,9,0,0,3.5863275528,0.0
1974,3,10,9,0,0,2.73939967155,0.0
1974,3,11,9,0,0,4.73274040222,0.0
1974,3,12,9,0,0,3.58508682251,0.0
1974,3,13,9,0,0,2.96744537354,0.0
1974,3,14,9,0,0,3.38763785362,8.19999980927
1974,3,15,9,0,0,1.15634906292,10.1999998093
1974,3,16,9,0,0,2.48763585091,13.8000001907
1974,3,17,9,0,0,1.51206493378,5.09999990463
1974,3,18,9,0,0,4.46850967407,0.0
1974,3,19,9,0,0,4.19086790085,0.0
1974,3,20,9,0,0,3.62082743645,0.0
1974,3,21,9,0,0,2.80668759346,0.0
1974,3,22,9,0,0,3.46428227425,0.0
1974,3,23,9,0,0,3.44853830338,0.0
1974,3,24,9,0,0,3.57138895988,0.0
1974,3,25,9,0,0,2.96317791939,0.0
1974,3,26,9,0,0,4.0795340538,0.0
1974,3,27,9,0,0,3.04051828384,0.0
1974,3,28,9,0,0,3.52920675278,0.0
1974,3,29,9,0,0,3.28699231148,0.0
1974,3,30,9,0,0,3.18535113335,0.0
1974,3,31,9,0,0,2.72451210022,0.0
1974,4,1,9,0,0,1.83775115013,0.0
1974,4,2,9,0,0,0.905812680721,5.80000019073
1974,4,3,9,0,0,0.965850532055,80.3000030518
1974,4,4,9,0,0,1.01347148418,48.0
1974,4,5,9,0,0,0.923504590988,60.4000015259
1974,4,6,9,0,0,1.05561757088,26.8999996185
1974,4,7,9,0,0,0.786675512791,11.8999996185
1974,4,8,9,0,0,1.234416008,28.3999996185
1974,4,9,9,0,0,2.23397088051,0.0
1974,4,10,9,0,0,2.80270886421,0.0
1974,4,11,9,0,0,2.70181703568,0.0
1974,4,12,9,0,0,2.50598835945,0.0
1974,4,13,9,0,0,1.31930506229,40.5
1974,4,14,9,0,0,1.08488726616,39.2000007629
1974,4,15,9,0,0,1.52559661865,26.1000003815
1974,4,16,9,0,0,0.792785227299,21.1000003815
1974,4,17,9,0,0,1.55886352062,0.0
1974,4,18,9,0,0,2.3634314537,0.0
1974,4,19,9,0,0,2.33796858788,7.0
1974,4,20,9,0,0,2.56616687775,0.0
1974,4,21,9,0,0,1.83076620102,0.0
1974,4,22,9,0,0,1.66262102127,0.0
1974,4,23,9,0,0,2.68363928795,0.0
1974,4,24,9,0,0,2.08179759979,0.0
1974,4,25,9,0,0,2.09507012367,4.69999980927
1974,4,26,9,0,0,2.44953632355,0.0
1974,4,27,9,0,0,2.20687270164,0.0
1974,4,28,9,0,0,2.10737323761,0.0
1974,4,29,9,0,0,2.23341464996,0.0
1974,4,30,9,0,0,1.42010509968,0.0
1974,5,1,9,0,0,1.22623634338,0.0
1974,5,2,9,0,0,1.42183232307,0.0
1974,5,3,9,0,0,2.40536236763,0.0
1974,5,4,9,0,0,1.96751189232,0.0
1974,5,5,9,0,0,1.27558982372,0.0
1974,5,6,9,0,0,1.46350157261,2.5
1974,5,7,9,0,0,0.943228423595,17.7000007629
1974,5,8,9,0,0,1.4041249752,0.0
1974,5,9,9,0,0,1.36275792122,2.29999995232
1974,5,10,9,0,0,1.29927897453,0.0
1974,5,11,9,0,0,0.589708089828,0.0
1974,5,12,9,0,0,1.03499448299,11.1000003815
1974,5,13,9,0,0,0.784210145473,7.80000019073
1974,5,14,9,0,0,1.27881836891,0.0
1974,5,15,9,0,0,0.995576024055,0.0
1974,5,16,9,0,0,1.73706257343,0.0
1974,5,17,9,0,0,1.21696662903,0.0
1974,5,18,9,0,0,0.646862030029,2.79999995232
1974,5,19,9,0,0,0.779377996922,2.20000004768
1974,5,20,9,0,0,0.582873761654,0.0
1974,5,21,9,0,0,1.18602442741,0.0
1974,5,22,9,0,0,1.06255114079,5.30000019073
1974,5,23,9,0,0,0.829647183418,9.39999961853
1974,5,24,9,0,0,0.88666754961,23.7000007629
1974,5,25,9,0,0,1.28357625008,3.09999990463
1974,5,26,9,0,0,0.961959242821,0.0
1974,5,27,9,0,0,0.56539607048,10.0
1974,5,28,9,0,0,0.64710187912,17.6000003815
1974,5,29,9,0,0,0.707564651966,20.1000003815
1974,5,30,9,0,0,1.54529869556,0.0
1974,5,31,9,0,0,1.10953855515,0.0
1974,6,1,9,0,0,0.881216228008,0.0
1974,6,2,9,0,0,0.979858219624,0.0
1974,6,3,9,0,0,1.13933479786,0.0
1974,6,4,9,0,0,1.15906023979,0.0
1974,6,5,9,0,0,0.991428732872,0.0
1974,6,6,9,0,0,1.04448187351,0.0
1974,6,7,9,0,0,0.682231605053,0.0
1974,6,8,9,0,0,0.638593196869,0.0
1974,6,9,9,0,0,1.1817599535,0.0
1974,6,10,9,0,0,0.43438705802,0.0
1974,6,11,9,0,0,0.712887465954,0.0
1974,6,12,9,0,0,1.14936053753,0.0
1974,6,13,9,0,0,1.50574457645,0.0
1974,6,14,9,0,0,0.423043847084,3.70000004768
1974,6,15,9,0,0,0.851494431496,0.0
1974,6,16,9,0,0,0.712354838848,0.0
1974,6,17,9,0,0,1.10966670513,0.0
1974,6,18,9,0,0,1.03183674812,0.0
1974,6,19,9,0,0,1.07933163643,0.0
1974,6,20,9,0,0,0.901688456535,0.0
1974,6,21,9,0,0,0.448223024607,18.5
1974,6,22,9,0,0,0.791544795036,9.10000038147
1974,6,23,9,0,0,0.87981647253,11.3000001907
1974,6,24,9,0,0,1.10434353352,13.1000003815
1974,6,25,9,0,0,0.673947155476,4.90000009537
1974,6,26,9,0,0,0.489221572876,7.09999990463
1974,6,27,9,0,0,0.488750696182,10.5
1974,6,28,9,0,0,0.995181560516,0.0
1974,6,29,9,0,0,0.854560554028,0.0
1974,6,30,9,0,0,0.533781707287,3.90000009537
1974,7,1,9,0,0,0.69730168581,15.8999996185
1974,7,2,9,0,0,0.536109626293,0.0
1974,7,3,9,0,0,0.79406529665,0.0
1974,7,4,9,0,0,1.22218954563,0.0
1974,7,5,9,0,0,1.30786108971,0.0
1974,7,6,9,0,0,1.09579336643,0.0
1974,7,7,9,0,0,0.569887340069,0.0
1974,7,8,9,0,0,1.25364744663,12.0
1974,7,9,9,0,0,0.529629647732,19.7999992371
1974,7,10,9,0,0,0.538546979427,6.59999990463
1974,7,11,9,0,0,1.12169158459,3.70000004768
1974,7,12,9,0,0,1.17670607567,6.69999980927
1974,7,13,9,0,0,0.772423923016,7.5
1974,7,14,9,0,0,0.982424020767,9.39999961853
1974,7,15,9,0,0,0.999793291092,2.5
1974,7,16,9,0,0,0.853097438812,0.0
1974,7,17,9,0,0,0.483312189579,5.5
1974,7,18,9,0,0,0.681307673454,28.8999996185
1974,7,19,9,0,0,0.655413925648,27.2000007629
1974,7,20,9,0,0,0.574071109295,22.1000003815
1974,7,21,9,0,0,0.575654566288,26.0
1974,7,22,9,0,0,0.72300863266,19.2000007629
1974,7,23,9,0,0,0.928504288197,7.09999990463
1974,7,24,9,0,0,0.659239768982,17.3999996185
1974,7,25,9,0,0,1.27732121944,0.0
1974,7,26,9,0,0,1.30329585075,3.79999995232
1974,7,27,9,0,0,0.333383351564,7.40000009537
1974,7,28,9,0,0,0.363505035639,26.3999996185
1974,7,29,9,0,0,0.630950689316,3.59999990463
1974,7,30,9,0,0,0.779576599598,0.0
1974,7,31,9,0,0,1.31748223305,0.0
1974,8,1,9,0,0,0.808042705059,2.5
1974,8,2,9,0,0,0.958052694798,12.3000001907
1974,8,3,9,0,0,1.16630661488,2.29999995232
1974,8,4,9,0,0,1.33300483227,3.5
1974,8,5,9,0,0,0.627766788006,6.09999990463
1974,8,6,9,0,0,1.02738893032,0.0
1974,8,7,9,0,0,1.62502491474,0.0
1974,8,8,9,0,0,1.48229491711,0.0
1974,8,9,9,0,0,1.64416468143,0.0
1974,8,10,9,0,0,1.56012201309,0.0
1974,8,11,9,0,0,1.60527408123,0.0
1974,8,12,9,0,0,1.20617604256,0.0
1974,8,13,9,0,0,1.49986171722,0.0
1974,8,14,9,0,0,2.00509595871,0.0
1974,8,15,9,0,0,1.84650790691,0.0
1974,8,16,9,0,0,1.65637516975,0.0
1974,8,17,9,0,0,1.44305884838,4.0
1974,8,18,9,0,0,1.86605358124,0.0
1974,8,19,9,0,0,1.86748635769,0.0
1974,8,20,9,0,0,1.68679308891,0.0
1974,8,21,9,0,0,1.22377383709,8.5
1974,8,22,9,0,0,1.04737699032,3.0
1974,8,23,9,0,0,2.02008152008,0.0
1974,8,24,9,0,0,1.96938836575,0.0
1974,8,25,9,0,0,1.87276101112,0.0
1974,8,26,9,0,0,1.45412766933,3.29999995232
1974,8,27,9,0,0,1.33857131004,0.0
1974,8,28,9,0,0,1.802500844,0.0
1974,8,29,9,0,0,1.67851352692,0.0
1974,8,30,9,0,0,1.60673141479,0.0
1974,8,31,9,0,0,0.680938839912,0.0
1974,9,1,9,0,0,0.956026077271,10.6999998093
1974,9,2,9,0,0,1.05294942856,10.3000001907
1974,9,3,9,0,0,1.36576843262,0.0
1974,9,4,9,0,0,2.37128973007,0.0
1974,9,5,9,0,0,2.06141257286,0.0
1974,9,6,9,0,0,2.44103574753,0.0
1974,9,7,9,0,0,1.00974917412,2.70000004768
1974,9,8,9,0,0,1.33358585835,5.30000019073
1974,9,9,9,0,0,2.57278299332,0.0
1974,9,10,9,0,0,2.89213681221,0.0
1974,9,11,9,0,0,2.80902004242,0.0
1974,9,12,9,0,0,2.85226774216,0.0
1974,9,13,9,0,0,2.70514416695,0.0
1974,9,14,9,0,0,2.49306035042,0.0
1974,9,15,9,0,0,1.21669864655,7.80000019073
1974,9,16,9,0,0,1.21380925179,11.5
1974,9,17,9,0,0,2.08158588409,0.0
1974,9,18,9,0,0,1.12444293499,13.6000003815
1974,9,19,9,0,0,2.07907032967,0.0
1974,9,20,9,0,0,2.60390090942,0.0
1974,9,21,9,0,0,2.20743107796,0.0
1974,9,22,9,0,0,0.736531853676,4.09999990463
1974,9,23,9,0,0,2.2072865963,2.5
1974,9,24,9,0,0,2.53775858879,0.0
1974,9,25,9,0,0,1.98901700974,0.0
1974,9,26,9,0,0,1.9518853426,27.8999996185
1974,9,27,9,0,0,1.79239118099,8.5
1974,9,28,9,0,0,3.76267695427,0.0
1974,9,29,9,0,0,3.09122204781,0.0
1974,9,30,9,0,0,2.54499769211,0.0
1974,10,1,9,0,0,2.63623547554,0.0
1974,10,2,9,0,0,3.31470799446,0.0
1974,10,3,9,0,0,2.35012817383,0.0
1974,10,4,9,0,0,3.58733963966,0.0
1974,10,5,9,0,0,3.50344491005,0.0
1974,10,6,9,0,0,2.13687872887,2.5
1974,10,7,9,0,0,0.819063723087,12.5
1974,10,8,9,0,0,0.923312425613,59.2999992371
1974,10,9,9,0,0,1.17917132378,10.0
1974,10,10,9,0,0,1.51713418961,11.6000003815
1974,10,11,9,0,0,2.24231648445,2.5
1974,10,12,9,0,0,2.56821346283,0.0
1974,10,13,9,0,0,3.22770428658,0.0
1974,10,14,9,0,0,3.85090351105,0.0
1974,10,15,9,0,0,3.54149103165,0.0
1974,10,16,9,0,0,4.44013357162,0.0
1974,10,17,9,0,0,3.86043691635,0.0
1974,10,18,9,0,0,4.03984594345,0.0
1974,10,19,9,0,0,1.74979686737,3.5
1974,10,20,9,0,0,2.10994791985,11.5
1974,10,21,9,0,0,4.09346294403,4.19999980927
1974,10,22,9,0,0,3.56589698792,0.0
1974,10,23,9,0,0,4.16489076614,0.0
1974,10,24,9,0,0,3.76124978065,0.0
1974,10,25,9,0,0,3.90955615044,0.0
1974,10,26,9,0,0,1.46766984463,25.0
1974,10,27,9,0,0,1.2488874197,10.3999996185
1974,10,28,9,0,0,3.87302088737,4.09999990463
1974,10,29,9,0,0,3.12624645233,2.5
1974,10,30,9,0,0,5.07957315445,0.0
1974,10,31,9,0,0,4.18885087967,0.0
1974,11,1,9,0,0,3.56832695007,0.0
1974,11,2,9,0,0,3.83213448524,0.0
1974,11,3,9,0,0,4.31047773361,0.0
1974,11,4,9,0,0,4.83382844925,0.0
1974,11,5,9,0,0,3.91197562218,0.0
1974,11,6,9,0,0,5.80455350876,0.0
1974,11,7,9,0,0,2.98827433586,7.90000009537
1974,11,8,9,0,0,2.78020691872,26.8999996185
1974,11,9,9,0,0,1.32045185566,23.7999992371
1974,11,10,9,0,0,2.45077395439,9.10000038147
1974,11,11,9,0,0,0.819741249084,0.0
1974,11,12,9,0,0,3.22152757645,3.20000004768
1974,11,13,9,0,0,2.75372290611,4.80000019073
1974,11,14,9,0,0,1.39236438274,52.7999992371
1974,11,15,9,0,0,1.68653333187,9.39999961853
1974,11,16,9,0,0,4.26018381119,0.0
1974,11,17,9,0,0,4.15961790085,0.0
1974,11,18,9,0,0,5.08763408661,0.0
1974,11,19,9,0,0,4.3039393425,0.0
1974,11,20,9,0,0,5.02316474915,0.0
1974,11,21,9,0,0,3.93262839317,0.0
1974,11,22,9,0,0,5.66533565521,0.0
1974,11,23,9,0,0,4.22742509842,0.0
1974,11,24,9,0,0,5.3780298233,0.0
1974,11,25,9,0,0,5.97677183151,0.0
1974,11,26,9,0,0,5.78930473328,0.0
1974,11,27,9,0,0,4.65575408936,0.0
1974,11,28,9,0,0,5.5225186348,0.0
1974,11,29,9,0,0,3.66715931892,0.0
1974,11,30,9,0,0,1.67088770866,2.0
1974,12,1,9,0,0,4.63594722748,0.0
1974,12,2,9,0,0,2.73589324951,0.0
1974,12,3,9,0,0,5.9073343277,0.0
1974,12,4,9,0,0,5.82337284088,10.1999998093
1974,12,5,9,0,0,2.64623022079,16.3999996185
1974,12,6,9,0,0,3.016933918,6.19999980927
1974,12,7,9,0,0,3.39423727989,9.0
1974,12,8,9,0,0,3.50921392441,14.8999996185
1974,12,9,9,0,0,2.57924795151,6.40000009537
1974,12,10,9,0,0,6.087495327,2.0
1974,12,11,9,0,0,5.19225883484,0.0
1974,12,12,9,0,0,4.81227111816,0.0
1974,12,13,9,0,0,3.02489614487,2.5
1974,12,14,9,0,0,2.42907595634,0.0
1974,12,15,9,0,0,5.71660280228,0.0
1974,12,16,9,0,0,4.76177740097,0.0
1974,12,17,9,0,0,4.02061414719,0.0
1974,12,18,9,0,0,3.57346725464,0.0
1974,12,19,9,0,0,5.48880624771,0.0
1974,12,20,9,0,0,2.89876508713,2.09999990463
1974,12,21,9,0,0,3.42866134644,0.0
1974,12,22,9,0,0,7.13687562943,0.0
1974,12,23,9,0,0,5.87325143814,0.0
1974,12,24,9,0,0,6.28050613403,0.0
1974,12,25,9,0,0,6.49823856354,0.0
1974,12,26,9,0,0,4.94952869415,0.0
1974,12,27,9,0,0,3.39580631256,0.0
1974,12,28,9,0,0,5.38367509842,0.0
1974,12,29,9,0,0,6.41857099533,0.0
1974,12,30,9,0,0,5.8598151207,0.0
1974,12,31,9,0,0,2.00772380829,8.10000038147
1975,1,1,9,0,0,5.6761431694,0.0
1975,1,2,9,0,0,5.89839887619,0.0
1975,1,3,9,0,0,6.45308542252,0.0
1975,1,4,9,0,0,5.9876127243,0.0
1975,1,5,9,0,0,5.00429916382,0.0
1975,1,6,9,0,0,6.56170463562,0.0
1975,1,7,9,0,0,5.66100978851,0.0
1975,1,8,9,0,0,4.41856956482,2.29999995232
1975,1,9,9,0,0,4.02152776718,8.30000019073
1975,1,10,9,0,0,5.76146697998,27.0
1975,1,11,9,0,0,5.62364387512,0.0
1975,1,12,9,0,0,5.60762739182,0.0
1975,1,13,9,0,0,5.98463630676,0.0
1975,1,14,9,0,0,3.06146264076,8.0
1975,1,15,9,0,0,4.52036952972,0.0
1975,1,16,9,0,0,3.99127793312,4.0
1975,1,17,9,0,0,4.25805521011,0.0
1975,1,18,9,0,0,6.00984954834,0.0
1975,1,19,9,0,0,2.84963655472,12.5
1975,1,20,9,0,0,3.09056711197,2.70000004768
1975,1,21,9,0,0,3.04417514801,5.5
1975,1,22,9,0,0,4.27454090118,2.40000009537
1975,1,23,9,0,0,4.4494342804,4.5
1975,1,24,9,0,0,3.6137046814,0.0
1975,1,25,9,0,0,5.81980705261,0.0
1975,1,26,9,0,0,3.76913881302,14.0
1975,1,27,9,0,0,5.2903046608,0.0
1975,1,28,9,0,0,2.95032978058,10.0
1975,1,29,9,0,0,3.68523716927,0.0
1975,1,30,9,0,0,4.54034614563,7.80000019073
1975,1,31,9,0,0,5.13830804825,0.0
1975,2,1,9,0,0,4.59164476395,0.0
1975,2,2,9,0,0,4.39583587646,0.0
1975,2,3,9,0,0,3.8177511692,2.0
1975,2,4,9,0,0,3.15101385117,5.80000019073
1975,2,5,9,0,0,4.0600733757,2.29999995232
1975,2,6,9,0,0,1.01855933666,5.69999980927
1975,2,7,9,0,0,3.62646245956,0.0
1975,2,8,9,0,0,4.07572317123,0.0
1975,2,9,9,0,0,4.04253196716,0.0
1975,2,10,9,0,0,2.22361755371,0.0
1975,2,11,9,0,0,2.15120482445,0.0
1975,2,12,9,0,0,4.99427461624,0.0
1975,2,13,9,0,0,4.31813335419,7.09999990463
1975,2,14,9,0,0,1.77543461323,28.3999996185
1975,2,15,9,0,0,2.86942005157,0.0
1975,2,16,9,0,0,1.19792222977,11.1000003815
1975,2,17,9,0,0,3.3192691803,8.5
1975,2,18,9,0,0,4.14838218689,0.0
1975,2,19,9,0,0,4.75074338913,0.0
1975,2,20,9,0,0,3.79467153549,0.0
1975,2,21,9,0,0,2.75898098946,5.69999980927
1975,2,22,9,0,0,1.43001365662,10.3000001907
1975,2,23,9,0,0,1.33635926247,2.59999990463
1975,2,24,9,0,0,1.11096537113,3.20000004768
1975,2,25,9,0,0,2.57955765724,0.0
1975,2,26,9,0,0,4.4430565834,0.0
1975,2,27,9,0,0,2.15930509567,8.10000038147
1975,2,28,9,0,0,2.42901611328,3.09999990463
1975,3,1,9,0,0,3.57353949547,0.0
1975,3,2,9,0,0,3.81609392166,0.0
1975,3,3,9,0,0,3.6407828331,0.0
1975,3,4,9,0,0,0.690824985504,12.3999996185
1975,3,5,9,0,0,1.39769458771,3.79999995232
1975,3,6,9,0,0,3.98295283318,0.0
1975,3,7,9,0,0,2.99616003036,0.0
1975,3,8,9,0,0,2.54462099075,0.0
1975,3,9,9,0,0,3.15968632698,0.0
1975,3,10,9,0,0,3.19586634636,0.0
1975,3,11,9,0,0,2.21929645538,0.0
1975,3,12,9,0,0,2.49070739746,0.0
1975,3,13,9,0,0,2.01426768303,45.5999984741
1975,3,14,9,0,0,1.79867017269,10.1000003815
1975,3,15,9,0,0,2.28597331047,0.0
1975,3,16,9,0,0,2.5041873455,5.69999980927
1975,3,17,9,0,0,2.04311275482,5.30000019073
1975,3,18,9,0,0,3.06012392044,0.0
1975,3,19,9,0,0,3.10659909248,0.0
1975,3,20,9,0,0,2.02117156982,0.0
1975,3,21,9,0,0,1.96443736553,0.0
1975,3,22,9,0,0,1.82903814316,0.0
1975,3,23,9,0,0,2.13024783134,9.60000038147
1975,3,24,9,0,0,1.23314249516,0.0
1975,3,25,9,0,0,2.09566426277,4.5
1975,3,26,9,0,0,1.96045589447,4.0
1975,3,27,9,0,0,2.80174231529,0.0
1975,3,28,9,0,0,2.2579331398,0.0
1975,3,29,9,0,0,0.976599872112,11.8000001907
1975,3,30,9,0,0,2.1204252243,45.0
1975,3,31,9,0,0,2.37661719322,4.80000019073
1975,4,1,9,0,0,0.762138366699,109.0
1975,4,2,9,0,0,1.61633634567,12.3000001907
1975,4,3,9,0,0,1.32891607285,8.5
1975,4,4,9,0,0,1.99776506424,0.0
1975,4,5,9,0,0,1.86376786232,0.0
1975,4,6,9,0,0,0.997572302818,0.0
1975,4,7,9,0,0,1.00773179531,24.0
1975,4,8,9,0,0,1.28845000267,0.0
1975,4,9,9,0,0,2.05013608932,0.0
1975,4,10,9,0,0,1.9519110918,0.0
1975,4,11,9,0,0,0.853668987751,0.0
1975,4,12,9,0,0,2.21535348892,0.0
1975,4,13,9,0,0,2.13090157509,0.0
1975,4,14,9,0,0,2.16063308716,0.0
1975,4,15,9,0,0,2.1871638298,0.0
1975,4,16,9,0,0,1.23105609417,0.0
1975,4,17,9,0,0,2.03739094734,0.0
1975,4,18,9,0,0,1.55089735985,0.0
1975,4,19,9,0,0,1.92654311657,0.0
1975,4,20,9,0,0,1.34133040905,2.59999990463
1975,4,21,9,0,0,0.60903275013,27.7999992371
1975,4,22,9,0,0,0.643490552902,14.5
1975,4,23,9,0,0,0.917938768864,4.30000019073
1975,4,24,9,0,0,2.26637625694,0.0
1975,4,25,9,0,0,1.13354790211,8.69999980927
1975,4,26,9,0,0,1.98264324665,0.0
1975,4,27,9,0,0,1.31289541721,6.90000009537
1975,4,28,9,0,0,0.808339715004,5.69999980927
1975,4,29,9,0,0,0.700615644455,5.5
1975,4,30,9,0,0,2.20122861862,0.0
1975,5,1,9,0,0,1.31849575043,11.0
1975,5,2,9,0,0,1.17355155945,11.5
1975,5,3,9,0,0,0.563332080841,18.5
1975,5,4,9,0,0,1.69562125206,0.0
1975,5,5,9,0,0,1.07483208179,3.40000009537
1975,5,6,9,0,0,0.63652575016,3.5
1975,5,7,9,0,0,1.4476647377,0.0
1975,5,8,9,0,0,0.989237010479,0.0
1975,5,9,9,0,0,0.927141785622,0.0
1975,5,10,9,0,0,0.996720731258,0.0
1975,5,11,9,0,0,1.19383454323,0.0
1975,5,12,9,0,0,1.00027179718,0.0
1975,5,13,9,0,0,0.844879746437,3.40000009537
1975,5,14,9,0,0,1.2792121172,8.5
1975,5,15,9,0,0,0.673362016678,32.5
1975,5,16,9,0,0,1.06047093868,0.0
1975,5,17,9,0,0,0.532968401909,33.4000015259
1975,5,18,9,0,0,0.659642577171,33.5
1975,5,19,9,0,0,0.799785077572,12.6999998093
1975,5,20,9,0,0,0.516306817532,15.1000003815
1975,5,21,9,0,0,0.456311583519,30.2000007629
1975,5,22,9,0,0,0.893968999386,18.8999996185
1975,5,23,9,0,0,0.709906041622,31.7999992371
1975,5,24,9,0,0,0.807953357697,13.1000003815
1975,5,25,9,0,0,0.614757478237,6.69999980927
1975,5,26,9,0,0,0.755972445011,2.5
1975,5,27,9,0,0,0.564506173134,0.0
1975,5,28,9,0,0,1.21407425404,0.0
1975,5,29,9,0,0,1.28729975224,0.0
1975,5,30,9,0,0,1.22272694111,0.0
1975,5,31,9,0,0,0.560680150986,0.0
1975,6,1,9,0,0,0.635543048382,0.0
1975,6,2,9,0,0,0.432686328888,0.0
1975,6,3,9,0,0,1.1421380043,0.0
1975,6,4,9,0,0,0.364507466555,3.20000004768
1975,6,5,9,0,0,0.5213534832,39.9000015259
1975,6,6,9,0,0,0.423408985138,59.0999984741
1975,6,7,9,0,0,0.956139802933,0.0
1975,6,8,9,0,0,1.20538413525,0.0
1975,6,9,9,0,0,0.514247477055,0.0
1975,6,10,9,0,0,0.847139656544,0.0
1975,6,11,9,0,0,0.800093650818,0.0
1975,6,12,9,0,0,0.525021374226,0.0
1975,6,13,9,0,0,0.368999540806,32.4000015259
1975,6,14,9,0,0,0.566683351994,6.69999980927
1975,6,15,9,0,0,1.1668330431,0.0
1975,6,16,9,0,0,1.37568867207,0.0
1975,6,17,9,0,0,0.955714583397,0.0
1975,6,18,9,0,0,0.666353404522,2.20000004768
1975,6,19,9,0,0,0.792059779167,0.0
1975,6,20,9,0,0,0.657010138035,13.1000003815
1975,6,21,9,0,0,0.736913859844,3.0
1975,6,22,9,0,0,0.569406270981,0.0
1975,6,23,9,0,0,0.922421872616,0.0
1975,6,24,9,0,0,0.691482424736,0.0
1975,6,25,9,0,0,1.0226868391,0.0
1975,6,26,9,0,0,0.839018523693,0.0
1975,6,27,9,0,0,0.999097168446,0.0
1975,6,28,9,0,0,0.604853987694,0.0
1975,6,29,9,0,0,0.647815823555,0.0
1975,6,30,9,0,0,0.74490326643,0.0
1975,7,1,9,0,0,0.479147553444,20.1000003815
1975,7,2,9,0,0,0.575880885124,8.80000019073
1975,7,3,9,0,0,0.390834569931,16.1000003815
1975,7,4,9,0,0,1.11374819279,0.0
1975,7,5,9,0,0,1.03216958046,0.0
1975,7,6,9,0,0,0.980012893677,0.0
1975,7,7,9,0,0,0.911436498165,0.0
1975,7,8,9,0,0,0.583200275898,2.0
1975,7,9,9,0,0,0.456250190735,11.1000003815
1975,7,10,9,0,0,0.543992877007,5.19999980927
1975,7,11,9,0,0,0.814433336258,0.0
1975,7,12,9,0,0,1.14439606667,0.0
1975,7,13,9,0,0,0.435782819986,7.69999980927
1975,7,14,9,0,0,0.446815907955,48.7999992371
1975,7,15,9,0,0,0.871136784554,18.8999996185
1975,7,16,9,0,0,0.624469935894,24.7000007629
1975,7,17,9,0,0,1.03586673737,0.0
1975,7,18,9,0,0,0.940550863743,2.29999995232
1975,7,19,9,0,0,0.613451957703,2.90000009537
1975,7,20,9,0,0,0.953836739063,0.0
1975,7,21,9,0,0,1.23921406269,0.0
1975,7,22,9,0,0,1.25808012486,0.0
1975,7,23,9,0,0,1.05166924,0.0
1975,7,24,9,0,0,0.864838957787,0.0
1975,7,25,9,0,0,0.576677203178,15.1000003815
1975,7,26,9,0,0,0.688735544682,12.3000001907
1975,7,27,9,0,0,0.774767577648,7.19999980927
1975,7,28,9,0,0,0.523989915848,2.70000004768
1975,7,29,9,0,0,0.413046747446,29.8999996185
1975,7,30,9,0,0,1.28975200653,0.0
1975,7,31,9,0,0,0.884889066219,6.80000019073
1975,8,1,9,0,0,0.929368913174,26.1000003815
1975,8,2,9,0,0,1.02464568615,2.5
1975,8,3,9,0,0,0.592326760292,2.0
1975,8,4,9,0,0,0.972748279572,0.0
1975,8,5,9,0,0,0.853835403919,0.0
1975,8,6,9,0,0,0.53213262558,14.5
1975,8,7,9,0,0,1.35275399685,2.90000009537
1975,8,8,9,0,0,1.50488054752,0.0
1975,8,9,9,0,0,1.35191118717,0.0
1975,8,10,9,0,0,1.3245716095,0.0
1975,8,11,9,0,0,0.747787773609,0.0
1975,8,12,9,0,0,0.766052186489,0.0
1975,8,13,9,0,0,0.735608756542,2.20000004768
1975,8,14,9,0,0,0.927043259144,0.0
1975,8,15,9,0,0,1.42823266983,0.0
1975,8,16,9,0,0,1.75553250313,0.0
1975,8,17,9,0,0,1.73899590969,0.0
1975,8,18,9,0,0,0.7055747509,41.2999992371
1975,8,19,9,0,0,0.518230021,31.6000003815
1975,8,20,9,0,0,1.35834503174,0.0
1975,8,21,9,0,0,1.85640585423,0.0
1975,8,22,9,0,0,1.00833189487,0.0
1975,8,23,9,0,0,1.1806101799,5.59999990463
1975,8,24,9,0,0,0.697914481163,8.5
1975,8,25,9,0,0,1.27639102936,10.8999996185
1975,8,26,9,0,0,0.809141933918,4.90000009537
1975,8,27,9,0,0,1.2946959734,16.7999992371
1975,8,28,9,0,0,0.608555555344,27.7000007629
1975,8,29,9,0,0,0.520400226116,21.8999996185
1975,8,30,9,0,0,0.900823831558,3.29999995232
1975,8,31,9,0,0,0.798950374126,0.0
1975,9,1,9,0,0,1.74496901035,0.0
1975,9,2,9,0,0,2.26550984383,0.0
1975,9,3,9,0,0,1.6863758564,0.0
1975,9,4,9,0,0,1.8465474844,5.19999980927
1975,9,5,9,0,0,1.63573455811,5.19999980927
1975,9,6,9,0,0,0.907471895218,7.5
1975,9,7,9,0,0,1.97513663769,3.40000009537
1975,9,8,9,0,0,1.78530454636,0.0
1975,9,9,9,0,0,1.56577694416,4.40000009537
1975,9,10,9,0,0,2.09526705742,4.09999990463
1975,9,11,9,0,0,0.809725224972,6.40000009537
1975,9,12,9,0,0,2.53950500488,0.0
1975,9,13,9,0,0,1.75487160683,0.0
1975,9,14,9,0,0,1.47411179543,0.0
1975,9,15,9,0,0,2.06290125847,0.0
1975,9,16,9,0,0,3.11899495125,0.0
1975,9,17,9,0,0,1.86845374107,0.0
1975,9,18,9,0,0,0.934414029121,0.0
1975,9,19,9,0,0,0.940281927586,26.1000003815
1975,9,20,9,0,0,1.44765472412,3.90000009537
1975,9,21,9,0,0,2.2327580452,4.5
1975,9,22,9,0,0,3.46228909492,4.69999980927
1975,9,23,9,0,0,1.19538199902,23.1000003815
1975,9,24,9,0,0,1.76733136177,23.7000007629
1975,9,25,9,0,0,2.10742926598,3.29999995232
1975,9,26,9,0,0,2.6327624321,0.0
1975,9,27,9,0,0,2.76280093193,0.0
1975,9,28,9,0,0,2.79772210121,0.0
1975,9,29,9,0,0,3.28745245934,0.0
1975,9,30,9,0,0,3.18073964119,0.0
1975,10,1,9,0,0,3.62196969986,0.0
1975,10,2,9,0,0,1.67123842239,2.29999995232
1975,10,3,9,0,0,1.43806600571,5.40000009537
1975,10,4,9,0,0,2.60552954674,0.0
1975,10,5,9,0,0,4.00500297546,0.0
1975,10,6,9,0,0,4.14848327637,0.0
1975,10,7,9,0,0,2.90948200226,0.0
1975,10,8,9,0,0,3.11019206047,0.0
1975,10,9,9,0,0,4.40371227264,0.0
1975,10,10,9,0,0,4.01163578033,0.0
1975,10,11,9,0,0,4.08316707611,0.0
1975,10,12,9,0,0,2.16823744774,5.80000019073
1975,10,13,9,0,0,0.855546176434,24.2000007629
1975,10,14,9,0,0,2.31920075417,8.5
1975,10,15,9,0,0,3.42372131348,3.5
1975,10,16,9,0,0,3.08087515831,0.0
1975,10,17,9,0,0,2.66488480568,0.0
1975,10,18,9,0,0,2.01240444183,10.1000003815
1975,10,19,9,0,0,2.3535592556,0.0
1975,10,20,9,0,0,4.19965744019,0.0
1975,10,21,9,0,0,2.00778961182,23.6000003815
1975,10,22,9,0,0,1.02047848701,20.1000003815
1975,10,23,9,0,0,3.07820224762,6.90000009537
1975,10,24,9,0,0,2.79308438301,2.0
1975,10,25,9,0,0,1.66242587566,24.1000003815
1975,10,26,9,0,0,2.0158598423,9.89999961853
1975,10,27,9,0,0,1.50790333748,3.40000009537
1975,10,28,9,0,0,3.68113350868,0.0
1975,10,29,9,0,0,3.41123342514,3.59999990463
1975,10,30,9,0,0,3.6999835968,2.20000004768
1975,10,31,9,0,0,3.9625556469,0.0
1975,11,1,9,0,0,2.90496659279,0.0
1975,11,2,9,0,0,1.54388701916,25.2999992371
1975,11,3,9,0,0,3.86615920067,0.0
1975,11,4,9,0,0,3.89667129517,0.0
1975,11,5,9,0,0,4.34535312653,0.0
1975,11,6,9,0,0,1.49333119392,17.1000003815
1975,11,7,9,0,0,1.90118360519,13.8000001907
1975,11,8,9,0,0,2.44086956978,13.5
1975,11,9,9,0,0,3.19379901886,0.0
1975,11,10,9,0,0,4.14814138412,0.0
1975,11,11,9,0,0,2.99170136452,0.0
1975,11,12,9,0,0,1.4917781353,2.0
1975,11,13,9,0,0,3.72192716599,0.0
1975,11,14,9,0,0,4.69137907028,0.0
1975,11,15,9,0,0,4.20273971558,0.0
1975,11,16,9,0,0,3.56375741959,4.30000019073
1975,11,17,9,0,0,3.55627179146,2.5
1975,11,18,9,0,0,2.86184692383,0.0
1975,11,19,9,0,0,2.67895627022,0.0
1975,11,20,9,0,0,4.04637765884,3.09999990463
1975,11,21,9,0,0,4.57180166245,0.0
1975,11,22,9,0,0,3.711414814,0.0
1975,11,23,9,0,0,4.70118045807,0.0
1975,11,24,9,0,0,4.92826843262,0.0
1975,11,25,9,0,0,5.32536220551,0.0
1975,11,26,9,0,0,1.29075169563,24.7999992371
1975,11,27,9,0,0,4.11603307724,0.0
1975,11,28,9,0,0,3.40571856499,0.0
1975,11,29,9,0,0,1.7930880785,3.90000009537
1975,11,30,9,0,0,4.84732913971,0.0
1975,12,1,9,0,0,5.3646364212,0.0
1975,12,2,9,0,0,3.71451830864,0.0
1975,12,3,9,0,0,4.6438293457,0.0
1975,12,4,9,0,0,3.17804694176,0.0
1975,12,5,9,0,0,2.45166325569,17.5
1975,12,6,9,0,0,4.22860145569,0.0
1975,12,7,9,0,0,4.96527385712,0.0
1975,12,8,9,0,0,4.9786067009,0.0
1975,12,9,9,0,0,4.64401769638,0.0
1975,12,10,9,0,0,2.05576896667,15.3999996185
1975,12,11,9,0,0,5.19212007523,4.40000009537
1975,12,12,9,0,0,3.33879160881,2.20000004768
1975,12,13,9,0,0,1.32733798027,0.0
1975,12,14,9,0,0,4.05020666122,0.0
1975,12,15,9,0,0,3.42419433594,0.0
1975,12,16,9,0,0,1.5356413126,5.69999980927
1975,12,17,9,0,0,5.41702461243,3.5
1975,12,18,9,0,0,1.24152135849,26.7000007629
1975,12,19,9,0,0,3.01852631569,5.19999980927
1975,12,20,9,0,0,3.85946273804,4.0
1975,12,21,9,0,0,4.6262140274,0.0
1975,12,22,9,0,0,4.92044973373,0.0
1975,12,23,9,0,0,4.78870296478,0.0
1975,12,24,9,0,0,1.70581007004,14.6000003815
1975,12,25,9,0,0,2.66839051247,6.5
1975,12,26,9,0,0,3.88915920258,0.0
1975,12,27,9,0,0,4.04994297028,2.5
1975,12,28,9,0,0,4.77556848526,2.0
1975,12,29,9,0,0,5.49925327301,0.0
1975,12,30,9,0,0,4.69928073883,0.0
1975,12,31,9,0,0,4.39042186737,0.0
1976,1,1,9,0,0,3.98560070992,0.0
1976,1,2,9,0,0,4.92244577408,0.0
1976,1,3,9,0,0,4.04049873352,0.0
1976,1,4,9,0,0,5.49666309357,0.0
1976,1,5,9,0,0,4.67501115799,0.0
1976,1,6,9,0,0,3.91926717758,0.0
1976,1,7,9,0,0,4.04685878754,0.0
1976,1,8,9,0,0,2.69166660309,5.19999980927
1976,1,9,9,0,0,1.12096095085,6.59999990463
1976,1,10,9,0,0,2.42435407639,4.0
1976,1,11,9,0,0,4.44619607925,0.0
1976,1,12,9,0,0,3.67652463913,7.09999990463
1976,1,13,9,0,0,2.23505973816,29.1000003815
1976,1,14,9,0,0,3.09903717041,0.0
1976,1,15,9,0,0,3.13744616508,2.09999990463
1976,1,16,9,0,0,3.23362350464,14.6999998093
1976,1,17,9,0,0,4.7976360321,0.0
1976,1,18,9,0,0,5.11106061935,0.0
1976,1,19,9,0,0,5.18224811554,0.0
1976,1,20,9,0,0,4.0670208931,0.0
1976,1,21,9,0,0,3.55543208122,0.0
1976,1,22,9,0,0,5.11906909943,0.0
1976,1,23,9,0,0,3.48078227043,23.6000003815
1976,1,24,9,0,0,5.0441236496,2.20000004768
1976,1,25,9,0,0,2.72077536583,8.19999980927
1976,1,26,9,0,0,1.46362566948,51.9000015259
1976,1,27,9,0,0,2.54475927353,23.5
1976,1,28,9,0,0,2.62245941162,28.8999996185
1976,1,29,9,0,0,2.9443461895,10.5
1976,1,30,9,0,0,2.00077223778,4.5
1976,1,31,9,0,0,3.56647157669,2.90000009537
1976,2,1,9,0,0,4.73824453354,0.0
1976,2,2,9,0,0,2.48226213455,0.0
1976,2,3,9,0,0,2.78854370117,0.0
1976,2,4,9,0,0,4.3686170578,0.0
1976,2,5,9,0,0,4.46831274033,0.0
1976,2,6,9,0,0,2.31160330772,0.0
1976,2,7,9,0,0,3.81653404236,3.90000009537
1976,2,8,9,0,0,2.69471716881,0.0
1976,2,9,9,0,0,3.52025818825,2.40000009537
1976,2,10,9,0,0,3.06997489929,5.80000019073
1976,2,11,9,0,0,2.78109335899,2.29999995232
1976,2,12,9,0,0,4.47236204147,0.0
1976,2,13,9,0,0,5.23575544357,0.0
1976,2,14,9,0,0,4.98243761063,0.0
1976,2,15,9,0,0,4.84445047379,0.0
1976,2,16,9,0,0,3.22819256783,0.0
1976,2,17,9,0,0,3.37620520592,0.0
1976,2,18,9,0,0,3.34399151802,0.0
1976,2,19,9,0,0,2.78775453568,3.20000004768
1976,2,20,9,0,0,2.08996129036,13.3000001907
1976,2,21,9,0,0,4.50075531006,2.09999990463
1976,2,22,9,0,0,3.36339426041,0.0
1976,2,23,9,0,0,3.21875,0.0
1976,2,24,9,0,0,3.18187212944,0.0
1976,2,25,9,0,0,1.8586935997,3.5
1976,2,26,9,0,0,3.94658255577,0.0
1976,2,27,9,0,0,4.48485422134,0.0
1976,2,28,9,0,0,3.5761744976,0.0
1976,2,29,9,0,0,3.86682581902,0.0
1976,3,1,9,0,0,3.394510746,0.0
1976,3,2,9,0,0,1.68670797348,0.0
1976,3,3,9,0,0,3.93928670883,0.0
1976,3,4,9,0,0,2.34476590157,0.0
1976,3,5,9,0,0,3.49633169174,0.0
1976,3,6,9,0,0,3.78506588936,0.0
1976,3,7,9,0,0,2.58480644226,0.0
1976,3,8,9,0,0,1.88860929012,20.3999996185
1976,3,9,9,0,0,3.56894421577,0.0
1976,3,10,9,0,0,3.18863725662,0.0
1976,3,11,9,0,0,0.924736976624,4.09999990463
1976,3,12,9,0,0,2.11563825607,3.29999995232
1976,3,13,9,0,0,4.30156135559,0.0
1976,3,14,9,0,0,4.12937641144,0.0
1976,3,15,9,0,0,2.55817222595,0.0
1976,3,16,9,0,0,3.96685099602,0.0
1976,3,17,9,0,0,3.87872743607,0.0
1976,3,18,9,0,0,3.72523546219,0.0
1976,3,19,9,0,0,3.23996448517,0.0
1976,3,20,9,0,0,3.21206879616,0.0
1976,3,21,9,0,0,1.85814905167,14.8999996185
1976,3,22,9,0,0,2.22587680817,5.90000009537
1976,3,23,9,0,0,2.46173548698,0.0
1976,3,24,9,0,0,3.42805099487,0.0
1976,3,25,9,0,0,2.67868113518,0.0
1976,3,26,9,0,0,2.67742300034,0.0
1976,3,27,9,0,0,2.26945114136,3.0
1976,3,28,9,0,0,1.4120426178,6.5
1976,3,29,9,0,0,1.18948996067,22.7999992371
1976,3,30,9,0,0,1.63965809345,2.5
1976,3,31,9,0,0,2.46788525581,0.0
1976,4,1,9,0,0,2.54754281044,0.0
1976,4,2,9,0,0,2.52042889595,0.0
1976,4,3,9,0,0,1.55138885975,0.0
1976,4,4,9,0,0,1.95135760307,3.79999995232
1976,4,5,9,0,0,1.62051355839,0.0
1976,4,6,9,0,0,1.30429697037,0.0
1976,4,7,9,0,0,1.28495788574,0.0
1976,4,8,9,0,0,1.41335630417,18.3999996185
1976,4,9,9,0,0,1.75288689137,5.40000009537
1976,4,10,9,0,0,2.0015335083,0.0
1976,4,11,9,0,0,2.34546327591,0.0
1976,4,12,9,0,0,2.43333363533,0.0
1976,4,13,9,0,0,2.35080742836,0.0
1976,4,14,9,0,0,2.29846310616,0.0
1976,4,15,9,0,0,0.949432969093,0.0
1976,4,16,9,0,0,2.03248095512,0.0
1976,4,17,9,0,0,2.1426460743,0.0
1976,4,18,9,0,0,1.73217749596,0.0
1976,4,19,9,0,0,2.05400919914,0.0
1976,4,20,9,0,0,2.59589004517,0.0
1976,4,21,9,0,0,2.09027862549,0.0
1976,4,22,9,0,0,1.30290365219,0.0
1976,4,23,9,0,0,0.961516201496,6.19999980927
1976,4,24,9,0,0,1.88512325287,0.0
1976,4,25,9,0,0,1.34098100662,0.0
1976,4,26,9,0,0,1.01570105553,0.0
1976,4,27,9,0,0,0.918416857719,8.80000019073
1976,4,28,9,0,0,0.911186158657,12.8000001907
1976,4,29,9,0,0,1.54981768131,12.3000001907
1976,4,30,9,0,0,1.12357628345,16.1000003815
1976,5,1,9,0,0,1.40819847584,0.0
1976,5,2,9,0,0,1.44990503788,0.0
1976,5,3,9,0,0,1.2043762207,0.0
1976,5,4,9,0,0,0.748473882675,0.0
1976,5,5,9,0,0,0.844071626663,5.19999980927
1976,5,6,9,0,0,0.466707646847,34.9000015259
1976,5,7,9,0,0,1.09556388855,5.19999980927
1976,5,8,9,0,0,0.616508185863,27.3999996185
1976,5,9,9,0,0,0.813059270382,5.09999990463
1976,5,10,9,0,0,0.880591154099,2.40000009537
1976,5,11,9,0,0,1.14054608345,0.0
1976,5,12,9,0,0,0.695251524448,3.79999995232
1976,5,13,9,0,0,1.13906168938,0.0
1976,5,14,9,0,0,1.43788719177,0.0
1976,5,15,9,0,0,1.14607393742,0.0
1976,5,16,9,0,0,1.25296258926,0.0
1976,5,17,9,0,0,0.607925534248,0.0
1976,5,18,9,0,0,0.405250221491,35.0999984741
1976,5,19,9,0,0,0.59286147356,28.2999992371
1976,5,20,9,0,0,0.957507610321,0.0
1976,5,21,9,0,0,1.12013959885,3.40000009537
1976,5,22,9,0,0,1.176623106,0.0
1976,5,23,9,0,0,1.05309808254,0.0
1976,5,24,9,0,0,0.410599350929,2.0
1976,5,25,9,0,0,0.398094028234,20.2000007629
1976,5,26,9,0,0,1.15720665455,0.0
1976,5,27,9,0,0,0.855546534061,0.0
1976,5,28,9,0,0,0.861291050911,2.09999990463
1976,5,29,9,0,0,0.506677389145,7.09999990463
1976,5,30,9,0,0,0.722882509232,5.30000019073
1976,5,31,9,0,0,0.827402293682,0.0
1976,6,1,9,0,0,0.336119383574,3.79999995232
1976,6,2,9,0,0,0.685283243656,35.7999992371
1976,6,3,9,0,0,0.789520859718,19.0
1976,6,4,9,0,0,0.849403977394,10.8999996185
1976,6,5,9,0,0,0.303343087435,5.19999980927
1976,6,6,9,0,0,0.956572949886,0.0
1976,6,7,9,0,0,0.607844173908,0.0
1976,6,8,9,0,0,0.41867145896,25.5
1976,6,9,9,0,0,0.831968307495,25.2000007629
1976,6,10,9,0,0,0.517938554287,7.90000009537
1976,6,11,9,0,0,0.731113374233,0.0
1976,6,12,9,0,0,0.820430040359,0.0
1976,6,13,9,0,0,0.843624889851,0.0
1976,6,14,9,0,0,0.671010136604,2.40000009537
1976,6,15,9,0,0,0.280788213015,8.80000019073
1976,6,16,9,0,0,0.637039244175,0.0
1976,6,17,9,0,0,0.547703802586,0.0
1976,6,18,9,0,0,0.995426177979,0.0
1976,6,19,9,0,0,0.784121751785,6.0
1976,6,20,9,0,0,0.688826143742,0.0
1976,6,21,9,0,0,1.09349727631,0.0
1976,6,22,9,0,0,0.816858947277,0.0
1976,6,23,9,0,0,0.887676000595,0.0
1976,6,24,9,0,0,0.822718262672,0.0
1976,6,25,9,0,0,0.841178894043,0.0
1976,6,26,9,0,0,0.620753705502,2.0
1976,6,27,9,0,0,0.400718033314,35.0
1976,6,28,9,0,0,0.542511820793,9.80000019073
1976,6,29,9,0,0,0.662498414516,9.39999961853
1976,6,30,9,0,0,0.735319972038,5.90000009537
1976,7,1,9,0,0,0.430239319801,5.19999980927
1976,7,2,9,0,0,0.848573029041,0.0
1976,7,3,9,0,0,0.683395564556,0.0
1976,7,4,9,0,0,0.917384564877,0.0
1976,7,5,9,0,0,0.661040961742,0.0
1976,7,6,9,0,0,0.42789593339,5.0
1976,7,7,9,0,0,0.619965016842,0.0
1976,7,8,9,0,0,0.695215642452,0.0
1976,7,9,9,0,0,0.842409431934,2.29999995232
1976,7,10,9,0,0,0.844699084759,12.6999998093
1976,7,11,9,0,0,0.343881905079,19.7999992371
1976,7,12,9,0,0,1.14478600025,0.0
1976,7,13,9,0,0,0.58769762516,0.0
1976,7,14,9,0,0,0.609738588333,34.9000015259
1976,7,15,9,0,0,0.41717222333,42.7999992371
1976,7,16,9,0,0,0.967905402184,0.0
1976,7,17,9,0,0,0.55378049612,0.0
1976,7,18,9,0,0,0.81712448597,11.6999998093
1976,7,19,9,0,0,1.06014227867,0.0
1976,7,20,9,0,0,0.470557034016,13.0
1976,7,21,9,0,0,0.655902385712,12.6999998093
1976,7,22,9,0,0,0.70491284132,3.20000004768
1976,7,23,9,0,0,0.677040994167,0.0
1976,7,24,9,0,0,0.777697622776,0.0
1976,7,25,9,0,0,0.791872620583,0.0
1976,7,26,9,0,0,0.706613004208,0.0
1976,7,27,9,0,0,0.445851355791,16.7999992371
1976,7,28,9,0,0,0.436614751816,14.6999998093
1976,7,29,9,0,0,0.356494069099,3.09999990463
1976,7,30,9,0,0,0.40201202035,25.0
1976,7,31,9,0,0,0.928037047386,7.40000009537
1976,8,1,9,0,0,1.01145195961,3.40000009537
1976,8,2,9,0,0,0.963616609573,0.0
1976,8,3,9,0,0,0.723608195782,6.19999980927
1976,8,4,9,0,0,0.549093842506,18.5
1976,8,5,9,0,0,1.1392172575,0.0
1976,8,6,9,0,0,1.20096361637,0.0
1976,8,7,9,0,0,1.18993520737,0.0
1976,8,8,9,0,0,0.676885604858,0.0
1976,8,9,9,0,0,1.31741631031,0.0
1976,8,10,9,0,0,1.00738430023,0.0
1976,8,11,9,0,0,1.88639235497,3.09999990463
1976,8,12,9,0,0,1.00256121159,9.89999961853
1976,8,13,9,0,0,0.785404920578,8.19999980927
1976,8,14,9,0,0,1.49566960335,4.59999990463
1976,8,15,9,0,0,0.635144352913,15.1000003815
1976,8,16,9,0,0,0.719703912735,3.29999995232
1976,8,17,9,0,0,0.952827453613,2.5
1976,8,18,9,0,0,1.319008708,0.0
1976,8,19,9,0,0,1.73802900314,0.0
1976,8,20,9,0,0,1.78788602352,0.0
1976,8,21,9,0,0,1.80744874477,0.0
1976,8,22,9,0,0,1.20930016041,0.0
1976,8,23,9,0,0,0.610183894634,0.0
1976,8,24,9,0,0,1.91259920597,4.90000009537
1976,8,25,9,0,0,0.602034032345,38.7000007629
1976,8,26,9,0,0,1.51637136936,0.0
1976,8,27,9,0,0,1.4391014576,0.0
1976,8,28,9,0,0,1.46958744526,0.0
1976,8,29,9,0,0,2.14991235733,0.0
1976,8,30,9,0,0,2.22503614426,0.0
1976,8,31,9,0,0,1.76062595844,0.0
1976,9,1,9,0,0,2.70748758316,0.0
1976,9,2,9,0,0,2.26417756081,0.0
1976,9,3,9,0,0,2.2548122406,0.0
1976,9,4,9,0,0,1.96718394756,0.0
1976,9,5,9,0,0,2.37427616119,0.0
1976,9,6,9,0,0,3.18646979332,0.0
1976,9,7,9,0,0,2.09803819656,0.0
1976,9,8,9,0,0,3.21981430054,0.0
1976,9,9,9,0,0,2.38771128654,6.5
1976,9,10,9,0,0,0.789885044098,10.6000003815
1976,9,11,9,0,0,0.755193948746,23.2000007629
1976,9,12,9,0,0,1.17738866806,26.6000003815
1976,9,13,9,0,0,2.0067794323,2.59999990463
1976,9,14,9,0,0,2.79571199417,3.59999990463
1976,9,15,9,0,0,2.56104183197,0.0
1976,9,16,9,0,0,1.70389568806,0.0
1976,9,17,9,0,0,1.91903948784,4.5
1976,9,18,9,0,0,2.17171812057,2.29999995232
1976,9,19,9,0,0,2.8502073288,2.5
1976,9,20,9,0,0,2.11309552193,0.0
1976,9,21,9,0,0,2.16653418541,2.20000004768
1976,9,22,9,0,0,2.6749792099,3.0
1976,9,23,9,0,0,1.11602318287,3.20000004768
1976,9,24,9,0,0,1.71679127216,4.0
1976,9,25,9,0,0,1.72580087185,14.5
1976,9,26,9,0,0,2.83799552917,0.0
1976,9,27,9,0,0,3.01767039299,0.0
1976,9,28,9,0,0,2.85096740723,0.0
1976,9,29,9,0,0,2.79676699638,0.0
1976,9,30,9,0,0,2.11584591866,0.0
1976,10,1,9,0,0,2.22217011452,3.20000004768
1976,10,2,9,0,0,3.49080085754,0.0
1976,10,3,9,0,0,2.93564033508,0.0
1976,10,4,9,0,0,3.82120871544,0.0
1976,10,5,9,0,0,3.09281587601,0.0
1976,10,6,9,0,0,1.65888488293,9.89999961853
1976,10,7,9,0,0,0.920773506165,4.09999990463
1976,10,8,9,0,0,1.82194781303,15.8999996185
1976,10,9,9,0,0,1.56260716915,28.0
1976,10,10,9,0,0,1.74693536758,13.6999998093
1976,10,11,9,0,0,1.13481283188,8.80000019073
1976,10,12,9,0,0,2.6231777668,3.09999990463
1976,10,13,9,0,0,3.20010972023,0.0
1976,10,14,9,0,0,3.94204139709,0.0
1976,10,15,9,0,0,2.63492774963,0.0
1976,10,16,9,0,0,3.72451782227,2.20000004768
1976,10,17,9,0,0,1.38968729973,18.8999996185
1976,10,18,9,0,0,1.01087474823,11.8999996185
1976,10,19,9,0,0,1.62933743,9.60000038147
1976,10,20,9,0,0,2.71837425232,0.0
1976,10,21,9,0,0,3.54250788689,0.0
1976,10,22,9,0,0,2.09668326378,3.40000009537
1976,10,23,9,0,0,1.47736883163,2.5
1976,10,24,9,0,0,2.5231730938,3.59999990463
1976,10,25,9,0,0,1.20539009571,27.8999996185
1976,10,26,9,0,0,1.99879574776,6.5
1976,10,27,9,0,0,3.31376481056,0.0
1976,10,28,9,0,0,3.07397603989,0.0
1976,10,29,9,0,0,3.65387392044,0.0
1976,10,30,9,0,0,3.5624859333,0.0
1976,10,31,9,0,0,4.66746473312,0.0
1976,11,1,9,0,0,4.66473770142,0.0
1976,11,2,9,0,0,5.05445861816,0.0
1976,11,3,9,0,0,3.25889229774,0.0
1976,11,4,9,0,0,3.48757219315,10.3999996185
1976,11,5,9,0,0,1.12364685535,37.0
1976,11,6,9,0,0,2.30443453789,4.30000019073
1976,11,7,9,0,0,3.95064377785,2.29999995232
1976,11,8,9,0,0,1.86128425598,12.0
1976,11,9,9,0,0,2.26765680313,12.0
1976,11,10,9,0,0,1.85712695122,3.5
1976,11,11,9,0,0,3.57869672775,0.0
1976,11,12,9,0,0,4.18008708954,0.0
1976,11,13,9,0,0,4.95244312286,0.0
1976,11,14,9,0,0,3.49469327927,0.0
1976,11,15,9,0,0,5.36796951294,0.0
1976,11,16,9,0,0,4.05972576141,0.0
1976,11,17,9,0,0,4.57576465607,0.0
1976,11,18,9,0,0,3.77337217331,0.0
1976,11,19,9,0,0,4.46108388901,0.0
1976,11,20,9,0,0,5.07719707489,0.0
1976,11,21,9,0,0,5.34064054489,0.0
1976,11,22,9,0,0,5.09839391708,0.0
1976,11,23,9,0,0,3.25490856171,14.6999998093
1976,11,24,9,0,0,4.1586856842,9.0
1976,11,25,9,0,0,3.4537217617,8.0
1976,11,26,9,0,0,4.19518852234,0.0
1976,11,27,9,0,0,3.15053415298,7.09999990463
1976,11,28,9,0,0,2.54468679428,2.09999990463
1976,11,29,9,0,0,3.56034469604,9.60000038147
1976,11,30,9,0,0,4.0205039978,5.40000009537
1976,12,1,9,0,0,4.27645492554,23.3999996185
1976,12,2,9,0,0,2.05766916275,22.7000007629
1976,12,3,9,0,0,3.42251205444,2.09999990463
1976,12,4,9,0,0,3.5710504055,9.0
1976,12,5,9,0,0,1.09495139122,39.5
1976,12,6,9,0,0,5.21823263168,0.0
1976,12,7,9,0,0,4.22533559799,0.0
1976,12,8,9,0,0,2.06290721893,18.0
1976,12,9,9,0,0,3.94264483452,4.69999980927
1976,12,10,9,0,0,5.96948671341,0.0
1976,12,11,9,0,0,5.72403526306,0.0
1976,12,12,9,0,0,6.64402723312,0.0
1976,12,13,9,0,0,2.4993224144,18.1000003815
1976,12,14,9,0,0,2.17354202271,2.5
1976,12,15,9,0,0,4.99450922012,0.0
1976,12,16,9,0,0,4.67825222015,0.0
1976,12,17,9,0,0,3.95510721207,3.20000004768
1976,12,18,9,0,0,3.23881673813,4.5
1976,12,19,9,0,0,2.15284061432,5.40000009537
1976,12,20,9,0,0,2.24926161766,9.10000038147
1976,12,21,9,0,0,5.10115385056,4.69999980927
1976,12,22,9,0,0,3.87007904053,0.0
1976,12,23,9,0,0,5.82252454758,0.0
1976,12,24,9,0,0,5.58948278427,0.0
1976,12,25,9,0,0,4.61203336716,0.0
1976,12,26,9,0,0,1.97623765469,0.0
1976,12,27,9,0,0,2.0923705101,36.0999984741
1976,12,28,9,0,0,1.46685636044,14.3999996185
1976,12,29,9,0,0,3.67378735542,17.0
1976,12,30,9,0,0,1.84198153019,20.0
1976,12,31,9,0,0,2.68565750122,6.90000009537
1977,1,1,9,0,0,5.22943544388,0.0
1977,1,2,9,0,0,3.24003267288,8.10000038147
1977,1,3,9,0,0,3.6197783947,17.1000003815
1977,1,4,9,0,0,2.6200633049,13.3999996185
1977,1,5,9,0,0,3.11481595039,2.29999995232
1977,1,6,9,0,0,5.01241159439,0.0
1977,1,7,9,0,0,5.05604553223,0.0
1977,1,8,9,0,0,5.67850923538,0.0
1977,1,9,9,0,0,5.98927545547,0.0
1977,1,10,9,0,0,3.00149059296,0.0
1977,1,11,9,0,0,2.58912777901,7.30000019073
1977,1,12,9,0,0,3.26760268211,11.8000001907
1977,1,13,9,0,0,5.23647642136,0.0
1977,1,14,9,0,0,5.17395591736,0.0
1977,1,15,9,0,0,3.80644392967,0.0
1977,1,16,9,0,0,1.5424631834,0.0
1977,1,17,9,0,0,1.40662336349,15.1999998093
1977,1,18,9,0,0,1.42158305645,43.5
1977,1,19,9,0,0,2.55017876625,2.29999995232
1977,1,20,9,0,0,4.24172306061,0.0
1977,1,21,9,0,0,5.26949310303,0.0
1977,1,22,9,0,0,2.87722587585,0.0
1977,1,23,9,0,0,4.22012519836,0.0
1977,1,24,9,0,0,3.30339360237,0.0
1977,1,25,9,0,0,0.884834527969,6.09999990463
1977,1,26,9,0,0,3.61216020584,9.60000038147
1977,1,27,9,0,0,3.30689740181,9.80000019073
1977,1,28,9,0,0,2.8017206192,0.0
1977,1,29,9,0,0,3.47921204567,5.0
1977,1,30,9,0,0,1.66280460358,16.3999996185
1977,1,31,9,0,0,3.85530495644,0.0
1977,2,1,9,0,0,3.05417752266,5.80000019073
1977,2,2,9,0,0,2.44312095642,21.1000003815
1977,2,3,9,0,0,3.86322498322,0.0
1977,2,4,9,0,0,4.73032569885,0.0
1977,2,5,9,0,0,5.34709692001,0.0
1977,2,6,9,0,0,4.94646644592,0.0
1977,2,7,9,0,0,2.8033759594,3.20000004768
1977,2,8,9,0,0,4.19111013412,0.0
1977,2,9,9,0,0,4.33479833603,0.0
1977,2,10,9,0,0,1.43075096607,11.0
1977,2,11,9,0,0,3.95347929001,0.0
1977,2,12,9,0,0,4.80542516708,0.0
1977,2,13,9,0,0,5.01040649414,0.0
1977,2,14,9,0,0,5.39218711853,0.0
1977,2,15,9,0,0,3.7235891819,0.0
1977,2,16,9,0,0,4.26914453506,0.0
1977,2,17,9,0,0,4.30710029602,0.0
1977,2,18,9,0,0,3.82760286331,0.0
1977,2,19,9,0,0,1.6139523983,0.0
1977,2,20,9,0,0,2.33067035675,13.8000001907
1977,2,21,9,0,0,2.36197447777,14.3999996185
1977,2,22,9,0,0,3.61653828621,0.0
1977,2,23,9,0,0,4.85178852081,0.0
1977,2,24,9,0,0,5.14432907104,0.0
1977,2,25,9,0,0,4.62644481659,0.0
1977,2,26,9,0,0,4.50203800201,0.0
1977,2,27,9,0,0,1.81659376621,0.0
1977,2,28,9,0,0,1.51326739788,11.8000001907
1977,3,1,9,0,0,2.33191919327,26.6000003815
1977,3,2,9,0,0,3.99805450439,0.0
1977,3,3,9,0,0,2.66438865662,2.59999990463
1977,3,4,9,0,0,3.59074831009,0.0
1977,3,5,9,0,0,3.51427865028,0.0
1977,3,6,9,0,0,3.81185555458,0.0
1977,3,7,9,0,0,1.30437111855,7.80000019073
1977,3,8,9,0,0,0.929774582386,31.6000003815
1977,3,9,9,0,0,3.60293102264,0.0
1977,3,10,9,0,0,3.6539888382,0.0
1977,3,11,9,0,0,2.20462107658,0.0
1977,3,12,9,0,0,1.45768475533,3.79999995232
1977,3,13,9,0,0,1.90105116367,4.09999990463
1977,3,14,9,0,0,3.39226317406,0.0
1977,3,15,9,0,0,3.20017290115,0.0
1977,3,16,9,0,0,2.12240386009,5.19999980927
1977,3,17,9,0,0,3.46638464928,2.09999990463
1977,3,18,9,0,0,2.23411011696,0.0
1977,3,19,9,0,0,2.13039565086,2.20000004768
1977,3,20,9,0,0,3.15777897835,0.0
1977,3,21,9,0,0,3.44088888168,0.0
1977,3,22,9,0,0,3.17847084999,0.0
1977,3,23,9,0,0,3.62621474266,0.0
1977,3,24,9,0,0,4.20573186874,0.0
1977,3,25,9,0,0,1.08741176128,2.79999995232
1977,3,26,9,0,0,3.27880430222,0.0
1977,3,27,9,0,0,3.19625997543,0.0
1977,3,28,9,0,0,2.98438644409,0.0
1977,3,29,9,0,0,1.72946989536,21.2000007629
1977,3,30,9,0,0,2.57050824165,0.0
1977,3,31,9,0,0,3.27700853348,0.0
1977,4,1,9,0,0,2.44342279434,5.59999990463
1977,4,2,9,0,0,1.97115206718,2.5
1977,4,3,9,0,0,2.4982047081,0.0
1977,4,4,9,0,0,1.19306063652,2.59999990463
1977,4,5,9,0,0,2.64281487465,0.0
1977,4,6,9,0,0,2.5784277916,0.0
1977,4,7,9,0,0,2.58565378189,0.0
1977,4,8,9,0,0,2.36332130432,0.0
1977,4,9,9,0,0,1.55931448936,10.1999998093
1977,4,10,9,0,0,1.34431970119,16.0
1977,4,11,9,0,0,2.04527640343,0.0
1977,4,12,9,0,0,1.10525119305,0.0
1977,4,13,9,0,0,1.73496305943,0.0
1977,4,14,9,0,0,2.07937908173,0.0
1977,4,15,9,0,0,1.74659323692,0.0
1977,4,16,9,0,0,1.81762588024,0.0
1977,4,17,9,0,0,1.76116895676,0.0
1977,4,18,9,0,0,1.7553511858,0.0
1977,4,19,9,0,0,2.28210616112,0.0
1977,4,20,9,0,0,1.31924962997,3.0
1977,4,21,9,0,0,2.13172864914,0.0
1977,4,22,9,0,0,1.57728517056,5.19999980927
1977,4,23,9,0,0,0.773934960365,11.1000003815
1977,4,24,9,0,0,1.1618424654,10.6999998093
1977,4,25,9,0,0,2.06511211395,2.20000004768
1977,4,26,9,0,0,1.44278347492,12.1000003815
1977,4,27,9,0,0,1.34324872494,2.70000004768
1977,4,28,9,0,0,1.51044929028,2.0
1977,4,29,9,0,0,0.717044889927,22.0
1977,4,30,9,0,0,1.28407645226,23.3999996185
1977,5,1,9,0,0,0.768745362759,19.3999996185
1977,5,2,9,0,0,0.854786217213,2.90000009537
1977,5,3,9,0,0,1.05593776703,0.0
1977,5,4,9,0,0,1.66178536415,0.0
1977,5,5,9,0,0,0.991207957268,0.0
1977,5,6,9,0,0,1.84125673771,0.0
1977,5,7,9,0,0,1.45028293133,0.0
1977,5,8,9,0,0,1.30332326889,0.0
1977,5,9,9,0,0,1.27019941807,0.0
1977,5,10,9,0,0,1.37824428082,0.0
1977,5,11,9,0,0,1.27599811554,0.0
1977,5,12,9,0,0,1.33835041523,0.0
1977,5,13,9,0,0,0.566473662853,0.0
1977,5,14,9,0,0,0.267809271812,0.0
1977,5,15,9,0,0,0.582846581936,6.0
1977,5,16,9,0,0,0.634656608105,11.5
1977,5,17,9,0,0,0.533764362335,11.1000003815
1977,5,18,9,0,0,1.29832983017,0.0
1977,5,19,9,0,0,1.14878082275,0.0
1977,5,20,9,0,0,1.07613003254,0.0
1977,5,21,9,0,0,0.835126399994,5.5
1977,5,22,9,0,0,0.326156198978,10.5
1977,5,23,9,0,0,0.900925159454,9.30000019073
1977,5,24,9,0,0,0.900980710983,2.5
1977,5,25,9,0,0,0.259618520737,9.80000019073
1977,5,26,9,0,0,1.50942635536,0.0
1977,5,27,9,0,0,0.9346550107,0.0
1977,5,28,9,0,0,0.552177786827,0.0
1977,5,29,9,0,0,0.34347820282,15.0
1977,5,30,9,0,0,0.42676025629,2.40000009537
1977,5,31,9,0,0,1.06028008461,0.0
1977,6,1,9,0,0,0.478396177292,13.1000003815
1977,6,2,9,0,0,0.389834105968,8.30000019073
1977,6,3,9,0,0,0.53382319212,7.19999980927
1977,6,4,9,0,0,0.614283084869,2.29999995232
1977,6,5,9,0,0,0.339571535587,0.0
1977,6,6,9,0,0,0.964574277401,0.0
1977,6,7,9,0,0,0.708420455456,0.0
1977,6,8,9,0,0,1.25672388077,0.0
1977,6,9,9,0,0,0.522992253304,0.0
1977,6,10,9,0,0,0.655298948288,0.0
1977,6,11,9,0,0,0.763983309269,0.0
1977,6,12,9,0,0,0.40992346406,0.0
1977,6,13,9,0,0,0.62605124712,0.0
1977,6,14,9,0,0,0.465434879065,5.30000019073
1977,6,15,9,0,0,0.58230894804,17.6000003815
1977,6,16,9,0,0,0.510167837143,16.2000007629
1977,6,17,9,0,0,0.582212090492,8.5
1977,6,18,9,0,0,0.55142468214,0.0
1977,6,19,9,0,0,0.792955160141,0.0
1977,6,20,9,0,0,0.624011456966,0.0
1977,6,21,9,0,0,0.97951477766,0.0
1977,6,22,9,0,0,0.6445966959,3.20000004768
1977,6,23,9,0,0,0.578842461109,6.59999990463
1977,6,24,9,0,0,0.515893161297,0.0
1977,6,25,9,0,0,0.334174096584,4.0
1977,6,26,9,0,0,0.412607222795,31.1000003815
1977,6,27,9,0,0,0.570181429386,9.0
1977,6,28,9,0,0,0.488036483526,16.7999992371
1977,6,29,9,0,0,0.688678503036,15.6000003815
1977,6,30,9,0,0,0.453348517418,5.90000009537
1977,7,1,9,0,0,0.373664170504,24.3999996185
1977,7,2,9,0,0,0.376796007156,7.09999990463
1977,7,3,9,0,0,0.938358545303,0.0
1977,7,4,9,0,0,1.19180738926,0.0
1977,7,5,9,0,0,0.912775933743,0.0
1977,7,6,9,0,0,0.848484992981,0.0
1977,7,7,9,0,0,0.470956414938,0.0
1977,7,8,9,0,0,1.05061376095,5.19999980927
1977,7,9,9,0,0,0.255528479815,3.40000009537
1977,7,10,9,0,0,0.812221944332,0.0
1977,7,11,9,0,0,0.979113399982,0.0
1977,7,12,9,0,0,0.574948966503,0.0
1977,7,13,9,0,0,0.881058871746,0.0
1977,7,14,9,0,0,1.02750480175,0.0
1977,7,15,9,0,0,0.97389960289,0.0
1977,7,16,9,0,0,0.700508713722,0.0
1977,7,17,9,0,0,0.500581979752,4.80000019073
1977,7,18,9,0,0,0.342912584543,6.5
1977,7,19,9,0,0,0.700199782848,0.0
1977,7,20,9,0,0,0.888817191124,0.0
1977,7,21,9,0,0,0.852053999901,0.0
1977,7,22,9,0,0,0.965543568134,0.0
1977,7,23,9,0,0,1.03970432281,0.0
1977,7,24,9,0,0,0.779761731625,0.0
1977,7,25,9,0,0,0.46716222167,4.0
1977,7,26,9,0,0,0.601692557335,0.0
1977,7,27,9,0,0,0.664020121098,0.0
1977,7,28,9,0,0,1.08349847794,0.0
1977,7,29,9,0,0,1.11690557003,0.0
1977,7,30,9,0,0,1.32979285717,0.0
1977,7,31,9,0,0,1.06492507458,0.0
1977,8,1,9,0,0,1.4442731142,0.0
1977,8,2,9,0,0,1.11466646194,0.0
1977,8,3,9,0,0,1.30457901955,0.0
1977,8,4,9,0,0,1.43609964848,0.0
1977,8,5,9,0,0,1.08338582516,0.0
1977,8,6,9,0,0,0.817198932171,0.0
1977,8,7,9,0,0,0.498707234859,2.20000004768
1977,8,8,9,0,0,0.603122591972,5.69999980927
1977,8,9,9,0,0,1.575999856,0.0
1977,8,10,9,0,0,1.04141354561,4.5
1977,8,11,9,0,0,1.15506255627,0.0
1977,8,12,9,0,0,1.31244766712,0.0
1977,8,13,9,0,0,0.544825315475,0.0
1977,8,14,9,0,0,0.889471411705,0.0
1977,8,15,9,0,0,0.622402846813,11.6999998093
1977,8,16,9,0,0,0.782876074314,9.39999961853
1977,8,17,9,0,0,0.81911367178,0.0
1977,8,18,9,0,0,1.52244138718,0.0
1977,8,19,9,0,0,1.7466148138,0.0
1977,8,20,9,0,0,1.67548131943,0.0
1977,8,21,9,0,0,1.75297093391,0.0
1977,8,22,9,0,0,1.61561059952,0.0
1977,8,23,9,0,0,1.74214982986,0.0
1977,8,24,9,0,0,1.26215600967,0.0
1977,8,25,9,0,0,2.19707083702,2.5
1977,8,26,9,0,0,1.91682362556,0.0
1977,8,27,9,0,0,1.82995414734,0.0
1977,8,28,9,0,0,0.997422158718,3.20000004768
1977,8,29,9,0,0,1.09187543392,0.0
1977,8,30,9,0,0,1.79050326347,2.40000009537
1977,8,31,9,0,0,0.751747727394,12.1999998093
1977,9,1,9,0,0,0.982766449451,9.19999980927
1977,9,2,9,0,0,0.957411289215,20.3999996185
1977,9,3,9,0,0,1.14812457561,7.30000019073
1977,9,4,9,0,0,2.10415220261,0.0
1977,9,5,9,0,0,2.39765191078,0.0
1977,9,6,9,0,0,2.49601268768,0.0
1977,9,7,9,0,0,2.45169377327,0.0
1977,9,8,9,0,0,1.95222592354,0.0
1977,9,9,9,0,0,2.11200475693,0.0
1977,9,10,9,0,0,2.17472815514,0.0
1977,9,11,9,0,0,2.48485994339,0.0
1977,9,12,9,0,0,2.53731846809,0.0
1977,9,13,9,0,0,0.422299742699,28.3999996185
1977,9,14,9,0,0,1.29495084286,7.30000019073
1977,9,15,9,0,0,1.832498312,0.0
1977,9,16,9,0,0,2.55578112602,0.0
1977,9,17,9,0,0,3.10908436775,0.0
1977,9,18,9,0,0,2.49204444885,0.0
1977,9,19,9,0,0,2.79422855377,0.0
1977,9,20,9,0,0,2.53649735451,3.20000004768
1977,9,21,9,0,0,2.43725824356,0.0
1977,9,22,9,0,0,2.96646809578,0.0
1977,9,23,9,0,0,0.316987335682,25.2999992371
1977,9,24,9,0,0,1.71038329601,0.0
1977,9,25,9,0,0,3.00989603996,0.0
1977,9,26,9,0,0,2.94811820984,0.0
1977,9,27,9,0,0,1.52344417572,0.0
1977,9,28,9,0,0,0.599053800106,2.29999995232
1977,9,29,9,0,0,1.30071413517,28.6000003815
1977,9,30,9,0,0,1.91235911846,0.0
1977,10,1,9,0,0,3.40244269371,0.0
1977,10,2,9,0,0,2.48635601997,0.0
1977,10,3,9,0,0,3.3751437664,0.0
1977,10,4,9,0,0,1.2827630043,3.29999995232
1977,10,5,9,0,0,2.57544565201,2.70000004768
1977,10,6,9,0,0,2.18227386475,0.0
1977,10,7,9,0,0,1.36937844753,4.69999980927
1977,10,8,9,0,0,3.11812567711,0.0
1977,10,9,9,0,0,3.45559382439,0.0
1977,10,10,9,0,0,1.82744646072,0.0
1977,10,11,9,0,0,3.13854002953,0.0
1977,10,12,9,0,0,3.80537581444,0.0
1977,10,13,9,0,0,3.10905265808,0.0
1977,10,14,9,0,0,4.00271368027,0.0
1977,10,15,9,0,0,2.24926137924,0.0
1977,10,16,9,0,0,3.12419056892,5.80000019073
1977,10,17,9,0,0,3.16308069229,0.0
1977,10,18,9,0,0,1.1037222147,3.29999995232
1977,10,19,9,0,0,2.7864382267,0.0
1977,10,20,9,0,0,3.60914134979,7.69999980927
1977,10,21,9,0,0,1.36186528206,10.0
1977,10,22,9,0,0,3.31717014313,9.10000038147
1977,10,23,9,0,0,2.06096839905,23.7000007629
1977,10,24,9,0,0,1.99658918381,15.8000001907
1977,10,25,9,0,0,3.25724816322,0.0
1977,10,26,9,0,0,3.03108978271,0.0
1977,10,27,9,0,0,3.2025680542,0.0
1977,10,28,9,0,0,4.33575344086,0.0
1977,10,29,9,0,0,1.63921248913,22.2000007629
1977,10,30,9,0,0,2.3702685833,9.89999961853
1977,10,31,9,0,0,2.44956254959,15.8000001907
1977,11,1,9,0,0,3.86718440056,2.79999995232
1977,11,2,9,0,0,2.82607674599,10.6999998093
1977,11,3,9,0,0,3.70235061646,0.0
1977,11,4,9,0,0,3.68531823158,0.0
1977,11,5,9,0,0,4.22566461563,0.0
1977,11,6,9,0,0,1.45005202293,8.5
1977,11,7,9,0,0,4.41745758057,0.0
1977,11,8,9,0,0,4.12054729462,0.0
1977,11,9,9,0,0,0.935808777809,6.90000009537
1977,11,10,9,0,0,2.52747583389,4.09999990463
1977,11,11,9,0,0,2.23445248604,0.0
1977,11,12,9,0,0,2.06425356865,9.80000019073
1977,11,13,9,0,0,3.92388272285,4.90000009537
1977,11,14,9,0,0,3.65924692154,5.19999980927
1977,11,15,9,0,0,3.28751969337,2.59999990463
1977,11,16,9,0,0,2.30588054657,7.59999990463
1977,11,17,9,0,0,2.63195180893,3.20000004768
1977,11,18,9,0,0,4.34925174713,0.0
1977,11,19,9,0,0,4.13360118866,0.0
1977,11,20,9,0,0,3.15166354179,0.0
1977,11,21,9,0,0,4.15741014481,11.5
1977,11,22,9,0,0,2.4053208828,24.8999996185
1977,11,23,9,0,0,1.49150788784,23.1000003815
1977,11,24,9,0,0,2.75055003166,12.3000001907
1977,11,25,9,0,0,3.81611585617,0.0
1977,11,26,9,0,0,4.20225906372,0.0
1977,11,27,9,0,0,4.8777012825,0.0
1977,11,28,9,0,0,4.72027683258,0.0
1977,11,29,9,0,0,1.68275785446,0.0
1977,11,30,9,0,0,3.74625778198,0.0
1977,12,1,9,0,0,2.77844834328,0.0
1977,12,2,9,0,0,2.84163951874,0.0
1977,12,3,9,0,0,4.72077131271,0.0
1977,12,4,9,0,0,3.90034294128,0.0
1977,12,5,9,0,0,2.57934188843,4.59999990463
1977,12,6,9,0,0,4.86188316345,0.0
1977,12,7,9,0,0,3.6012775898,2.70000004768
1977,12,8,9,0,0,3.09529662132,3.90000009537
1977,12,9,9,0,0,1.57721793652,8.19999980927
1977,12,10,9,0,0,3.86425900459,0.0
1977,12,11,9,0,0,2.1560292244,23.7000007629
1977,12,12,9,0,0,2.42331504822,10.0
1977,12,13,9,0,0,2.50916433334,2.0
1977,12,14,9,0,0,6.02897644043,0.0
1977,12,15,9,0,0,5.97742605209,0.0
1977,12,16,9,0,0,1.01094961166,23.1000003815
1977,12,17,9,0,0,2.70300531387,11.3999996185
1977,12,18,9,0,0,5.01657819748,0.0
1977,12,19,9,0,0,0.476694643497,29.8999996185
1977,12,20,9,0,0,4.97166776657,0.0
1977,12,21,9,0,0,4.19551801682,4.30000019073
1977,12,22,9,0,0,5.52935695648,0.0
1977,12,23,9,0,0,5.06420707703,2.79999995232
1977,12,24,9,0,0,3.83633041382,2.40000009537
1977,12,25,9,0,0,5.59954309464,0.0
1977,12,26,9,0,0,5.21801233292,0.0
1977,12,27,9,0,0,4.69485759735,0.0
1977,12,28,9,0,0,4.27072381973,0.0
1977,12,29,9,0,0,2.94702482224,4.80000019073
1977,12,30,9,0,0,2.00027346611,21.2000007629
1977,12,31,9,0,0,3.45264673233,7.09999990463
1978,1,1,9,0,0,5.38222742081,0.0
1978,1,2,9,0,0,2.92516374588,0.0
1978,1,3,9,0,0,4.37058639526,0.0
1978,1,4,9,0,0,2.81363368034,2.70000004768
1978,1,5,9,0,0,3.43962883949,0.0
1978,1,6,9,0,0,6.06269931793,0.0
1978,1,7,9,0,0,3.78750419617,2.59999990463
1978,1,8,9,0,0,1.76900362968,0.0
1978,1,9,9,0,0,5.90744781494,0.0
1978,1,10,9,0,0,6.3923869133,0.0
1978,1,11,9,0,0,4.71149015427,2.5
1978,1,12,9,0,0,4.71731328964,12.5
1978,1,13,9,0,0,1.77333712578,18.6000003815
1978,1,14,9,0,0,4.26199293137,0.0
1978,1,15,9,0,0,1.62567770481,0.0
1978,1,16,9,0,0,4.91183137894,0.0
1978,1,17,9,0,0,1.45809864998,0.0
1978,1,18,9,0,0,2.25196886063,2.70000004768
1978,1,19,9,0,0,1.34847223759,11.5
1978,1,20,9,0,0,2.12502765656,9.19999980927
1978,1,21,9,0,0,5.41103744507,0.0
1978,1,22,9,0,0,4.82981538773,0.0
1978,1,23,9,0,0,5.21010732651,0.0
1978,1,24,9,0,0,5.82960367203,0.0
1978,1,25,9,0,0,5.8563876152,0.0
1978,1,26,9,0,0,4.65546417236,0.0
1978,1,27,9,0,0,5.00321102142,0.0
1978,1,28,9,0,0,4.69233560562,0.0
1978,1,29,9,0,0,3.96789884567,0.0
1978,1,30,9,0,0,3.0341527462,0.0
1978,1,31,9,0,0,4.96273708344,0.0
1978,2,1,9,0,0,5.69045066833,0.0
1978,2,2,9,0,0,5.62886953354,0.0
1978,2,3,9,0,0,5.77882289886,0.0
1978,2,4,9,0,0,4.87968349457,7.09999990463
1978,2,5,9,0,0,5.3516831398,0.0
1978,2,6,9,0,0,5.60000944138,0.0
1978,2,7,9,0,0,4.84321022034,0.0
1978,2,8,9,0,0,4.4177570343,0.0
1978,2,9,9,0,0,4.2899389267,0.0
1978,2,10,9,0,0,2.24890804291,0.0
1978,2,11,9,0,0,4.40677499771,0.0
1978,2,12,9,0,0,2.78497385979,9.89999961853
1978,2,13,9,0,0,4.05652666092,0.0
1978,2,14,9,0,0,5.41052532196,0.0
1978,2,15,9,0,0,4.76875495911,0.0
1978,2,16,9,0,0,2.30996870995,12.5
1978,2,17,9,0,0,3.78206419945,0.0
1978,2,18,9,0,0,3.3763012886,0.0
1978,2,19,9,0,0,4.50454092026,0.0
1978,2,20,9,0,0,4.36414861679,0.0
1978,2,21,9,0,0,4.73307228088,0.0
1978,2,22,9,0,0,2.64845561981,0.0
1978,2,23,9,0,0,2.53658652306,0.0
1978,2,24,9,0,0,4.50860118866,0.0
1978,2,25,9,0,0,3.87964630127,0.0
1978,2,26,9,0,0,4.6826672554,0.0
1978,2,27,9,0,0,3.86157894135,0.0
1978,2,28,9,0,0,3.15602564812,0.0
1978,3,1,9,0,0,3.26773810387,2.79999995232
1978,3,2,9,0,0,1.79751050472,7.5
1978,3,3,9,0,0,1.56311750412,2.29999995232
1978,3,4,9,0,0,3.65385866165,0.0
1978,3,5,9,0,0,1.60507452488,2.20000004768
1978,3,6,9,0,0,2.79038119316,0.0
1978,3,7,9,0,0,3.17866015434,0.0
1978,3,8,9,0,0,3.66303396225,0.0
1978,3,9,9,0,0,2.56479763985,0.0
1978,3,10,9,0,0,3.17842960358,0.0
1978,3,11,9,0,0,3.32208228111,0.0
1978,3,12,9,0,0,3.1554517746,0.0
1978,3,13,9,0,0,3.23105716705,0.0
1978,3,14,9,0,0,2.28228330612,0.0
1978,3,15,9,0,0,2.82726383209,0.0
1978,3,16,9,0,0,3.51137161255,0.0
1978,3,17,9,0,0,1.95499122143,0.0
1978,3,18,9,0,0,3.13990330696,7.80000019073
1978,3,19,9,0,0,3.31835746765,0.0
1978,3,20,9,0,0,2.94886064529,0.0
1978,3,21,9,0,0,2.87491822243,0.0
1978,3,22,9,0,0,3.15039515495,0.0
1978,3,23,9,0,0,1.59934413433,22.2999992371
1978,3,24,9,0,0,2.26857352257,0.0
1978,3,25,9,0,0,3.36932969093,0.0
1978,3,26,9,0,0,1.94526219368,12.5
1978,3,27,9,0,0,1.27031123638,59.5
1978,3,28,9,0,0,1.6563603878,9.10000038147
1978,3,29,9,0,0,3.22733449936,0.0
1978,3,30,9,0,0,1.91759908199,0.0
1978,3,31,9,0,0,1.50732898712,0.0
1978,4,1,9,0,0,0.899019002914,5.90000009537
1978,4,2,9,0,0,1.57262194157,0.0
1978,4,3,9,0,0,1.35791635513,0.0
1978,4,4,9,0,0,2.13124036789,0.0
1978,4,5,9,0,0,0.584059178829,0.0
1978,4,6,9,0,0,0.838738560677,3.20000004768
1978,4,7,9,0,0,2.41947293282,0.0
1978,4,8,9,0,0,2.13838887215,0.0
1978,4,9,9,0,0,1.69922673702,0.0
1978,4,10,9,0,0,2.69091176987,0.0
1978,4,11,9,0,0,2.39244771004,0.0
1978,4,12,9,0,0,2.35592865944,2.5
1978,4,13,9,0,0,1.1691609621,2.40000009537
1978,4,14,9,0,0,0.866270840168,9.80000019073
1978,4,15,9,0,0,1.43467068672,0.0
1978,4,16,9,0,0,0.939807832241,4.90000009537
1978,4,17,9,0,0,2.08972620964,0.0
1978,4,18,9,0,0,2.40201878548,2.40000009537
1978,4,19,9,0,0,2.207508564,2.79999995232
1978,4,20,9,0,0,1.12200653553,5.19999980927
1978,4,21,9,0,0,2.33760690689,0.0
1978,4,22,9,0,0,2.32150554657,0.0
1978,4,23,9,0,0,1.65137505531,4.30000019073
1978,4,24,9,0,0,1.34699141979,0.0
1978,4,25,9,0,0,1.02975940704,0.0
1978,4,26,9,0,0,1.2300593853,0.0
1978,4,27,9,0,0,1.46359622478,0.0
1978,4,28,9,0,0,0.635156393051,7.5
1978,4,29,9,0,0,0.76294708252,0.0
1978,4,30,9,0,0,0.761346280575,14.0
1978,5,1,9,0,0,1.68519675732,0.0
1978,5,2,9,0,0,1.8515843153,0.0
1978,5,3,9,0,0,1.54744160175,0.0
1978,5,4,9,0,0,1.29199624062,0.0
1978,5,5,9,0,0,1.97302401066,0.0
1978,5,6,9,0,0,1.23703730106,2.29999995232
1978,5,7,9,0,0,1.30890965462,0.0
1978,5,8,9,0,0,1.33333742619,0.0
1978,5,9,9,0,0,1.06874299049,0.0
1978,5,10,9,0,0,0.960792541504,0.0
1978,5,11,9,0,0,0.744232833385,37.9000015259
1978,5,12,9,0,0,0.713713169098,49.5
1978,5,13,9,0,0,0.415711432695,51.9000015259
1978,5,14,9,0,0,0.904631078243,5.59999990463
1978,5,15,9,0,0,1.21347570419,0.0
1978,5,16,9,0,0,1.13796985149,2.09999990463
1978,5,17,9,0,0,1.33360409737,0.0
1978,5,18,9,0,0,1.26962482929,0.0
1978,5,19,9,0,0,1.20727467537,0.0
1978,5,20,9,0,0,1.20493578911,0.0
1978,5,21,9,0,0,0.994716763496,0.0
1978,5,22,9,0,0,1.13176608086,0.0
1978,5,23,9,0,0,1.26093995571,0.0
1978,5,24,9,0,0,1.31296300888,0.0
1978,5,25,9,0,0,1.16108345985,0.0
1978,5,26,9,0,0,0.899815142155,0.0
1978,5,27,9,0,0,0.809455096722,0.0
1978,5,28,9,0,0,1.0556344986,0.0
1978,5,29,9,0,0,1.0494287014,0.0
1978,5,30,9,0,0,0.950942635536,0.0
1978,5,31,9,0,0,0.811592519283,10.6999998093
1978,6,1,9,0,0,0.670223236084,2.5
1978,6,2,9,0,0,0.77903264761,0.0
1978,6,3,9,0,0,0.928019046783,0.0
1978,6,4,9,0,0,0.846932649612,0.0
1978,6,5,9,0,0,0.94562959671,0.0
1978,6,6,9,0,0,0.283146083355,0.0
1978,6,7,9,0,0,0.343337327242,52.7000007629
1978,6,8,9,0,0,0.294799715281,24.3999996185
1978,6,9,9,0,0,0.391926050186,10.8000001907
1978,6,10,9,0,0,0.970328271389,0.0
1978,6,11,9,0,0,0.980343043804,0.0
1978,6,12,9,0,0,0.942269325256,0.0
1978,6,13,9,0,0,1.11699032784,0.0
1978,6,14,9,0,0,0.872679412365,0.0
1978,6,15,9,0,0,0.774902522564,0.0
1978,6,16,9,0,0,0.600052952766,0.0
1978,6,17,9,0,0,0.719363808632,0.0
1978,6,18,9,0,0,0.795207202435,0.0
1978,6,19,9,0,0,0.84753203392,0.0
1978,6,20,9,0,0,0.870590567589,0.0
1978,6,21,9,0,0,1.01239943504,0.0
1978,6,22,9,0,0,0.695873916149,0.0
1978,6,23,9,0,0,0.570088803768,0.0
1978,6,24,9,0,0,0.938743174076,0.0
1978,6,25,9,0,0,0.815083920956,0.0
1978,6,26,9,0,0,0.832501828671,0.0
1978,6,27,9,0,0,0.447439879179,2.90000009537
1978,6,28,9,0,0,0.86147326231,0.0
1978,6,29,9,0,0,0.942393958569,0.0
1978,6,30,9,0,0,0.958159923553,0.0
1978,7,1,9,0,0,0.831689536572,0.0
1978,7,2,9,0,0,0.47068426013,0.0
1978,7,3,9,0,0,0.421192675829,11.1000003815
1978,7,4,9,0,0,0.435864597559,42.5
1978,7,5,9,0,0,0.505791902542,5.5
1978,7,6,9,0,0,0.79630702734,0.0
1978,7,7,9,0,0,0.403395473957,7.69999980927
1978,7,8,9,0,0,0.631597161293,0.0
1978,7,9,9,0,0,1.08274173737,0.0
1978,7,10,9,0,0,0.886594355106,2.20000004768
1978,7,11,9,0,0,0.0597660318017,20.3999996185
1978,7,12,9,0,0,0.532077312469,13.8999996185
1978,7,13,9,0,0,0.728843152523,0.0
1978,7,14,9,0,0,1.13619148731,0.0
1978,7,15,9,0,0,1.03698205948,0.0
1978,7,16,9,0,0,1.08155941963,0.0
1978,7,17,9,0,0,0.82197535038,0.0
1978,7,18,9,0,0,0.953412652016,0.0
1978,7,19,9,0,0,0.841746926308,0.0
1978,7,20,9,0,0,1.14001536369,0.0
1978,7,21,9,0,0,0.539294600487,3.09999990463
1978,7,22,9,0,0,0.660650014877,6.90000009537
1978,7,23,9,0,0,0.588189542294,25.2000007629
1978,7,24,9,0,0,0.583244800568,27.5
1978,7,25,9,0,0,0.531446456909,10.1999998093
1978,7,26,9,0,0,1.23635733128,3.20000004768
1978,7,27,9,0,0,1.12681543827,10.3999996185
1978,7,28,9,0,0,0.630892038345,0.0
1978,7,29,9,0,0,1.1444965601,0.0
1978,7,30,9,0,0,1.06737589836,0.0
1978,7,31,9,0,0,1.30837464333,0.0
1978,8,1,9,0,0,1.51663708687,0.0
1978,8,2,9,0,0,1.29504466057,0.0
1978,8,3,9,0,0,0.664881289005,26.7999992371
1978,8,4,9,0,0,0.668252170086,9.60000038147
1978,8,5,9,0,0,1.30087709427,0.0
1978,8,6,9,0,0,1.41558027267,0.0
1978,8,7,9,0,0,1.01189994812,0.0
1978,8,8,9,0,0,0.899550914764,0.0
1978,8,9,9,0,0,0.69714486599,2.5
1978,8,10,9,0,0,0.656286358833,39.2999992371
1978,8,11,9,0,0,1.57322585583,3.5
1978,8,12,9,0,0,1.16163110733,0.0
1978,8,13,9,0,0,1.64242243767,0.0
1978,8,14,9,0,0,1.61750471592,0.0
1978,8,15,9,0,0,1.60617113113,0.0
1978,8,16,9,0,0,0.940419018269,19.6000003815
1978,8,17,9,0,0,0.72960370779,22.1000003815
1978,8,18,9,0,0,0.801889300346,23.0
1978,8,19,9,0,0,1.15389025211,3.09999990463
1978,8,20,9,0,0,1.80764579773,0.0
1978,8,21,9,0,0,1.86900651455,0.0
1978,8,22,9,0,0,1.88294792175,0.0
1978,8,23,9,0,0,0.615257620811,20.2000007629
1978,8,24,9,0,0,0.640669882298,8.89999961853
1978,8,25,9,0,0,1.59476733208,7.09999990463
1978,8,26,9,0,0,1.75085568428,0.0
1978,8,27,9,0,0,0.903475701809,2.5
1978,8,28,9,0,0,1.99112010002,0.0
1978,8,29,9,0,0,1.81986713409,0.0
1978,8,30,9,0,0,1.40525579453,2.40000009537
1978,8,31,9,0,0,1.00395989418,0.0
1978,9,1,9,0,0,2.7411403656,0.0
1978,9,2,9,0,0,2.12115263939,0.0
1978,9,3,9,0,0,2.39472150803,0.0
1978,9,4,9,0,0,2.47999548912,0.0
1978,9,5,9,0,0,2.41174983978,0.0
1978,9,6,9,0,0,2.23842525482,0.0
1978,9,7,9,0,0,1.31531155109,0.0
1978,9,8,9,0,0,0.633914768696,9.89999961853
1978,9,9,9,0,0,0.707914471626,11.6999998093
1978,9,10,9,0,0,1.21949839592,5.30000019073
1978,9,11,9,0,0,1.73029363155,0.0
1978,9,12,9,0,0,3.00243806839,0.0
1978,9,13,9,0,0,2.12399482727,8.19999980927
1978,9,14,9,0,0,1.46459794044,13.1000003815
1978,9,15,9,0,0,1.07426404953,12.3000001907
1978,9,16,9,0,0,1.70291185379,2.90000009537
1978,9,17,9,0,0,1.76572966576,0.0
1978,9,18,9,0,0,3.00767230988,0.0
1978,9,19,9,0,0,1.81705462933,9.19999980927
1978,9,20,9,0,0,2.80936908722,0.0
1978,9,21,9,0,0,1.87850177288,0.0
1978,9,22,9,0,0,2.505890131,0.0
1978,9,23,9,0,0,0.619953215122,23.1000003815
1978,9,24,9,0,0,0.93264490366,26.1000003815
1978,9,25,9,0,0,1.31772994995,4.90000009537
1978,9,26,9,0,0,1.9041659832,0.0
1978,9,27,9,0,0,2.33949923515,0.0
1978,9,28,9,0,0,1.31256186962,4.19999980927
1978,9,29,9,0,0,2.02149534225,0.0
1978,9,30,9,0,0,2.81673526764,2.0
1978,10,1,9,0,0,3.44652748108,0.0
1978,10,2,9,0,0,2.97419524193,0.0
1978,10,3,9,0,0,2.91430735588,0.0
1978,10,4,9,0,0,3.0397131443,0.0
1978,10,5,9,0,0,1.0695785284,2.29999995232
1978,10,6,9,0,0,3.3052611351,0.0
1978,10,7,9,0,0,3.2697429657,0.0
1978,10,8,9,0,0,3.36983561516,2.0
1978,10,9,9,0,0,3.60311460495,0.0
1978,10,10,9,0,0,3.31975388527,6.59999990463
1978,10,11,9,0,0,1.90446507931,7.40000009537
1978,10,12,9,0,0,2.72789549828,0.0
1978,10,13,9,0,0,1.40050113201,3.29999995232
1978,10,14,9,0,0,1.33886182308,32.0999984741
1978,10,15,9,0,0,3.09368562698,3.0
1978,10,16,9,0,0,3.88534832001,0.0
1978,10,17,9,0,0,2.19167017937,10.3999996185
1978,10,18,9,0,0,2.64365267754,0.0
1978,10,19,9,0,0,1.36575114727,53.7000007629
1978,10,20,9,0,0,1.55576956272,16.8999996185
1978,10,21,9,0,0,1.86241269112,0.0
1978,10,22,9,0,0,4.00938987732,4.0
1978,10,23,9,0,0,3.43406581879,0.0
1978,10,24,9,0,0,3.59633755684,0.0
1978,10,25,9,0,0,2.95604586601,0.0
1978,10,26,9,0,0,3.38943648338,3.79999995232
1978,10,27,9,0,0,3.30824065208,0.0
1978,10,28,9,0,0,3.19473338127,0.0
1978,10,29,9,0,0,3.98075509071,0.0
1978,10,30,9,0,0,3.37792038918,0.0
1978,10,31,9,0,0,3.52272391319,0.0
1978,11,1,9,0,0,1.8233704567,0.0
1978,11,2,9,0,0,3.27171397209,0.0
1978,11,3,9,0,0,3.64918899536,0.0
1978,11,4,9,0,0,3.24290943146,0.0
1978,11,5,9,0,0,4.16782808304,0.0
1978,11,6,9,0,0,4.23693990707,0.0
1978,11,7,9,0,0,3.59669780731,0.0
1978,11,8,9,0,0,3.8164627552,0.0
1978,11,9,9,0,0,4.66511440277,2.5
1978,11,10,9,0,0,0.974877238274,8.39999961853
1978,11,11,9,0,0,4.14675617218,3.0
1978,11,12,9,0,0,1.5818310976,17.7999992371
1978,11,13,9,0,0,3.02028298378,3.90000009537
1978,11,14,9,0,0,2.74909973145,20.5
1978,11,15,9,0,0,1.79864418507,19.2000007629
1978,11,16,9,0,0,3.69414258003,0.0
1978,11,17,9,0,0,1.57705128193,0.0
1978,11,18,9,0,0,4.21760749817,0.0
1978,11,19,9,0,0,4.53389644623,0.0
1978,11,20,9,0,0,5.10158777237,0.0
1978,11,21,9,0,0,3.09454679489,0.0
1978,11,22,9,0,0,1.22086620331,13.8000001907
1978,11,23,9,0,0,1.48353517056,19.2000007629
1978,11,24,9,0,0,2.50283002853,12.0
1978,11,25,9,0,0,4.20892429352,0.0
1978,11,26,9,0,0,3.95495009422,0.0
1978,11,27,9,0,0,4.70655584335,0.0
1978,11,28,9,0,0,3.70957183838,0.0
1978,11,29,9,0,0,4.56582593918,0.0
1978,11,30,9,0,0,3.89328956604,0.0
1978,12,1,9,0,0,3.69609045982,0.0
1978,12,2,9,0,0,5.73745918274,8.10000038147
1978,12,3,9,0,0,2.64067721367,8.0
1978,12,4,9,0,0,5.74110460281,3.20000004768
1978,12,5,9,0,0,5.34984397888,0.0
1978,12,6,9,0,0,3.33561205864,8.10000038147
1978,12,7,9,0,0,3.45729875565,16.7999992371
1978,12,8,9,0,0,2.36649131775,31.5
1978,12,9,9,0,0,3.71268057823,6.80000019073
1978,12,10,9,0,0,2.59542059898,12.1000003815
1978,12,11,9,0,0,4.46397590637,4.09999990463
1978,12,12,9,0,0,4.07873725891,6.90000009537
1978,12,13,9,0,0,3.14781308174,7.30000019073
1978,12,14,9,0,0,2.21856760979,18.1000003815
1978,12,15,9,0,0,5.47966766357,0.0
1978,12,16,9,0,0,5.27697515488,0.0
1978,12,17,9,0,0,1.60555362701,0.0
1978,12,18,9,0,0,3.14593291283,8.5
1978,12,19,9,0,0,2.35347294807,19.7999992371
1978,12,20,9,0,0,4.13097858429,15.1999998093
1978,12,21,9,0,0,1.79302787781,33.2999992371
1978,12,22,9,0,0,2.77778053284,3.79999995232
1978,12,23,9,0,0,1.80675184727,7.40000009537
1978,12,24,9,0,0,4.72493076324,0.0
1978,12,25,9,0,0,5.19060134888,0.0
1978,12,26,9,0,0,4.64124345779,0.0
1978,12,27,9,0,0,4.43402338028,0.0
1978,12,28,9,0,0,4.22070837021,0.0
1978,12,29,9,0,0,1.47875928879,0.0
1978,12,30,9,0,0,2.33438134193,2.59999990463
1978,12,31,9,0,0,4.93115520477,0.0
1979,1,1,9,0,0,4.19830799103,0.0
1979,1,2,9,0,0,3.11557412148,8.0
1979,1,3,9,0,0,4.0907907486,2.90000009537
1979,1,4,9,0,0,5.32635498047,0.0
1979,1,5,9,0,0,4.41672134399,0.0
1979,1,6,9,0,0,1.54309606552,3.0
1979,1,7,9,0,0,2.84438896179,0.0
1979,1,8,9,0,0,1.42135345936,0.0
1979,1,9,9,0,0,5.03691196442,0.0
1979,1,10,9,0,0,1.24752986431,0.0
1979,1,11,9,0,0,0.772554934025,18.0
1979,1,12,9,0,0,1.0483777523,11.8000001907
1979,1,13,9,0,0,3.23401522636,2.70000004768
1979,1,14,9,0,0,4.2748374939,0.0
1979,1,15,9,0,0,1.08058416843,19.2000007629
1979,1,16,9,0,0,5.37040615082,0.0
1979,1,17,9,0,0,5.11361169815,0.0
1979,1,18,9,0,0,2.89671969414,0.0
1979,1,19,9,0,0,4.33269262314,0.0
1979,1,20,9,0,0,4.36157989502,0.0
1979,1,21,9,0,0,3.96115159988,0.0
1979,1,22,9,0,0,1.97415518761,0.0
1979,1,23,9,0,0,5.40518569946,0.0
1979,1,24,9,0,0,5.10232448578,0.0
1979,1,25,9,0,0,5.06351184845,0.0
1979,1,26,9,0,0,1.85171341896,2.0
1979,1,27,9,0,0,1.88702738285,38.2999992371
1979,1,28,9,0,0,3.34953188896,2.90000009537
1979,1,29,9,0,0,2.90139102936,2.20000004768
1979,1,30,9,0,0,3.68566465378,0.0
1979,1,31,9,0,0,5.28935956955,0.0
1979,2,1,9,0,0,4.6007232666,0.0
1979,2,2,9,0,0,3.94649577141,0.0
1979,2,3,9,0,0,4.68783140182,0.0
1979,2,4,9,0,0,2.15613603592,8.30000019073
1979,2,5,9,0,0,1.16576647758,7.30000019073
1979,2,6,9,0,0,4.41642093658,0.0
1979,2,7,9,0,0,5.19005489349,0.0
1979,2,8,9,0,0,4.11516809464,0.0
1979,2,9,9,0,0,3.48740887642,0.0
1979,2,10,9,0,0,3.85826897621,0.0
1979,2,11,9,0,0,3.05855798721,4.90000009537
1979,2,12,9,0,0,2.44156980515,0.0
1979,2,13,9,0,0,4.14411067963,3.79999995232
1979,2,14,9,0,0,2.03479194641,21.2000007629
1979,2,15,9,0,0,2.32778429985,6.90000009537
1979,2,16,9,0,0,1.21425294876,23.3999996185
1979,2,17,9,0,0,3.37463665009,2.29999995232
1979,2,18,9,0,0,4.19602584839,0.0
1979,2,19,9,0,0,2.91489243507,2.90000009537
1979,2,20,9,0,0,3.70776391029,0.0
1979,2,21,9,0,0,2.83119010925,0.0
1979,2,22,9,0,0,2.20419096947,2.20000004768
1979,2,23,9,0,0,4.21903753281,0.0
1979,2,24,9,0,0,2.46919608116,0.0
1979,2,25,9,0,0,3.95520353317,0.0
1979,2,26,9,0,0,3.70292472839,0.0
1979,2,27,9,0,0,1.70426130295,5.09999990463
1979,2,28,9,0,0,2.34429812431,10.3000001907
1979,3,1,9,0,0,2.10304450989,0.0
1979,3,2,9,0,0,3.41911387444,0.0
1979,3,3,9,0,0,1.65850532055,0.0
1979,3,4,9,0,0,1.22576189041,4.80000019073
1979,3,5,9,0,0,1.2189438343,0.0
1979,3,6,9,0,0,2.17082047462,0.0
1979,3,7,9,0,0,1.1120402813,0.0
1979,3,8,9,0,0,1.71382677555,0.0
1979,3,9,9,0,0,1.74332642555,0.0
1979,3,10,9,0,0,1.67343449593,0.0
1979,3,11,9,0,0,4.21554994583,0.0
1979,3,12,9,0,0,2.73606204987,0.0
1979,3,13,9,0,0,1.10663747787,0.0
1979,3,14,9,0,0,1.60102653503,2.0
1979,3,15,9,0,0,1.40587937832,31.2000007629
1979,3,16,9,0,0,2.58015608788,0.0
1979,3,17,9,0,0,3.67763948441,0.0
1979,3,18,9,0,0,2.21284937859,2.09999990463
1979,3,19,9,0,0,2.41234230995,0.0
1979,3,20,9,0,0,2.39489340782,0.0
1979,3,21,9,0,0,2.11332273483,2.40000009537
1979,3,22,9,0,0,2.3732316494,0.0
1979,3,23,9,0,0,3.50760579109,0.0
1979,3,24,9,0,0,1.52419793606,0.0
1979,3,25,9,0,0,1.52306759357,0.0
1979,3,26,9,0,0,3.02931690216,0.0
1979,3,27,9,0,0,3.00009942055,8.19999980927
1979,3,28,9,0,0,1.77462339401,9.30000019073
1979,3,29,9,0,0,0.88034850359,14.6999998093
1979,3,30,9,0,0,1.16709399223,2.0
1979,3,31,9,0,0,3.43510270119,0.0
1979,4,1,9,0,0,2.29191184044,0.0
1979,4,2,9,0,0,2.58412313461,0.0
1979,4,3,9,0,0,2.16768884659,0.0
1979,4,4,9,0,0,1.5748642683,3.79999995232
1979,4,5,9,0,0,1.65863537788,0.0
1979,4,6,9,0,0,1.73908960819,13.1000003815
1979,4,7,9,0,0,0.882638931274,18.2000007629
1979,4,8,9,0,0,1.67942082882,8.80000019073
1979,4,9,9,0,0,1.30557000637,0.0
1979,4,10,9,0,0,0.835261821747,0.0
1979,4,11,9,0,0,0.64343982935,15.8000001907
1979,4,12,9,0,0,0.94417566061,3.20000004768
1979,4,13,9,0,0,1.75046300888,0.0
1979,4,14,9,0,0,1.10619854927,0.0
1979,4,15,9,0,0,2.31065320969,0.0
1979,4,16,9,0,0,2.12136006355,0.0
1979,4,17,9,0,0,1.98526835442,0.0
1979,4,18,9,0,0,2.09040331841,0.0
1979,4,19,9,0,0,2.14791631699,0.0
1979,4,20,9,0,0,1.1572920084,0.0
1979,4,21,9,0,0,0.566935420036,7.40000009537
1979,4,22,9,0,0,1.68675196171,4.40000009537
1979,4,23,9,0,0,1.00582516193,7.40000009537
1979,4,24,9,0,0,1.60120201111,12.8000001907
1979,4,25,9,0,0,1.28691756725,9.5
1979,4,26,9,0,0,1.56924831867,0.0
1979,4,27,9,0,0,0.795600473881,14.8999996185
1979,4,28,9,0,0,1.2552946806,4.5
1979,4,29,9,0,0,0.91395264864,9.60000038147
1979,4,30,9,0,0,1.45201933384,5.69999980927
1979,5,1,9,0,0,0.547506928444,0.0
1979,5,2,9,0,0,0.459050267935,0.0
1979,5,3,9,0,0,0.524208843708,0.0
1979,5,4,9,0,0,0.564556598663,26.7000007629
1979,5,5,9,0,0,0.659749388695,57.7000007629
1979,5,6,9,0,0,0.50265789032,41.7000007629
1979,5,7,9,0,0,1.00108587742,2.5
1979,5,8,9,0,0,1.4180688858,0.0
1979,5,9,9,0,0,0.952703416348,14.5
1979,5,10,9,0,0,0.525706231594,42.7999992371
1979,5,11,9,0,0,1.16554820538,9.10000038147
1979,5,12,9,0,0,0.931543946266,2.20000004768
1979,5,13,9,0,0,1.23653364182,0.0
1979,5,14,9,0,0,0.665141284466,26.3999996185
1979,5,15,9,0,0,0.46780371666,19.7000007629
1979,5,16,9,0,0,0.900767147541,5.19999980927
1979,5,17,9,0,0,0.89599698782,0.0
1979,5,18,9,0,0,1.42417347431,0.0
1979,5,19,9,0,0,1.37334513664,0.0
1979,5,20,9,0,0,0.950789690018,0.0
1979,5,21,9,0,0,1.18260991573,0.0
1979,5,22,9,0,0,1.27445673943,3.20000004768
1979,5,23,9,0,0,0.916816174984,0.0
1979,5,24,9,0,0,1.34047579765,0.0
1979,5,25,9,0,0,0.931596398354,0.0
1979,5,26,9,0,0,1.05643105507,0.0
1979,5,27,9,0,0,0.975253164768,5.19999980927
1979,5,28,9,0,0,0.562073051929,26.5
1979,5,29,9,0,0,1.02153778076,3.09999990463
1979,5,30,9,0,0,1.10021388531,0.0
1979,5,31,9,0,0,0.471892297268,3.79999995232
1979,6,1,9,0,0,0.904950737953,0.0
1979,6,2,9,0,0,0.840196549892,0.0
1979,6,3,9,0,0,1.04955267906,0.0
1979,6,4,9,0,0,0.902230978012,0.0
1979,6,5,9,0,0,0.328617751598,0.0
1979,6,6,9,0,0,0.543507814407,0.0
1979,6,7,9,0,0,0.92390614748,0.0
1979,6,8,9,0,0,0.388734936714,0.0
1979,6,9,9,0,0,0.434716254473,0.0
1979,6,10,9,0,0,1.04693830013,0.0
1979,6,11,9,0,0,0.296519458294,19.5
1979,6,12,9,0,0,0.589153051376,0.0
1979,6,13,9,0,0,1.19365990162,0.0
1979,6,14,9,0,0,0.97401368618,0.0
1979,6,15,9,0,0,0.620730996132,0.0
1979,6,16,9,0,0,0.954823493958,0.0
1979,6,17,9,0,0,0.863098323345,0.0
1979,6,18,9,0,0,0.472906440496,2.40000009537
1979,6,19,9,0,0,0.382202327251,9.5
1979,6,20,9,0,0,0.551964759827,0.0
1979,6,21,9,0,0,0.599754452705,0.0
1979,6,22,9,0,0,0.527540683746,4.69999980927
1979,6,23,9,0,0,0.37713804841,3.0
1979,6,24,9,0,0,0.728802680969,0.0
1979,6,25,9,0,0,1.15349340439,0.0
1979,6,26,9,0,0,1.10339701176,0.0
1979,6,27,9,0,0,0.85225456953,0.0
1979,6,28,9,0,0,0.565486967564,0.0
1979,6,29,9,0,0,0.314563572407,56.4000015259
1979,6,30,9,0,0,0.500494420528,21.7000007629
1979,7,1,9,0,0,0.531569540501,7.5
1979,7,2,9,0,0,0.392611086369,13.8999996185
1979,7,3,9,0,0,0.548023283482,0.0
1979,7,4,9,0,0,1.1303691864,0.0
1979,7,5,9,0,0,1.3640370369,0.0
1979,7,6,9,0,0,1.04493045807,0.0
1979,7,7,9,0,0,0.961765885353,0.0
1979,7,8,9,0,0,0.770169258118,0.0
1979,7,9,9,0,0,0.606231033802,0.0
1979,7,10,9,0,0,0.551866889,2.20000004768
1979,7,11,9,0,0,0.808090984821,0.0
1979,7,12,9,0,0,1.06987583637,0.0
1979,7,13,9,0,0,0.633509278297,9.30000019073
1979,7,14,9,0,0,0.679816186428,7.09999990463
1979,7,15,9,0,0,1.24506533146,0.0
1979,7,16,9,0,0,0.943959414959,0.0
1979,7,17,9,0,0,0.468193590641,3.09999990463
1979,7,18,9,0,0,0.466118127108,17.7000007629
1979,7,19,9,0,0,0.925253391266,2.5
1979,7,20,9,0,0,0.971203446388,0.0
1979,7,21,9,0,0,1.10435366631,0.0
1979,7,22,9,0,0,1.04501271248,0.0
1979,7,23,9,0,0,1.0236082077,0.0
1979,7,24,9,0,0,0.431413650513,8.10000038147
1979,7,25,9,0,0,0.504865884781,13.0
1979,7,26,9,0,0,0.718764960766,4.69999980927
1979,7,27,9,0,0,0.700621664524,3.90000009537
1979,7,28,9,0,0,0.40628144145,20.3999996185
1979,7,29,9,0,0,1.05595946312,0.0
1979,7,30,9,0,0,1.33328616619,0.0
1979,7,31,9,0,0,0.813356280327,0.0
1979,8,1,9,0,0,0.751934587955,8.19999980927
1979,8,2,9,0,0,0.37888199091,6.40000009537
1979,8,3,9,0,0,1.27841448784,5.19999980927
1979,8,4,9,0,0,0.764816939831,0.0
1979,8,5,9,0,0,1.54787755013,0.0
1979,8,6,9,0,0,0.840846896172,15.8000001907
1979,8,7,9,0,0,1.28601300716,4.69999980927
1979,8,8,9,0,0,1.41789567471,2.0
1979,8,9,9,0,0,1.43153643608,0.0
1979,8,10,9,0,0,1.11437880993,0.0
1979,8,11,9,0,0,0.605134189129,15.1999998093
1979,8,12,9,0,0,1.22476732731,13.1000003815
1979,8,13,9,0,0,0.705496311188,38.9000015259
1979,8,14,9,0,0,0.703562438488,2.20000004768
1979,8,15,9,0,0,1.68753552437,0.0
1979,8,16,9,0,0,1.5926939249,0.0
1979,8,17,9,0,0,0.693196475506,6.90000009537
1979,8,18,9,0,0,1.24347043037,0.0
1979,8,19,9,0,0,1.73890912533,0.0
1979,8,20,9,0,0,2.04353356361,0.0
1979,8,21,9,0,0,1.74006581306,0.0
1979,8,22,9,0,0,1.62513709068,0.0
1979,8,23,9,0,0,0.866035282612,3.29999995232
1979,8,24,9,0,0,0.806514143944,0.0
1979,8,25,9,0,0,1.31551229954,0.0
1979,8,26,9,0,0,2.18020892143,0.0
1979,8,27,9,0,0,2.09280633926,0.0
1979,8,28,9,0,0,1.86273229122,0.0
1979,8,29,9,0,0,1.68308079243,0.0
1979,8,30,9,0,0,0.78275257349,2.20000004768
1979,8,31,9,0,0,0.660984814167,23.7999992371
1979,9,1,9,0,0,0.866539120674,15.5
1979,9,2,9,0,0,1.64671051502,0.0
1979,9,3,9,0,0,2.75529432297,0.0
1979,9,4,9,0,0,2.20432758331,0.0
1979,9,5,9,0,0,2.66582751274,6.80000019073
1979,9,6,9,0,0,1.87656915188,8.69999980927
1979,9,7,9,0,0,1.37453782558,3.70000004768
1979,9,8,9,0,0,1.96198427677,3.59999990463
1979,9,9,9,0,0,2.38613915443,2.29999995232
1979,9,10,9,0,0,1.68524587154,2.79999995232
1979,9,11,9,0,0,0.946349620819,8.60000038147
1979,9,12,9,0,0,0.427240729332,8.80000019073
1979,9,13,9,0,0,1.38499212265,17.1000003815
1979,9,14,9,0,0,1.3570151329,3.70000004768
1979,9,15,9,0,0,2.04620242119,2.0
1979,9,16,9,0,0,3.26489067078,0.0
1979,9,17,9,0,0,2.94810032845,3.79999995232
1979,9,18,9,0,0,1.5800652504,14.8000001907
1979,9,19,9,0,0,2.30522894859,5.40000009537
1979,9,20,9,0,0,1.84128654003,20.0
1979,9,21,9,0,0,1.80564248562,12.6999998093
1979,9,22,9,0,0,2.62013936043,0.0
1979,9,23,9,0,0,1.44987821579,4.40000009537
1979,9,24,9,0,0,2.88515424728,0.0
1979,9,25,9,0,0,3.5873477459,0.0
1979,9,26,9,0,0,3.23467278481,0.0
1979,9,27,9,0,0,3.45662617683,0.0
1979,9,28,9,0,0,2.22129535675,6.0
1979,9,29,9,0,0,1.12081599236,13.1000003815
1979,9,30,9,0,0,0.948193609715,29.7999992371
1979,10,1,9,0,0,1.68438351154,27.8999996185
1979,10,2,9,0,0,2.65363144875,3.70000004768
1979,10,3,9,0,0,3.1753590107,0.0
1979,10,4,9,0,0,2.95992636681,0.0
1979,10,5,9,0,0,3.63525629044,0.0
1979,10,6,9,0,0,2.50752091408,5.90000009537
1979,10,7,9,0,0,2.65301132202,4.0
1979,10,8,9,0,0,1.343947649,13.1000003815
1979,10,9,9,0,0,3.44955134392,0.0
1979,10,10,9,0,0,1.55126607418,0.0
1979,10,11,9,0,0,3.33026599884,2.40000009537
1979,10,12,9,0,0,1.47544789314,7.80000019073
1979,10,13,9,0,0,0.881679058075,26.6000003815
1979,10,14,9,0,0,1.17963397503,29.2999992371
1979,10,15,9,0,0,2.27391862869,4.0
1979,10,16,9,0,0,1.53430855274,7.30000019073
1979,10,17,9,0,0,3.56354880333,0.0
1979,10,18,9,0,0,3.88682937622,0.0
1979,10,19,9,0,0,3.19466114044,0.0
1979,10,20,9,0,0,3.88926744461,0.0
1979,10,21,9,0,0,1.17410242558,13.6000003815
1979,10,22,9,0,0,3.67614459991,0.0
1979,10,23,9,0,0,3.77506756783,0.0
1979,10,24,9,0,0,3.92423725128,0.0
1979,10,25,9,0,0,1.74805676937,0.0
1979,10,26,9,0,0,2.25892329216,0.0
1979,10,27,9,0,0,1.56803929806,0.0
1979,10,28,9,0,0,1.04771125317,5.69999980927
1979,10,29,9,0,0,1.16842103004,28.1000003815
1979,10,30,9,0,0,1.18936228752,29.6000003815
1979,10,31,9,0,0,1.63614046574,11.0
1979,11,1,9,0,0,2.63604569435,5.09999990463
1979,11,2,9,0,0,3.07030296326,0.0
1979,11,3,9,0,0,5.14571094513,0.0
1979,11,4,9,0,0,5.12065935135,2.29999995232
1979,11,5,9,0,0,4.1739616394,0.0
1979,11,6,9,0,0,4.21205997467,0.0
1979,11,7,9,0,0,2.51056933403,3.09999990463
1979,11,8,9,0,0,4.72632980347,0.0
1979,11,9,9,0,0,4.09982299805,3.0
1979,11,10,9,0,0,4.14423274994,0.0
1979,11,11,9,0,0,4.21219968796,0.0
1979,11,12,9,0,0,4.67213535309,0.0
1979,11,13,9,0,0,2.05360722542,9.80000019073
1979,11,14,9,0,0,2.52526855469,2.09999990463
1979,11,15,9,0,0,4.76413249969,0.0
1979,11,16,9,0,0,3.29135036469,0.0
1979,11,17,9,0,0,1.62957167625,10.6000003815
1979,11,18,9,0,0,3.9695353508,0.0
1979,11,19,9,0,0,2.68789553642,2.90000009537
1979,11,20,9,0,0,1.93374192715,5.59999990463
1979,11,21,9,0,0,3.01551103592,2.09999990463
1979,11,22,9,0,0,1.46250033379,21.1000003815
1979,11,23,9,0,0,4.09515428543,4.09999990463
1979,11,24,9,0,0,3.99712371826,0.0
1979,11,25,9,0,0,5.11602497101,0.0
1979,11,26,9,0,0,2.33517193794,7.40000009537
1979,11,27,9,0,0,1.63494670391,19.0
1979,11,28,9,0,0,0.988293111324,7.09999990463
1979,11,29,9,0,0,1.86467266083,16.1000003815
1979,11,30,9,0,0,3.34564042091,8.10000038147
1979,12,1,9,0,0,3.69764089584,4.80000019073
1979,12,2,9,0,0,1.20514774323,79.5
1979,12,3,9,0,0,4.11548519135,9.60000038147
1979,12,4,9,0,0,4.58388280869,0.0
1979,12,5,9,0,0,3.13837718964,7.09999990463
1979,12,6,9,0,0,1.43052053452,20.6000003815
1979,12,7,9,0,0,4.63609695435,2.40000009537
1979,12,8,9,0,0,5.58104753494,0.0
1979,12,9,9,0,0,4.24099159241,0.0
1979,12,10,9,0,0,3.05293464661,0.0
1979,12,11,9,0,0,2.24358868599,11.1999998093
1979,12,12,9,0,0,2.49409723282,6.19999980927
1979,12,13,9,0,0,5.2447552681,3.5
1979,12,14,9,0,0,4.4339761734,0.0
1979,12,15,9,0,0,4.35096120834,0.0
1979,12,16,9,0,0,3.97173142433,0.0
1979,12,17,9,0,0,3.99841785431,19.3999996185
1979,12,18,9,0,0,3.66812348366,8.69999980927
1979,12,19,9,0,0,4.44046020508,3.70000004768
1979,12,20,9,0,0,2.68383288383,9.39999961853
1979,12,21,9,0,0,5.46420764923,0.0
1979,12,22,9,0,0,1.22976064682,13.1000003815
1979,12,23,9,0,0,2.68946790695,11.8999996185
1979,12,24,9,0,0,1.67764818668,14.1999998093
1979,12,25,9,0,0,2.8145596981,5.19999980927
1979,12,26,9,0,0,4.82560634613,3.0
1979,12,27,9,0,0,2.31674408913,10.6000003815
1979,12,28,9,0,0,4.34162902832,0.0
1979,12,29,9,0,0,4.09221601486,0.0
1979,12,30,9,0,0,6.01989412308,0.0
1979,12,31,9,0,0,6.06744194031,0.0
1980,1,1,9,0,0,4.08151435852,0.0
1980,1,2,9,0,0,1.61300945282,11.6000003815
1980,1,3,9,0,0,5.25985765457,0.0
1980,1,4,9,0,0,5.92349624634,0.0
1980,1,5,9,0,0,4.8702583313,0.0
1980,1,6,9,0,0,3.07070064545,0.0
1980,1,7,9,0,0,3.83664131165,0.0
1980,1,8,9,0,0,5.44498586655,0.0
1980,1,9,9,0,0,6.15741825104,0.0
1980,1,10,9,0,0,5.00179481506,0.0
1980,1,11,9,0,0,5.54489564896,2.40000009537
1980,1,12,9,0,0,1.98875403404,8.19999980927
1980,1,13,9,0,0,3.81413888931,0.0
1980,1,14,9,0,0,3.04470038414,0.0
1980,1,15,9,0,0,1.61276996136,39.2000007629
1980,1,16,9,0,0,1.66508460045,49.2999992371
1980,1,17,9,0,0,1.75518500805,15.3000001907
1980,1,18,9,0,0,3.35201573372,13.1000003815
1980,1,19,9,0,0,1.88196969032,19.2999992371
1980,1,20,9,0,0,3.6090285778,9.80000019073
1980,1,21,9,0,0,4.39585638046,0.0
1980,1,22,9,0,0,3.35825324059,12.5
1980,1,23,9,0,0,1.70086765289,18.7000007629
1980,1,24,9,0,0,1.24186682701,61.0
1980,1,25,9,0,0,3.80230975151,2.20000004768
1980,1,26,9,0,0,3.21651244164,9.5
1980,1,27,9,0,0,2.11324715614,13.3000001907
1980,1,28,9,0,0,2.51613640785,0.0
1980,1,29,9,0,0,5.77640104294,0.0
1980,1,30,9,0,0,5.9262843132,0.0
1980,1,31,9,0,0,4.41173887253,0.0
1980,2,1,9,0,0,3.11873054504,0.0
1980,2,2,9,0,0,3.53151679039,0.0
1980,2,3,9,0,0,3.43999457359,2.20000004768
1980,2,4,9,0,0,1.09739673138,29.6000003815
1980,2,5,9,0,0,4.41773080826,0.0
1980,2,6,9,0,0,3.91306066513,0.0
1980,2,7,9,0,0,1.3131878376,10.8999996185
1980,2,8,9,0,0,4.62592935562,0.0
1980,2,9,9,0,0,1.25260591507,56.5999984741
1980,2,10,9,0,0,3.26691055298,22.2000007629
1980,2,11,9,0,0,4.24094057083,0.0
1980,2,12,9,0,0,3.81607294083,0.0
1980,2,13,9,0,0,3.95900464058,0.0
1980,2,14,9,0,0,2.6480448246,0.0
1980,2,15,9,0,0,2.94109201431,0.0
1980,2,16,9,0,0,4.9504237175,0.0
1980,2,17,9,0,0,4.45439100266,0.0
1980,2,18,9,0,0,4.41078948975,0.0
1980,2,19,9,0,0,3.93165612221,0.0
1980,2,20,9,0,0,4.2299747467,5.90000009537
1980,2,21,9,0,0,2.84769201279,2.5
1980,2,22,9,0,0,1.50843977928,12.8999996185
1980,2,23,9,0,0,4.38662958145,0.0
1980,2,24,9,0,0,3.8171236515,0.0
1980,2,25,9,0,0,1.07199978828,27.8999996185
1980,2,26,9,0,0,1.60959506035,12.8000001907
1980,2,27,9,0,0,3.86425471306,0.0
1980,2,28,9,0,0,3.10641407967,0.0
1980,2,29,9,0,0,3.18389630318,0.0
1980,3,1,9,0,0,2.52598881721,2.5
1980,3,2,9,0,0,1.93298590183,5.30000019073
1980,3,3,9,0,0,4.65047979355,0.0
1980,3,4,9,0,0,3.28056740761,0.0
1980,3,5,9,0,0,4.44880867004,2.5
1980,3,6,9,0,0,3.43513917923,2.20000004768
1980,3,7,9,0,0,3.58768844604,0.0
1980,3,8,9,0,0,3.73975992203,0.0
1980,3,9,9,0,0,3.50515198708,0.0
1980,3,10,9,0,0,1.35275268555,7.80000019073
1980,3,11,9,0,0,1.73098397255,28.1000003815
1980,3,12,9,0,0,1.27081346512,17.0
1980,3,13,9,0,0,3.931599617,0.0
1980,3,14,9,0,0,1.68197226524,2.29999995232
1980,3,15,9,0,0,0.737797260284,8.5
1980,3,16,9,0,0,1.42387890816,18.6000003815
1980,3,17,9,0,0,1.86965060234,5.59999990463
1980,3,18,9,0,0,1.12507665157,0.0
1980,3,19,9,0,0,1.6560716629,21.3999996185
1980,3,20,9,0,0,2.18413925171,9.39999961853
1980,3,21,9,0,0,3.08532881737,0.0
1980,3,22,9,0,0,1.2670558691,0.0
1980,3,23,9,0,0,2.33721184731,4.5
1980,3,24,9,0,0,3.34130644798,0.0
1980,3,25,9,0,0,2.09456300735,0.0
1980,3,26,9,0,0,2.7118973732,0.0
1980,3,27,9,0,0,1.4717001915,0.0
1980,3,28,9,0,0,1.28688848019,6.09999990463
1980,3,29,9,0,0,1.77673447132,3.20000004768
1980,3,30,9,0,0,2.06786108017,16.0
1980,3,31,9,0,0,0.950148999691,27.5
1980,4,1,9,0,0,0.991805374622,10.6999998093
1980,4,2,9,0,0,0.867118775845,15.0
1980,4,3,9,0,0,2.27561306953,3.20000004768
1980,4,4,9,0,0,1.68707561493,0.0
1980,4,5,9,0,0,1.19268536568,0.0
1980,4,6,9,0,0,1.4274969101,2.40000009537
1980,4,7,9,0,0,1.66950285435,0.0
1980,4,8,9,0,0,1.33264088631,0.0
1980,4,9,9,0,0,1.38303136826,0.0
1980,4,10,9,0,0,1.47955787182,0.0
1980,4,11,9,0,0,2.63414978981,0.0
1980,4,12,9,0,0,2.77701258659,0.0
1980,4,13,9,0,0,1.65767586231,0.0
1980,4,14,9,0,0,2.16898608208,0.0
1980,4,15,9,0,0,1.71977043152,0.0
1980,4,16,9,0,0,1.74099075794,0.0
1980,4,17,9,0,0,1.41853964329,0.0
1980,4,18,9,0,0,2.24550557137,0.0
1980,4,19,9,0,0,2.18275952339,0.0
1980,4,20,9,0,0,2.17185425758,0.0
1980,4,21,9,0,0,2.10046553612,0.0
1980,4,22,9,0,0,2.26479673386,0.0
1980,4,23,9,0,0,2.09875178337,0.0
1980,4,24,9,0,0,0.782933652401,0.0
1980,4,25,9,0,0,0.676642596722,0.0
1980,4,26,9,0,0,1.0217795372,0.0
1980,4,27,9,0,0,0.88271433115,7.40000009537
1980,4,28,9,0,0,0.7647985816,23.5
1980,4,29,9,0,0,0.897251307964,13.3000001907
1980,4,30,9,0,0,1.16609966755,4.0
1980,5,1,9,0,0,1.18470013142,0.0
1980,5,2,9,0,0,0.997089803219,0.0
1980,5,3,9,0,0,1.13268947601,0.0
1980,5,4,9,0,0,0.717953801155,0.0
1980,5,5,9,0,0,1.14947509766,0.0
1980,5,6,9,0,0,0.915779411793,0.0
1980,5,7,9,0,0,1.18667328358,0.0
1980,5,8,9,0,0,1.58492398262,0.0
1980,5,9,9,0,0,1.34050536156,0.0
1980,5,10,9,0,0,1.30522191525,0.0
1980,5,11,9,0,0,0.989748835564,0.0
1980,5,12,9,0,0,0.907068371773,0.0
1980,5,13,9,0,0,0.601480126381,12.8000001907
1980,5,14,9,0,0,0.799268364906,3.79999995232
1980,5,15,9,0,0,1.54679238796,0.0
1980,5,16,9,0,0,1.25003802776,0.0
1980,5,17,9,0,0,1.2599337101,0.0
1980,5,18,9,0,0,0.584404528141,30.8999996185
1980,5,19,9,0,0,0.796285927296,12.1000003815
1980,5,20,9,0,0,0.474353283644,32.7000007629
1980,5,21,9,0,0,0.508040785789,21.2000007629
1980,5,22,9,0,0,0.55455583334,26.1000003815
1980,5,23,9,0,0,0.535951018333,17.8999996185
1980,5,24,9,0,0,0.804780721664,9.10000038147
1980,5,25,9,0,0,0.58584177494,9.80000019073
1980,5,26,9,0,0,1.37226331234,0.0
1980,5,27,9,0,0,1.31083142757,0.0
1980,5,28,9,0,0,1.27292823792,0.0
1980,5,29,9,0,0,1.11419081688,0.0
1980,5,30,9,0,0,0.451657056808,0.0
1980,5,31,9,0,0,0.489747136831,0.0
1980,6,1,9,0,0,0.513014435768,7.0
1980,6,2,9,0,0,0.430266410112,10.1999998093
1980,6,3,9,0,0,0.530471563339,9.89999961853
1980,6,4,9,0,0,0.504436194897,17.2000007629
1980,6,5,9,0,0,0.509665310383,3.59999990463
1980,6,6,9,0,0,0.86057806015,0.0
1980,6,7,9,0,0,1.32046544552,0.0
1980,6,8,9,0,0,0.483212381601,0.0
1980,6,9,9,0,0,0.8210247159,0.0
1980,6,10,9,0,0,0.29577434063,50.7000007629
1980,6,11,9,0,0,0.676668822765,0.0
1980,6,12,9,0,0,0.773777365685,0.0
1980,6,13,9,0,0,0.398927807808,6.30000019073
1980,6,14,9,0,0,1.10833334923,0.0
1980,6,15,9,0,0,1.05146348476,0.0
1980,6,16,9,0,0,0.909356534481,0.0
1980,6,17,9,0,0,0.934927284718,0.0
1980,6,18,9,0,0,0.897480070591,0.0
1980,6,19,9,0,0,0.878770411015,0.0
1980,6,20,9,0,0,0.937639176846,0.0
1980,6,21,9,0,0,0.873587429523,0.0
1980,6,22,9,0,0,1.00288879871,2.29999995232
1980,6,23,9,0,0,0.426159143448,3.59999990463
1980,6,24,9,0,0,0.478858977556,2.40000009537
1980,6,25,9,0,0,0.644846558571,0.0
1980,6,26,9,0,0,0.881202042103,0.0
1980,6,27,9,0,0,0.787730753422,0.0
1980,6,28,9,0,0,0.586122512817,0.0
1980,6,29,9,0,0,0.482306540012,5.19999980927
1980,6,30,9,0,0,0.473016798496,20.0
1980,7,1,9,0,0,0.641790151596,17.5
1980,7,2,9,0,0,0.679004430771,4.19999980927
1980,7,3,9,0,0,0.498001039028,0.0
1980,7,4,9,0,0,1.16071879864,0.0
1980,7,5,9,0,0,1.02979326248,0.0
1980,7,6,9,0,0,1.00747478008,0.0
1980,7,7,9,0,0,0.573750078678,11.0
1980,7,8,9,0,0,0.459450751543,29.7999992371
1980,7,9,9,0,0,0.570633113384,18.0
1980,7,10,9,0,0,0.547835469246,12.6999998093
1980,7,11,9,0,0,0.610558867455,2.79999995232
1980,7,12,9,0,0,0.889254212379,0.0
1980,7,13,9,0,0,0.876683712006,10.1999998093
1980,7,14,9,0,0,0.698914468288,25.2000007629
1980,7,15,9,0,0,0.669303894043,2.90000009537
1980,7,16,9,0,0,1.06559002399,0.0
1980,7,17,9,0,0,1.05088329315,0.0
1980,7,18,9,0,0,0.694075644016,0.0
1980,7,19,9,0,0,0.965633749962,0.0
1980,7,20,9,0,0,0.840658783913,0.0
1980,7,21,9,0,0,0.636568188667,12.5
1980,7,22,9,0,0,0.506982326508,3.79999995232
1980,7,23,9,0,0,0.542412102222,0.0
1980,7,24,9,0,0,1.22280073166,0.0
1980,7,25,9,0,0,1.0860067606,0.0
1980,7,26,9,0,0,0.782037734985,0.0
1980,7,27,9,0,0,0.579847753048,0.0
1980,7,28,9,0,0,1.1227684021,0.0
1980,7,29,9,0,0,0.805540382862,0.0
1980,7,30,9,0,0,0.70223492384,9.30000019073
1980,7,31,9,0,0,0.789720773697,8.19999980927
1980,8,1,9,0,0,0.837734937668,4.80000019073
1980,8,2,9,0,0,0.859788656235,3.79999995232
1980,8,3,9,0,0,1.28862917423,2.09999990463
1980,8,4,9,0,0,1.07687318325,5.19999980927
1980,8,5,9,0,0,1.22948217392,7.5
1980,8,6,9,0,0,0.730778694153,11.5
1980,8,7,9,0,0,1.64925706387,0.0
1980,8,8,9,0,0,1.43983983994,0.0
1980,8,9,9,0,0,1.42193078995,0.0
1980,8,10,9,0,0,1.41681909561,0.0
1980,8,11,9,0,0,0.455833137035,2.40000009537
1980,8,12,9,0,0,0.574007570744,21.1000003815
1980,8,13,9,0,0,0.731284916401,24.6000003815
1980,8,14,9,0,0,1.03767180443,0.0
1980,8,15,9,0,0,0.894618153572,40.4000015259
1980,8,16,9,0,0,0.653468608856,14.0
1980,8,17,9,0,0,1.62386858463,0.0
1980,8,18,9,0,0,1.62752151489,0.0
1980,8,19,9,0,0,0.77758872509,8.69999980927
1980,8,20,9,0,0,1.22752463818,3.90000009537
1980,8,21,9,0,0,1.26636397839,0.0
1980,8,22,9,0,0,1.13283145428,8.89999961853
1980,8,23,9,0,0,1.13185966015,2.79999995232
1980,8,24,9,0,0,1.42127645016,0.0
1980,8,25,9,0,0,0.576143503189,39.5999984741
1980,8,26,9,0,0,0.694397032261,13.8999996185
1980,8,27,9,0,0,1.64914727211,0.0
1980,8,28,9,0,0,1.57818412781,0.0
1980,8,29,9,0,0,1.42370557785,0.0
1980,8,30,9,0,0,0.633311748505,18.3999996185
1980,8,31,9,0,0,1.96684122086,7.30000019073
1980,9,1,9,0,0,0.862624704838,23.7999992371
1980,9,2,9,0,0,0.911949872971,34.5999984741
1980,9,3,9,0,0,1.88162887096,2.5
1980,9,4,9,0,0,0.678232312202,11.8000001907
1980,9,5,9,0,0,1.60847890377,3.29999995232
1980,9,6,9,0,0,2.27320194244,0.0
1980,9,7,9,0,0,1.36477172375,5.5
1980,9,8,9,0,0,1.11238181591,13.1999998093
1980,9,9,9,0,0,1.25856292248,16.8999996185
1980,9,10,9,0,0,1.59616923332,18.7999992371
1980,9,11,9,0,0,0.912032485008,18.0
1980,9,12,9,0,0,1.05864369869,30.0
1980,9,13,9,0,0,1.49932301044,7.09999990463
1980,9,14,9,0,0,1.83863544464,9.30000019073
1980,9,15,9,0,0,0.893647074699,5.90000009537
1980,9,16,9,0,0,0.732788562775,35.7000007629
1980,9,17,9,0,0,0.903200268745,9.80000019073
1980,9,18,9,0,0,2.0496199131,3.5
1980,9,19,9,0,0,0.392868161201,12.3000001907
1980,9,20,9,0,0,0.950379371643,17.1000003815
1980,9,21,9,0,0,1.17070126534,9.19999980927
1980,9,22,9,0,0,1.0323536396,29.3999996185
1980,9,23,9,0,0,0.886129975319,2.70000004768
1980,9,24,9,0,0,1.36773180962,0.0
1980,9,25,9,0,0,1.05100905895,0.0
1980,9,26,9,0,0,0.933500111103,14.5
1980,9,27,9,0,0,2.43398165703,2.59999990463
1980,9,28,9,0,0,1.48540270329,2.0
1980,9,29,9,0,0,2.57301974297,0.0
1980,9,30,9,0,0,1.77458167076,0.0
1980,10,1,9,0,0,1.53553903103,0.0
1980,10,2,9,0,0,1.57218015194,2.5
1980,10,3,9,0,0,0.594991445541,15.3000001907
1980,10,4,9,0,0,1.36635231972,2.0
1980,10,5,9,0,0,2.78115057945,0.0
1980,10,6,9,0,0,2.41248631477,0.0
1980,10,7,9,0,0,2.50433945656,0.0
1980,10,8,9,0,0,4.03396987915,10.5
1980,10,9,9,0,0,1.56521105766,6.59999990463
1980,10,10,9,0,0,4.42648124695,4.30000019073
1980,10,11,9,0,0,3.11410164833,4.0
1980,10,12,9,0,0,2.73437666893,3.20000004768
1980,10,13,9,0,0,4.04618453979,0.0
1980,10,14,9,0,0,1.37585997581,7.69999980927
1980,10,15,9,0,0,2.80286073685,6.90000009537
1980,10,16,9,0,0,1.16034424305,4.90000009537
1980,10,17,9,0,0,1.40092802048,4.90000009537
1980,10,18,9,0,0,2.27689862251,5.80000019073
1980,10,19,9,0,0,3.54166817665,2.70000004768
1980,10,20,9,0,0,3.8728313446,2.0
1980,10,21,9,0,0,3.51043438911,3.5
1980,10,22,9,0,0,1.17658996582,0.0
1980,10,23,9,0,0,4.27998209,0.0
1980,10,24,9,0,0,4.27283906937,0.0
1980,10,25,9,0,0,2.26319956779,0.0
1980,10,26,9,0,0,4.0841755867,0.0
1980,10,27,9,0,0,2.67100739479,0.0
1980,10,28,9,0,0,1.66762983799,15.8999996185
1980,10,29,9,0,0,1.70343220234,21.1000003815
1980,10,30,9,0,0,1.9390245676,4.90000009537
1980,10,31,9,0,0,1.94291234016,15.5
1980,11,1,9,0,0,2.45064973831,6.59999990463
1980,11,2,9,0,0,1.31385493279,17.7999992371
1980,11,3,9,0,0,4.41906499863,2.20000004768
1980,11,4,9,0,0,0.503364622593,4.40000009537
1980,11,5,9,0,0,3.43958330154,0.0
1980,11,6,9,0,0,4.70924711227,0.0
1980,11,7,9,0,0,2.2327234745,22.3999996185
1980,11,8,9,0,0,1.53440797329,14.3000001907
1980,11,9,9,0,0,3.08241629601,0.0
1980,11,10,9,0,0,3.17706894875,0.0
1980,11,11,9,0,0,3.43530964851,2.70000004768
1980,11,12,9,0,0,1.76257991791,2.29999995232
1980,11,13,9,0,0,4.35254716873,0.0
1980,11,14,9,0,0,2.98332309723,0.0
1980,11,15,9,0,0,2.59495210648,2.59999990463
1980,11,16,9,0,0,3.84213471413,2.0
1980,11,17,9,0,0,3.44829392433,0.0
1980,11,18,9,0,0,1.25900924206,0.0
1980,11,19,9,0,0,3.79992675781,0.0
1980,11,20,9,0,0,2.1020526886,8.30000019073
1980,11,21,9,0,0,2.00309658051,9.19999980927
1980,11,22,9,0,0,3.54472303391,16.7000007629
1980,11,23,9,0,0,2.96601772308,7.30000019073
1980,11,24,9,0,0,1.35540258884,22.8999996185
1980,11,25,9,0,0,2.32523059845,6.5
1980,11,26,9,0,0,4.48187160492,0.0
1980,11,27,9,0,0,0.893399238586,22.7000007629
1980,11,28,9,0,0,2.87753343582,3.20000004768
1980,11,29,9,0,0,3.68501734734,0.0
1980,11,30,9,0,0,1.83717226982,22.3999996185
1980,12,1,9,0,0,3.77716016769,3.40000009537
1980,12,2,9,0,0,3.38153767586,0.0
1980,12,3,9,0,0,5.29694652557,0.0
1980,12,4,9,0,0,3.87559556961,0.0
1980,12,5,9,0,0,1.56033968925,2.09999990463
1980,12,6,9,0,0,5.01513385773,0.0
1980,12,7,9,0,0,3.02623915672,0.0
1980,12,8,9,0,0,3.8575091362,0.0
1980,12,9,9,0,0,5.76810693741,0.0
1980,12,10,9,0,0,3.28188061714,0.0
1980,12,11,9,0,0,5.55840921402,0.0
1980,12,12,9,0,0,2.15613412857,0.0
1980,12,13,9,0,0,4.87146997452,0.0
1980,12,14,9,0,0,4.44731235504,0.0
1980,12,15,9,0,0,3.49246501923,0.0
1980,12,16,9,0,0,1.29409432411,0.0
1980,12,17,9,0,0,3.87529706955,0.0
1980,12,18,9,0,0,2.03721857071,27.8999996185
1980,12,19,9,0,0,1.86557638645,0.0
1980,12,20,9,0,0,3.96551465988,6.40000009537
1980,12,21,9,0,0,5.07446432114,6.0
1980,12,22,9,0,0,4.99055624008,0.0
1980,12,23,9,0,0,5.56787538528,0.0
1980,12,24,9,0,0,5.13763713837,0.0
1980,12,25,9,0,0,5.67727947235,2.20000004768
1980,12,26,9,0,0,5.94486474991,4.40000009537
1980,12,27,9,0,0,5.42016363144,0.0
1980,12,28,9,0,0,6.60917425156,0.0
1980,12,29,9,0,0,5.01465034485,0.0
1980,12,30,9,0,0,2.73908877373,0.0
1980,12,31,9,0,0,6.19682598114,0.0
1981,1,1,9,0,0,3.75871825218,0.0
1981,1,2,9,0,0,4.46800994873,0.0
1981,1,3,9,0,0,4.19087362289,0.0
1981,1,4,9,0,0,5.22337293625,5.0
1981,1,5,9,0,0,3.49155855179,0.0
1981,1,6,9,0,0,4.90497541428,0.0
1981,1,7,9,0,0,2.39587759972,3.20000004768
1981,1,8,9,0,0,5.01379489899,0.0
1981,1,9,9,0,0,5.25411748886,0.0
1981,1,10,9,0,0,5.32570123672,0.0
1981,1,11,9,0,0,5.66624832153,0.0
1981,1,12,9,0,0,5.20323562622,0.0
1981,1,13,9,0,0,5.8627243042,0.0
1981,1,14,9,0,0,5.07642173767,0.0
1981,1,15,9,0,0,5.31183624268,0.0
1981,1,16,9,0,0,5.03679513931,0.0
1981,1,17,9,0,0,6.78526735306,0.0
1981,1,18,9,0,0,5.89599657059,3.20000004768
1981,1,19,9,0,0,4.69664621353,9.10000038147
1981,1,20,9,0,0,2.23176836967,3.29999995232
1981,1,21,9,0,0,4.66468286514,0.0
1981,1,22,9,0,0,5.72455215454,0.0
1981,1,23,9,0,0,2.69545125961,0.0
1981,1,24,9,0,0,5.57362937927,0.0
1981,1,25,9,0,0,6.23684120178,0.0
1981,1,26,9,0,0,5.61924505234,0.0
1981,1,27,9,0,0,2.47502064705,4.19999980927
1981,1,28,9,0,0,3.94412684441,0.0
1981,1,29,9,0,0,1.63621151447,7.80000019073
1981,1,30,9,0,0,2.4527027607,5.80000019073
1981,1,31,9,0,0,4.13375520706,0.0
1981,2,1,9,0,0,2.82445073128,2.5
1981,2,2,9,0,0,4.14290094376,0.0
1981,2,3,9,0,0,3.80231904984,0.0
1981,2,4,9,0,0,3.52441453934,0.0
1981,2,5,9,0,0,1.61897623539,0.0
1981,2,6,9,0,0,0.675039172173,6.69999980927
1981,2,7,9,0,0,4.51706075668,0.0
1981,2,8,9,0,0,5.03912067413,0.0
1981,2,9,9,0,0,1.82228755951,2.70000004768
1981,2,10,9,0,0,1.26248729229,0.0
1981,2,11,9,0,0,1.71796274185,7.30000019073
1981,2,12,9,0,0,4.22602367401,0.0
1981,2,13,9,0,0,3.63477611542,0.0
1981,2,14,9,0,0,2.06253123283,0.0
1981,2,15,9,0,0,1.59093427658,2.79999995232
1981,2,16,9,0,0,1.99221801758,17.7000007629
1981,2,17,9,0,0,3.78230476379,0.0
1981,2,18,9,0,0,3.27330350876,0.0
1981,2,19,9,0,0,2.23631477356,4.09999990463
1981,2,20,9,0,0,4.15315389633,0.0
1981,2,21,9,0,0,4.28996276855,0.0
1981,2,22,9,0,0,4.58689451218,0.0
1981,2,23,9,0,0,1.75229632854,0.0
1981,2,24,9,0,0,3.21940422058,0.0
1981,2,25,9,0,0,2.94473028183,0.0
1981,2,26,9,0,0,3.90829157829,0.0
1981,2,27,9,0,0,4.22095823288,0.0
1981,2,28,9,0,0,3.55837368965,0.0
1981,3,1,9,0,0,3.51515269279,0.0
1981,3,2,9,0,0,1.81760859489,15.1000003815
1981,3,3,9,0,0,2.08494853973,3.09999990463
1981,3,4,9,0,0,1.69085645676,0.0
1981,3,5,9,0,0,0.855002641678,0.0
1981,3,6,9,0,0,1.95665049553,2.5
1981,3,7,9,0,0,1.54572355747,38.7999992371
1981,3,8,9,0,0,1.34636998177,32.5
1981,3,9,9,0,0,1.23067474365,50.0999984741
1981,3,10,9,0,0,3.84250044823,0.0
1981,3,11,9,0,0,1.94269835949,0.0
1981,3,12,9,0,0,2.44887256622,4.30000019073
1981,3,13,9,0,0,3.49210691452,0.0
1981,3,14,9,0,0,3.27779078484,0.0
1981,3,15,9,0,0,2.73675918579,5.69999980927
1981,3,16,9,0,0,3.1268286705,0.0
1981,3,17,9,0,0,3.3849298954,0.0
1981,3,18,9,0,0,2.88263940811,0.0
1981,3,19,9,0,0,3.81841421127,0.0
1981,3,20,9,0,0,3.32386064529,0.0
1981,3,21,9,0,0,1.55523884296,14.1999998093
1981,3,22,9,0,0,2.9817070961,5.19999980927
1981,3,23,9,0,0,1.1227004528,7.19999980927
1981,3,24,9,0,0,1.27605736256,3.79999995232
1981,3,25,9,0,0,1.63790380955,12.1999998093
1981,3,26,9,0,0,1.829226017,13.3999996185
1981,3,27,9,0,0,1.22060275078,12.1999998093
1981,3,28,9,0,0,3.59697151184,0.0
1981,3,29,9,0,0,2.40679383278,0.0
1981,3,30,9,0,0,2.26344943047,0.0
1981,3,31,9,0,0,3.17269420624,0.0
1981,4,1,9,0,0,2.82402539253,0.0
1981,4,2,9,0,0,2.90526247025,0.0
1981,4,3,9,0,0,2.38384175301,0.0
1981,4,4,9,0,0,2.46309423447,0.0
1981,4,5,9,0,0,2.31564307213,0.0
1981,4,6,9,0,0,2.41968846321,0.0
1981,4,7,9,0,0,2.13005065918,0.0
1981,4,8,9,0,0,1.81301808357,0.0
1981,4,9,9,0,0,1.36865305901,0.0
1981,4,10,9,0,0,1.40123808384,18.2000007629
1981,4,11,9,0,0,1.10354816914,13.8999996185
1981,4,12,9,0,0,2.34804725647,0.0
1981,4,13,9,0,0,1.43795096874,0.0
1981,4,14,9,0,0,1.69396948814,22.1000003815
1981,4,15,9,0,0,1.05982851982,4.69999980927
1981,4,16,9,0,0,1.13786554337,2.40000009537
1981,4,17,9,0,0,1.21867227554,6.40000009537
1981,4,18,9,0,0,1.18315732479,6.5
1981,4,19,9,0,0,1.93141388893,6.5
1981,4,20,9,0,0,0.806687176228,17.6000003815
1981,4,21,9,0,0,1.45529985428,0.0
1981,4,22,9,0,0,1.74837291241,0.0
1981,4,23,9,0,0,1.82101023197,15.8999996185
1981,4,24,9,0,0,1.83206915855,0.0
1981,4,25,9,0,0,0.822621285915,4.09999990463
1981,4,26,9,0,0,1.44066929817,12.1000003815
1981,4,27,9,0,0,1.68161725998,3.59999990463
1981,4,28,9,0,0,1.08799695969,30.0
1981,4,29,9,0,0,0.967899024487,20.5
1981,4,30,9,0,0,1.56320869923,3.09999990463
1981,5,1,9,0,0,1.56576693058,0.0
1981,5,2,9,0,0,1.46490931511,0.0
1981,5,3,9,0,0,1.04904532433,0.0
1981,5,4,9,0,0,1.12504911423,0.0
1981,5,5,9,0,0,1.36511468887,0.0
1981,5,6,9,0,0,1.36480569839,0.0
1981,5,7,9,0,0,0.537444770336,9.60000038147
1981,5,8,9,0,0,1.27967977524,0.0
1981,5,9,9,0,0,0.964116692543,4.0
1981,5,10,9,0,0,0.555611073971,24.2000007629
1981,5,11,9,0,0,1.01085019112,11.3999996185
1981,5,12,9,0,0,0.790703177452,26.0
1981,5,13,9,0,0,1.13999760151,0.0
1981,5,14,9,0,0,1.04753339291,0.0
1981,5,15,9,0,0,0.928109586239,0.0
1981,5,16,9,0,0,0.426082849503,0.0
1981,5,17,9,0,0,0.617284119129,3.79999995232
1981,5,18,9,0,0,0.451938688755,9.5
1981,5,19,9,0,0,0.619261324406,19.5
1981,5,20,9,0,0,0.775452315807,0.0
1981,5,21,9,0,0,1.33123397827,0.0
1981,5,22,9,0,0,1.57756996155,0.0
1981,5,23,9,0,0,1.33397674561,0.0
1981,5,24,9,0,0,1.21759223938,0.0
1981,5,25,9,0,0,1.12513542175,0.0
1981,5,26,9,0,0,1.14600396156,0.0
1981,5,27,9,0,0,1.16396403313,0.0
1981,5,28,9,0,0,1.15235674381,0.0
1981,5,29,9,0,0,1.04315841198,0.0
1981,5,30,9,0,0,0.652044713497,0.0
1981,5,31,9,0,0,0.452372819185,21.7999992371
1981,6,1,9,0,0,0.850566148758,9.89999961853
1981,6,2,9,0,0,0.298400908709,55.0
1981,6,3,9,0,0,0.437632113695,15.0
1981,6,4,9,0,0,0.425584197044,39.0
1981,6,5,9,0,0,0.896018445492,0.0
1981,6,6,9,0,0,0.778094053268,0.0
1981,6,7,9,0,0,0.86198836565,0.0
1981,6,8,9,0,0,0.753365457058,0.0
1981,6,9,9,0,0,1.25063633919,0.0
1981,6,10,9,0,0,1.04387569427,0.0
1981,6,11,9,0,0,0.946434438229,0.0
1981,6,12,9,0,0,0.777892351151,0.0
1981,6,13,9,0,0,0.603447556496,0.0
1981,6,14,9,0,0,0.76938533783,6.5
1981,6,15,9,0,0,0.367333203554,8.89999961853
1981,6,16,9,0,0,0.387761622667,9.5
1981,6,17,9,0,0,0.602915465832,4.69999980927
1981,6,18,9,0,0,0.573804080486,9.39999961853
1981,6,19,9,0,0,0.484919667244,3.59999990463
1981,6,20,9,0,0,0.855489552021,0.0
1981,6,21,9,0,0,0.921066343784,0.0
1981,6,22,9,0,0,1.06377053261,0.0
1981,6,23,9,0,0,0.924006640911,0.0
1981,6,24,9,0,0,0.566368997097,0.0
1981,6,25,9,0,0,0.458832412958,0.0
1981,6,26,9,0,0,0.514803826809,10.0
1981,6,27,9,0,0,0.54521548748,18.1000003815
1981,6,28,9,0,0,0.739660561085,3.79999995232
1981,6,29,9,0,0,0.46320950985,13.6999998093
1981,6,30,9,0,0,0.7453302145,2.0
1981,7,1,9,0,0,0.660211920738,2.29999995232
1981,7,2,9,0,0,0.619471132755,29.1000003815
1981,7,3,9,0,0,0.400793224573,26.1000003815
1981,7,4,9,0,0,0.691195964813,5.19999980927
1981,7,5,9,0,0,0.540218174458,19.3999996185
1981,7,6,9,0,0,0.365535020828,13.1999998093
1981,7,7,9,0,0,0.695081472397,16.5
1981,7,8,9,0,0,0.388318181038,14.3999996185
1981,7,9,9,0,0,0.512883603573,0.0
1981,7,10,9,0,0,1.00245583057,0.0
1981,7,11,9,0,0,1.35082364082,0.0
1981,7,12,9,0,0,1.11644876003,0.0
1981,7,13,9,0,0,0.980993509293,0.0
1981,7,14,9,0,0,0.985994160175,0.0
1981,7,15,9,0,0,0.959686398506,0.0
1981,7,16,9,0,0,1.20800971985,0.0
1981,7,17,9,0,0,0.822064816952,0.0
1981,7,18,9,0,0,0.847741246223,0.0
1981,7,19,9,0,0,1.34708380699,0.0
1981,7,20,9,0,0,1.08307850361,0.0
1981,7,21,9,0,0,0.932016849518,0.0
1981,7,22,9,0,0,1.00907683372,0.0
1981,7,23,9,0,0,0.335060626268,0.0
1981,7,24,9,0,0,0.69521945715,4.80000019073
1981,7,25,9,0,0,0.337913155556,35.5999984741
1981,7,26,9,0,0,0.678436398506,5.90000009537
1981,7,27,9,0,0,0.826016068459,14.6999998093
1981,7,28,9,0,0,0.330337226391,16.5
1981,7,29,9,0,0,0.668733716011,21.7000007629
1981,7,30,9,0,0,0.606692612171,29.0
1981,7,31,9,0,0,0.618660092354,22.3999996185
1981,8,1,9,0,0,0.887126684189,0.0
1981,8,2,9,0,0,0.586843073368,2.90000009537
1981,8,3,9,0,0,1.32157862186,0.0
1981,8,4,9,0,0,1.49453902245,0.0
1981,8,5,9,0,0,1.55551981926,0.0
1981,8,6,9,0,0,1.40195083618,0.0
1981,8,7,9,0,0,1.5419781208,0.0
1981,8,8,9,0,0,2.09257483482,4.59999990463
1981,8,9,9,0,0,1.15376627445,2.5
1981,8,10,9,0,0,1.05004072189,0.0
1981,8,11,9,0,0,0.891739308834,0.0
1981,8,12,9,0,0,1.7700586319,0.0
1981,8,13,9,0,0,1.2856720686,0.0
1981,8,14,9,0,0,1.17469644547,0.0
1981,8,15,9,0,0,0.87772500515,0.0
1981,8,16,9,0,0,1.83324551582,0.0
1981,8,17,9,0,0,1.33092033863,0.0
1981,8,18,9,0,0,0.414465129375,9.5
1981,8,19,9,0,0,0.797324180603,3.40000009537
1981,8,20,9,0,0,1.42372405529,2.09999990463
1981,8,21,9,0,0,1.28731584549,0.0
1981,8,22,9,0,0,1.17343640327,0.0
1981,8,23,9,0,0,1.03295195103,0.0
1981,8,24,9,0,0,0.993458807468,2.90000009537
1981,8,25,9,0,0,1.30513179302,0.0
1981,8,26,9,0,0,1.45676290989,0.0
1981,8,27,9,0,0,1.90032684803,0.0
1981,8,28,9,0,0,1.80754065514,0.0
1981,8,29,9,0,0,1.8216946125,0.0
1981,8,30,9,0,0,1.75398421288,0.0
1981,8,31,9,0,0,1.86488080025,0.0
1981,9,1,9,0,0,2.4010078907,0.0
1981,9,2,9,0,0,2.61061191559,2.20000004768
1981,9,3,9,0,0,1.24153232574,12.8999996185
1981,9,4,9,0,0,2.21076583862,12.6999998093
1981,9,5,9,0,0,0.933740794659,12.5
1981,9,6,9,0,0,0.882302165031,2.40000009537
1981,9,7,9,0,0,1.01638650894,5.09999990463
1981,9,8,9,0,0,1.57906520367,5.19999980927
1981,9,9,9,0,0,0.920814216137,9.30000019073
1981,9,10,9,0,0,2.07628059387,4.30000019073
1981,9,11,9,0,0,1.48829853535,3.5
1981,9,12,9,0,0,0.482561051846,17.7999992371
1981,9,13,9,0,0,1.90799629688,19.2999992371
1981,9,14,9,0,0,1.97215008736,4.30000019073
1981,9,15,9,0,0,2.21849441528,2.79999995232
1981,9,16,9,0,0,2.04029083252,2.90000009537
1981,9,17,9,0,0,2.59531164169,0.0
1981,9,18,9,0,0,1.55987799168,0.0
1981,9,19,9,0,0,0.386260956526,33.5999984741
1981,9,20,9,0,0,1.34886038303,11.1999998093
1981,9,21,9,0,0,2.14618754387,0.0
1981,9,22,9,0,0,1.89390873909,0.0
1981,9,23,9,0,0,0.869123399258,2.90000009537
1981,9,24,9,0,0,0.927185773849,13.1000003815
1981,9,25,9,0,0,1.8730045557,14.0
1981,9,26,9,0,0,1.30392575264,24.2000007629
1981,9,27,9,0,0,1.44356155396,6.80000019073
1981,9,28,9,0,0,0.980219662189,16.6000003815
1981,9,29,9,0,0,2.13408827782,10.0
1981,9,30,9,0,0,1.78084373474,5.69999980927
1981,10,1,9,0,0,1.69861602783,12.5
1981,10,2,9,0,0,1.47751832008,2.90000009537
1981,10,3,9,0,0,1.32282054424,5.19999980927
1981,10,4,9,0,0,0.967747271061,15.6000003815
1981,10,5,9,0,0,1.22483372688,72.0999984741
1981,10,6,9,0,0,3.18052220345,0.0
1981,10,7,9,0,0,2.95775103569,0.0
1981,10,8,9,0,0,1.92740571499,9.19999980927
1981,10,9,9,0,0,3.40515685081,0.0
1981,10,10,9,0,0,1.83874964714,3.70000004768
1981,10,11,9,0,0,2.93898653984,0.0
1981,10,12,9,0,0,1.75125443935,0.0
1981,10,13,9,0,0,3.78404760361,0.0
1981,10,14,9,0,0,3.23716974258,0.0
1981,10,15,9,0,0,3.24543237686,4.09999990463
1981,10,16,9,0,0,1.22985732555,27.2000007629
1981,10,17,9,0,0,3.70081758499,0.0
1981,10,18,9,0,0,4.06790351868,0.0
1981,10,19,9,0,0,3.91548705101,0.0
1981,10,20,9,0,0,3.10448718071,0.0
1981,10,21,9,0,0,3.79291772842,0.0
1981,10,22,9,0,0,1.16248059273,17.6000003815
1981,10,23,9,0,0,0.794583559036,24.2999992371
1981,10,24,9,0,0,1.51637220383,3.20000004768
1981,10,25,9,0,0,4.64086961746,0.0
1981,10,26,9,0,0,3.22324085236,3.59999990463
1981,10,27,9,0,0,3.45760631561,0.0
1981,10,28,9,0,0,3.70234036446,0.0
1981,10,29,9,0,0,2.85944628716,0.0
1981,10,30,9,0,0,1.43176829815,0.0
1981,10,31,9,0,0,3.26836299896,7.90000009537
1981,11,1,9,0,0,3.7138876915,3.20000004768
1981,11,2,9,0,0,1.40288925171,2.79999995232
1981,11,3,9,0,0,4.0692653656,0.0
1981,11,4,9,0,0,3.74366474152,0.0
1981,11,5,9,0,0,3.15073466301,0.0
1981,11,6,9,0,0,1.12704324722,16.2999992371
1981,11,7,9,0,0,2.61815333366,16.7999992371
1981,11,8,9,0,0,1.90438020229,4.0
1981,11,9,9,0,0,3.16816926003,5.30000019073
1981,11,10,9,0,0,4.69973659515,0.0
1981,11,11,9,0,0,2.3743929863,0.0
1981,11,12,9,0,0,1.5852637291,4.5
1981,11,13,9,0,0,3.10083341599,4.69999980927
1981,11,14,9,0,0,1.99010789394,11.3000001907
1981,11,15,9,0,0,2.48231196404,19.0
1981,11,16,9,0,0,1.03449094296,13.0
1981,11,17,9,0,0,1.66089344025,4.59999990463
1981,11,18,9,0,0,2.74042272568,0.0
1981,11,19,9,0,0,4.78608417511,0.0
1981,11,20,9,0,0,5.23769283295,0.0
1981,11,21,9,0,0,4.2590174675,0.0
1981,11,22,9,0,0,5.4431014061,0.0
1981,11,23,9,0,0,4.44161128998,5.40000009537
1981,11,24,9,0,0,5.00339984894,0.0
1981,11,25,9,0,0,4.04158163071,2.20000004768
1981,11,26,9,0,0,4.63896560669,0.0
1981,11,27,9,0,0,3.36189126968,0.0
1981,11,28,9,0,0,3.21459150314,0.0
1981,11,29,9,0,0,3.55830979347,0.0
1981,11,30,9,0,0,4.43048286438,6.80000019073
1981,12,1,9,0,0,1.25714802742,13.6999998093
1981,12,2,9,0,0,1.46557021141,11.1000003815
1981,12,3,9,0,0,4.06482744217,0.0
1981,12,4,9,0,0,4.78341293335,3.0
1981,12,5,9,0,0,1.15455091,9.80000019073
1981,12,6,9,0,0,1.8095241785,19.2999992371
1981,12,7,9,0,0,2.23898243904,35.0999984741
1981,12,8,9,0,0,3.00072526932,23.3999996185
1981,12,9,9,0,0,3.14281582832,21.1000003815
1981,12,10,9,0,0,2.73832440376,9.5
1981,12,11,9,0,0,4.25651168823,0.0
1981,12,12,9,0,0,4.80962848663,0.0
1981,12,13,9,0,0,3.45949363708,0.0
1981,12,14,9,0,0,1.13456356525,0.0
1981,12,15,9,0,0,3.75568890572,0.0
1981,12,16,9,0,0,4.79554748535,0.0
1981,12,17,9,0,0,4.62506818771,0.0
1981,12,18,9,0,0,5.53451967239,0.0
1981,12,19,9,0,0,5.58187818527,0.0
1981,12,20,9,0,0,2.4593398571,3.20000004768
1981,12,21,9,0,0,4.04277181625,5.19999980927
1981,12,22,9,0,0,3.22083926201,3.59999990463
1981,12,23,9,0,0,2.14579939842,12.8999996185
1981,12,24,9,0,0,5.3203959465,0.0
1981,12,25,9,0,0,4.03102302551,0.0
1981,12,26,9,0,0,7.01819372177,0.0
1981,12,27,9,0,0,6.69397115707,0.0
1981,12,28,9,0,0,4.53564786911,3.90000009537
1981,12,29,9,0,0,2.58704519272,0.0
1981,12,30,9,0,0,1.29828250408,6.09999990463
1981,12,31,9,0,0,2.99590373039,3.70000004768
1982,1,1,9,0,0,4.79271316528,0.0
1982,1,2,9,0,0,4.23943758011,0.0
1982,1,3,9,0,0,1.51152598858,16.5
1982,1,4,9,0,0,3.41564679146,5.90000009537
1982,1,5,9,0,0,2.56157946587,14.6999998093
1982,1,6,9,0,0,2.85037136078,12.8999996185
1982,1,7,9,0,0,4.51442480087,0.0
1982,1,8,9,0,0,5.2259850502,0.0
1982,1,9,9,0,0,4.13505601883,0.0
1982,1,10,9,0,0,4.34541749954,0.0
1982,1,11,9,0,0,5.86718702316,0.0
1982,1,12,9,0,0,5.43013381958,0.0
1982,1,13,9,0,0,4.82644605637,0.0
1982,1,14,9,0,0,2.9203209877,2.5
1982,1,15,9,0,0,4.08935642242,0.0
1982,1,16,9,0,0,5.76136016846,0.0
1982,1,17,9,0,0,5.65425395966,0.0
1982,1,18,9,0,0,3.55909967422,3.90000009537
1982,1,19,9,0,0,5.26951503754,0.0
1982,1,20,9,0,0,4.27492189407,0.0
1982,1,21,9,0,0,4.40292215347,0.0
1982,1,22,9,0,0,1.51233959198,50.5999984741
1982,1,23,9,0,0,3.45302128792,9.39999961853
1982,1,24,9,0,0,4.05932378769,0.0
1982,1,25,9,0,0,2.87416696548,4.69999980927
1982,1,26,9,0,0,0.339741051197,16.5
1982,1,27,9,0,0,2.36983394623,12.6000003815
1982,1,28,9,0,0,3.60168790817,0.0
1982,1,29,9,0,0,5.39096260071,0.0
1982,1,30,9,0,0,4.23215913773,0.0
1982,1,31,9,0,0,3.38336372375,0.0
1982,2,1,9,0,0,2.38407659531,0.0
1982,2,2,9,0,0,3.9520509243,0.0
1982,2,3,9,0,0,4.87405586243,0.0
1982,2,4,9,0,0,3.55315566063,0.0
1982,2,5,9,0,0,2.33747339249,7.80000019073
1982,2,6,9,0,0,4.5555973053,0.0
1982,2,7,9,0,0,4.95211362839,0.0
1982,2,8,9,0,0,4.70380592346,0.0
1982,2,9,9,0,0,5.23154783249,0.0
1982,2,10,9,0,0,3.53869318962,0.0
1982,2,11,9,0,0,4.74599885941,0.0
1982,2,12,9,0,0,4.41157531738,0.0
1982,2,13,9,0,0,3.72597289085,0.0
1982,2,14,9,0,0,4.26903438568,0.0
1982,2,15,9,0,0,4.52366781235,0.0
1982,2,16,9,0,0,3.9190928936,0.0
1982,2,17,9,0,0,1.15214073658,2.0
1982,2,18,9,0,0,0.705265581608,19.6000003815
1982,2,19,9,0,0,3.59704756737,3.29999995232
1982,2,20,9,0,0,4.99767351151,0.0
1982,2,21,9,0,0,2.70077872276,0.0
1982,2,22,9,0,0,3.97264289856,0.0
1982,2,23,9,0,0,2.28353738785,29.7999992371
1982,2,24,9,0,0,2.0792453289,2.59999990463
1982,2,25,9,0,0,3.65020728111,16.5
1982,2,26,9,0,0,1.20974242687,19.3999996185
1982,2,27,9,0,0,2.252607584,0.0
1982,2,28,9,0,0,2.09178972244,7.80000019073
1982,3,1,9,0,0,1.01178276539,2.09999990463
1982,3,2,9,0,0,1.18790459633,5.09999990463
1982,3,3,9,0,0,3.32917737961,0.0
1982,3,4,9,0,0,4.015645504,0.0
1982,3,5,9,0,0,2.36021876335,0.0
1982,3,6,9,0,0,2.71689867973,0.0
1982,3,7,9,0,0,3.3722486496,0.0
1982,3,8,9,0,0,4.05945587158,0.0
1982,3,9,9,0,0,2.52621746063,2.29999995232
1982,3,10,9,0,0,1.85023415089,0.0
1982,3,11,9,0,0,1.90280437469,0.0
1982,3,12,9,0,0,0.804332613945,4.0
1982,3,13,9,0,0,3.80475735664,0.0
1982,3,14,9,0,0,3.5954375267,0.0
1982,3,15,9,0,0,3.85915899277,0.0
1982,3,16,9,0,0,3.34311652184,0.0
1982,3,17,9,0,0,2.12714338303,0.0
1982,3,18,9,0,0,2.64010858536,0.0
1982,3,19,9,0,0,2.26850175858,0.0
1982,3,20,9,0,0,3.66132736206,2.5
1982,3,21,9,0,0,3.53143835068,0.0
1982,3,22,9,0,0,3.20209956169,0.0
1982,3,23,9,0,0,3.31619310379,0.0
1982,3,24,9,0,0,3.49934530258,0.0
1982,3,25,9,0,0,3.69124317169,0.0
1982,3,26,9,0,0,3.60530877113,0.0
1982,3,27,9,0,0,3.65532517433,0.0
1982,3,28,9,0,0,3.3878364563,2.20000004768
1982,3,29,9,0,0,2.09625649452,0.0
1982,3,30,9,0,0,1.2001632452,8.60000038147
1982,3,31,9,0,0,1.94538080692,4.5
1982,4,1,9,0,0,2.82380056381,3.79999995232
1982,4,2,9,0,0,2.63765048981,0.0
1982,4,3,9,0,0,1.12785387039,5.80000019073
1982,4,4,9,0,0,2.51709151268,3.0
1982,4,5,9,0,0,2.27102541924,0.0
1982,4,6,9,0,0,0.839557766914,16.0
1982,4,7,9,0,0,1.59095573425,0.0
1982,4,8,9,0,0,0.858299434185,16.3999996185
1982,4,9,9,0,0,2.67907810211,0.0
1982,4,10,9,0,0,2.58959937096,0.0
1982,4,11,9,0,0,1.95371055603,0.0
1982,4,12,9,0,0,2.2690808773,8.19999980927
1982,4,13,9,0,0,0.728626787663,6.19999980927
1982,4,14,9,0,0,1.62597692013,0.0
1982,4,15,9,0,0,2.18380284309,0.0
1982,4,16,9,0,0,2.27384185791,0.0
1982,4,17,9,0,0,2.19870209694,0.0
1982,4,18,9,0,0,2.02042913437,0.0
1982,4,19,9,0,0,2.38475799561,0.0
1982,4,20,9,0,0,1.33588373661,0.0
1982,4,21,9,0,0,1.8569163084,0.0
1982,4,22,9,0,0,2.05840277672,0.0
1982,4,23,9,0,0,1.96824753284,0.0
1982,4,24,9,0,0,1.86031591892,0.0
1982,4,25,9,0,0,2.2466840744,0.0
1982,4,26,9,0,0,2.07650828362,0.0
1982,4,27,9,0,0,1.95990037918,0.0
1982,4,28,9,0,0,2.09550237656,0.0
1982,4,29,9,0,0,0.676747441292,10.3999996185
1982,4,30,9,0,0,1.90630125999,0.0
1982,5,1,9,0,0,1.47953951359,0.0
1982,5,2,9,0,0,1.81611478329,0.0
1982,5,3,9,0,0,1.25948596001,0.0
1982,5,4,9,0,0,1.40818572044,0.0
1982,5,5,9,0,0,1.23174476624,0.0
1982,5,6,9,0,0,1.29682850838,0.0
1982,5,7,9,0,0,0.581377804279,19.7999992371
1982,5,8,9,0,0,0.669885456562,12.1999998093
1982,5,9,9,0,0,1.2536996603,7.5
1982,5,10,9,0,0,0.840561032295,12.8000001907
1982,5,11,9,0,0,0.49376475811,38.4000015259
1982,5,12,9,0,0,0.676937997341,19.7000007629
1982,5,13,9,0,0,0.880728304386,7.5
1982,5,14,9,0,0,0.71835309267,0.0
1982,5,15,9,0,0,1.53650331497,0.0
1982,5,16,9,0,0,0.970829486847,6.80000019073
1982,5,17,9,0,0,0.631346702576,11.8000001907
1982,5,18,9,0,0,0.897524595261,0.0
1982,5,19,9,0,0,0.383396565914,21.3999996185
1982,5,20,9,0,0,0.634870111942,33.0
1982,5,21,9,0,0,0.819901704788,20.7999992371
1982,5,22,9,0,0,0.418500900269,27.3999996185
1982,5,23,9,0,0,0.610195398331,15.6999998093
1982,5,24,9,0,0,0.711144506931,13.8999996185
1982,5,25,9,0,0,0.672921538353,7.5
1982,5,26,9,0,0,1.23796308041,2.09999990463
1982,5,27,9,0,0,0.714646995068,2.5
1982,5,28,9,0,0,0.758230805397,0.0
1982,5,29,9,0,0,0.798228085041,0.0
1982,5,30,9,0,0,0.895345032215,0.0
1982,5,31,9,0,0,0.620767474174,0.0
1982,6,1,9,0,0,0.519229888916,0.0
1982,6,2,9,0,0,0.413029372692,2.90000009537
1982,6,3,9,0,0,0.314246445894,36.5
1982,6,4,9,0,0,0.586586534977,4.19999980927
1982,6,5,9,0,0,0.788672685623,0.0
1982,6,6,9,0,0,1.1386500597,0.0
1982,6,7,9,0,0,0.403120547533,0.0
1982,6,8,9,0,0,0.914134085178,0.0
1982,6,9,9,0,0,0.892482280731,0.0
1982,6,10,9,0,0,0.753164470196,0.0
1982,6,11,9,0,0,0.952678799629,0.0
1982,6,12,9,0,0,0.971331596375,0.0
1982,6,13,9,0,0,0.909689247608,0.0
1982,6,14,9,0,0,0.85017567873,0.0
1982,6,15,9,0,0,0.757481634617,0.0
1982,6,16,9,0,0,0.795953631401,0.0
1982,6,17,9,0,0,0.863594949245,0.0
1982,6,18,9,0,0,0.810450077057,0.0
1982,6,19,9,0,0,0.9052734375,0.0
1982,6,20,9,0,0,0.972059190273,3.0
1982,6,21,9,0,0,0.377649515867,26.3999996185
1982,6,22,9,0,0,0.274284362793,29.1000003815
1982,6,23,9,0,0,0.296764314175,2.09999990463
1982,6,24,9,0,0,0.777946949005,0.0
1982,6,25,9,0,0,0.777739226818,0.0
1982,6,26,9,0,0,1.02355587482,0.0
1982,6,27,9,0,0,0.481506079435,0.0
1982,6,28,9,0,0,0.585000455379,0.0
1982,6,29,9,0,0,0.726816296577,0.0
1982,6,30,9,0,0,0.847187578678,0.0
1982,7,1,9,0,0,1.0174626112,0.0
1982,7,2,9,0,0,1.17066991329,0.0
1982,7,3,9,0,0,0.661293148994,0.0
1982,7,4,9,0,0,0.984613120556,0.0
1982,7,5,9,0,0,0.964513897896,0.0
1982,7,6,9,0,0,0.819141030312,0.0
1982,7,7,9,0,0,0.830622196198,0.0
1982,7,8,9,0,0,0.899533629417,0.0
1982,7,9,9,0,0,0.939761519432,0.0
1982,7,10,9,0,0,0.940192043781,0.0
1982,7,11,9,0,0,0.924633800983,0.0
1982,7,12,9,0,0,0.399972856045,14.8000001907
1982,7,13,9,0,0,0.563148319721,13.6000003815
1982,7,14,9,0,0,0.527429699898,8.60000038147
1982,7,15,9,0,0,0.702326118946,14.3999996185
1982,7,16,9,0,0,0.411575466394,19.7999992371
1982,7,17,9,0,0,0.59590190649,16.3999996185
1982,7,18,9,0,0,0.795771121979,17.1000003815
1982,7,19,9,0,0,0.29128164053,26.2999992371
1982,7,20,9,0,0,0.445651650429,0.0
1982,7,21,9,0,0,1.31546974182,0.0
1982,7,22,9,0,0,1.20857679844,0.0
1982,7,23,9,0,0,1.08379483223,0.0
1982,7,24,9,0,0,0.730991125107,0.0
1982,7,25,9,0,0,0.524651527405,3.20000004768
1982,7,26,9,0,0,0.255921453238,7.19999980927
1982,7,27,9,0,0,0.626404166222,0.0
1982,7,28,9,0,0,1.18195486069,0.0
1982,7,29,9,0,0,1.06731200218,0.0
1982,7,30,9,0,0,0.62772578001,21.8999996185
1982,7,31,9,0,0,0.522410690784,6.90000009537
1982,8,1,9,0,0,0.785575091839,22.7999992371
1982,8,2,9,0,0,1.42164027691,0.0
1982,8,3,9,0,0,1.19860744476,0.0
1982,8,4,9,0,0,0.745385050774,2.09999990463
1982,8,5,9,0,0,0.922990977764,0.0
1982,8,6,9,0,0,0.934561133385,0.0
1982,8,7,9,0,0,1.25570178032,0.0
1982,8,8,9,0,0,1.09783482552,0.0
1982,8,9,9,0,0,0.768520355225,0.0
1982,8,10,9,0,0,0.633903861046,7.69999980927
1982,8,11,9,0,0,1.36581265926,0.0
1982,8,12,9,0,0,1.53723585606,0.0
1982,8,13,9,0,0,0.659861505032,23.7999992371
1982,8,14,9,0,0,0.694715023041,4.0
1982,8,15,9,0,0,1.21332526207,0.0
1982,8,16,9,0,0,0.773717701435,2.09999990463
1982,8,17,9,0,0,0.769226789474,5.09999990463
1982,8,18,9,0,0,1.79489088058,0.0
1982,8,19,9,0,0,1.04842627048,2.5
1982,8,20,9,0,0,1.52942490578,0.0
1982,8,21,9,0,0,0.173893585801,0.0
1982,8,22,9,0,0,0.497008830309,10.3999996185
1982,8,23,9,0,0,0.877227783203,2.79999995232
1982,8,24,9,0,0,1.06256985664,2.09999990463
1982,8,25,9,0,0,0.437971174717,13.8000001907
1982,8,26,9,0,0,1.44610524178,0.0
1982,8,27,9,0,0,1.76747739315,0.0
1982,8,28,9,0,0,0.524453103542,5.90000009537
1982,8,29,9,0,0,1.91918838024,0.0
1982,8,30,9,0,0,0.402406334877,3.5
1982,8,31,9,0,0,0.261202931404,24.7999992371
1982,9,1,9,0,0,2.00426268578,0.0
1982,9,2,9,0,0,2.1022772789,0.0
1982,9,3,9,0,0,0.966175198555,14.1999998093
1982,9,4,9,0,0,0.111003324389,25.5
1982,9,5,9,0,0,2.07109665871,0.0
1982,9,6,9,0,0,1.28078067303,0.0
1982,9,7,9,0,0,0.593333721161,6.59999990463
1982,9,8,9,0,0,0.990518689156,7.90000009537
1982,9,9,9,0,0,0.995114266872,0.0
1982,9,10,9,0,0,0.936291277409,43.7999992371
1982,9,11,9,0,0,0.655462503433,15.1000003815
1982,9,12,9,0,0,0.97107231617,2.29999995232
1982,9,13,9,0,0,2.01042246819,4.30000019073
1982,9,14,9,0,0,2.78504943848,0.0
1982,9,15,9,0,0,2.86291241646,0.0
1982,9,16,9,0,0,2.16908860207,0.0
1982,9,17,9,0,0,2.40430188179,0.0
1982,9,18,9,0,0,1.54093599319,7.5
1982,9,19,9,0,0,0.837397217751,13.1000003815
1982,9,20,9,0,0,2.61452102661,0.0
1982,9,21,9,0,0,2.68991780281,0.0
1982,9,22,9,0,0,2.68337368965,0.0
1982,9,23,9,0,0,2.36039113998,0.0
1982,9,24,9,0,0,2.39069032669,8.5
1982,9,25,9,0,0,0.929747700691,10.6999998093
1982,9,26,9,0,0,1.47045123577,5.09999990463
1982,9,27,9,0,0,1.01570284367,12.5
1982,9,28,9,0,0,2.79372096062,0.0
1982,9,29,9,0,0,1.56531083584,0.0
1982,9,30,9,0,0,2.30213785172,0.0
1982,10,1,9,0,0,1.21115231514,2.0
1982,10,2,9,0,0,1.72515654564,0.0
1982,10,3,9,0,0,2.47099947929,3.20000004768
1982,10,4,9,0,0,3.29784798622,2.09999990463
1982,10,5,9,0,0,2.70478153229,0.0
1982,10,6,9,0,0,4.19782972336,2.20000004768
1982,10,7,9,0,0,3.02338242531,0.0
1982,10,8,9,0,0,2.63952159882,0.0
1982,10,9,9,0,0,1.09125089645,18.5
1982,10,10,9,0,0,3.18793129921,5.69999980927
1982,10,11,9,0,0,2.38016986847,5.30000019073
1982,10,12,9,0,0,1.86462378502,4.0
1982,10,13,9,0,0,2.52721405029,0.0
1982,10,14,9,0,0,2.73998856544,0.0
1982,10,15,9,0,0,2.05854558945,13.1000003815
1982,10,16,9,0,0,2.68454360962,8.5
1982,10,17,9,0,0,3.2876958847,0.0
1982,10,18,9,0,0,4.12734413147,0.0
1982,10,19,9,0,0,4.51583576202,0.0
1982,10,20,9,0,0,3.78171658516,0.0
1982,10,21,9,0,0,1.51781725883,7.19999980927
1982,10,22,9,0,0,1.39243233204,22.3999996185
1982,10,23,9,0,0,0.884279131889,23.7000007629
1982,10,24,9,0,0,2.40689253807,4.5
1982,10,25,9,0,0,2.77358531952,0.0
1982,10,26,9,0,0,3.32835674286,0.0
1982,10,27,9,0,0,3.99706697464,0.0
1982,10,28,9,0,0,3.71265554428,0.0
1982,10,29,9,0,0,1.72043287754,0.0
1982,10,30,9,0,0,2.81006288528,0.0
1982,10,31,9,0,0,0.631097137928,15.8000001907
1982,11,1,9,0,0,1.6252014637,0.0
1982,11,2,9,0,0,3.7486538887,0.0
1982,11,3,9,0,0,3.97410702705,0.0
1982,11,4,9,0,0,3.31480717659,0.0
1982,11,5,9,0,0,0.972244858742,0.0
1982,11,6,9,0,0,2.59572052956,0.0
1982,11,7,9,0,0,3.13684654236,0.0
1982,11,8,9,0,0,1.40512835979,5.09999990463
1982,11,9,9,0,0,1.40307986736,9.69999980927
1982,11,10,9,0,0,0.779894769192,17.7000007629
1982,11,11,9,0,0,1.88294005394,19.5
1982,11,12,9,0,0,3.11417126656,6.59999990463
1982,11,13,9,0,0,4.72814178467,0.0
1982,11,14,9,0,0,2.00708413124,0.0
1982,11,15,9,0,0,4.30505847931,0.0
1982,11,16,9,0,0,3.33063292503,0.0
1982,11,17,9,0,0,1.56498682499,2.5
1982,11,18,9,0,0,0.806006848812,27.8999996185
1982,11,19,9,0,0,3.15832805634,11.8999996185
1982,11,20,9,0,0,2.31350946426,6.09999990463
1982,11,21,9,0,0,2.72449541092,16.0
1982,11,22,9,0,0,2.016466856,0.0
1982,11,23,9,0,0,1.23799753189,4.5
1982,11,24,9,0,0,3.25736451149,0.0
1982,11,25,9,0,0,0.954203009605,13.8000001907
1982,11,26,9,0,0,2.54544639587,18.0
1982,11,27,9,0,0,4.34857463837,7.5
1982,11,28,9,0,0,2.45935225487,2.70000004768
1982,11,29,9,0,0,3.91155028343,2.09999990463
1982,11,30,9,0,0,4.19737052917,0.0
1982,12,1,9,0,0,4.28427696228,0.0
1982,12,2,9,0,0,1.94452536106,5.30000019073
1982,12,3,9,0,0,3.91565990448,0.0
1982,12,4,9,0,0,4.12279272079,6.30000019073
1982,12,5,9,0,0,3.57645964622,4.09999990463
1982,12,6,9,0,0,3.3911716938,2.5
1982,12,7,9,0,0,3.80673909187,0.0
1982,12,8,9,0,0,5.50752496719,0.0
1982,12,9,9,0,0,2.49320483208,9.89999961853
1982,12,10,9,0,0,0.961045324802,20.2999992371
1982,12,11,9,0,0,0.961887836456,37.7000007629
1982,12,12,9,0,0,3.68879747391,13.5
1982,12,13,9,0,0,4.05572605133,0.0
1982,12,14,9,0,0,4.27220201492,0.0
1982,12,15,9,0,0,3.5124502182,0.0
1982,12,16,9,0,0,5.0985326767,0.0
1982,12,17,9,0,0,2.14875841141,2.20000004768
1982,12,18,9,0,0,2.788667202,0.0
1982,12,19,9,0,0,1.94686901569,4.40000009537
1982,12,20,9,0,0,3.46365046501,16.0
1982,12,21,9,0,0,3.15074872971,7.90000009537
1982,12,22,9,0,0,4.63472223282,3.90000009537
1982,12,23,9,0,0,2.03787970543,5.0
1982,12,24,9,0,0,0.798610568047,19.1000003815
1982,12,25,9,0,0,2.14465045929,19.6000003815
1982,12,26,9,0,0,2.20908379555,22.3999996185
1982,12,27,9,0,0,3.61543393135,4.30000019073
1982,12,28,9,0,0,4.05779361725,0.0
1982,12,29,9,0,0,2.78471398354,10.0
1982,12,30,9,0,0,5.25693845749,0.0
1982,12,31,9,0,0,4.32046079636,0.0
1983,1,1,9,0,0,4.7674074173,0.0
1983,1,2,9,0,0,5.7214050293,0.0
1983,1,3,9,0,0,5.09726238251,0.0
1983,1,4,9,0,0,1.95795881748,39.5999984741
1983,1,5,9,0,0,3.52841520309,4.5
1983,1,6,9,0,0,4.11969137192,8.39999961853
1983,1,7,9,0,0,2.89240479469,14.0
1983,1,8,9,0,0,2.73601555824,2.90000009537
1983,1,9,9,0,0,1.71263074875,0.0
1983,1,10,9,0,0,2.18234372139,0.0
1983,1,11,9,0,0,2.3058321476,0.0
1983,1,12,9,0,0,1.14918792248,17.7000007629
1983,1,13,9,0,0,2.51179647446,7.69999980927
1983,1,14,9,0,0,3.49116325378,11.8000001907
1983,1,15,9,0,0,2.50958228111,17.8999996185
1983,1,16,9,0,0,2.88345003128,8.10000038147
1983,1,17,9,0,0,2.30443358421,6.09999990463
1983,1,18,9,0,0,4.84860420227,9.0
1983,1,19,9,0,0,2.29994750023,20.1000003815
1983,1,20,9,0,0,3.3488278389,3.40000009537
1983,1,21,9,0,0,3.92212176323,8.80000019073
1983,1,22,9,0,0,2.89705848694,5.5
1983,1,23,9,0,0,3.33968782425,0.0
1983,1,24,9,0,0,1.98065245152,6.30000019073
1983,1,25,9,0,0,4.17236804962,0.0
1983,1,26,9,0,0,5.15956354141,0.0
1983,1,27,9,0,0,4.32629919052,0.0
1983,1,28,9,0,0,2.77997660637,0.0
1983,1,29,9,0,0,4.30327987671,0.0
1983,1,30,9,0,0,2.81698393822,2.09999990463
1983,1,31,9,0,0,4.36578607559,0.0
1983,2,1,9,0,0,3.84583353996,0.0
1983,2,2,9,0,0,3.88081932068,0.0
1983,2,3,9,0,0,3.57373094559,4.90000009537
1983,2,4,9,0,0,3.62317728996,4.90000009537
1983,2,5,9,0,0,4.00329732895,5.09999990463
1983,2,6,9,0,0,1.68957996368,5.90000009537
1983,2,7,9,0,0,1.07274830341,4.5
1983,2,8,9,0,0,2.52909994125,4.19999980927
1983,2,9,9,0,0,1.56948280334,0.0
1983,2,10,9,0,0,3.76617336273,0.0
1983,2,11,9,0,0,3.1652598381,0.0
1983,2,12,9,0,0,2.22373461723,0.0
1983,2,13,9,0,0,3.20550131798,2.20000004768
1983,2,14,9,0,0,4.88507270813,0.0
1983,2,15,9,0,0,4.4849395752,0.0
1983,2,16,9,0,0,4.27199411392,0.0
1983,2,17,9,0,0,3.53421139717,0.0
1983,2,18,9,0,0,1.69655776024,2.0
1983,2,19,9,0,0,2.62917327881,5.30000019073
1983,2,20,9,0,0,2.10355043411,0.0
1983,2,21,9,0,0,4.72222042084,0.0
1983,2,22,9,0,0,3.33634185791,0.0
1983,2,23,9,0,0,3.30562353134,0.0
1983,2,24,9,0,0,1.99182736874,0.0
1983,2,25,9,0,0,3.66207575798,0.0
1983,2,26,9,0,0,3.24528646469,0.0
1983,2,27,9,0,0,3.49871683121,0.0
1983,2,28,9,0,0,2.34822106361,2.09999990463
1983,3,1,9,0,0,2.42556786537,2.40000009537
1983,3,2,9,0,0,3.32923054695,8.5
1983,3,3,9,0,0,2.57578706741,5.19999980927
1983,3,4,9,0,0,3.13011217117,0.0
1983,3,5,9,0,0,2.61024451256,0.0
1983,3,6,9,0,0,2.33080720901,0.0
1983,3,7,9,0,0,1.93323814869,0.0
1983,3,8,9,0,0,1.27954316139,0.0
1983,3,9,9,0,0,0.667620897293,3.5
1983,3,10,9,0,0,1.42979335785,10.3999996185
1983,3,11,9,0,0,1.82766199112,0.0
1983,3,12,9,0,0,1.96119260788,0.0
1983,3,13,9,0,0,3.09521651268,7.80000019073
1983,3,14,9,0,0,1.48502099514,3.29999995232
1983,3,15,9,0,0,3.50307130814,0.0
1983,3,16,9,0,0,2.62878584862,3.40000009537
1983,3,17,9,0,0,3.90729403496,0.0
1983,3,18,9,0,0,3.36695384979,0.0
1983,3,19,9,0,0,3.25605273247,0.0
1983,3,20,9,0,0,1.26905560493,0.0
1983,3,21,9,0,0,3.60533165932,0.0
1983,3,22,9,0,0,3.26666140556,0.0
1983,3,23,9,0,0,1.16034066677,16.5
1983,3,24,9,0,0,0.893067240715,17.2999992371
1983,3,25,9,0,0,2.96486949921,0.0
1983,3,26,9,0,0,1.19951057434,8.19999980927
1983,3,27,9,0,0,1.22165191174,24.7000007629
1983,3,28,9,0,0,1.55474495888,19.1000003815
1983,3,29,9,0,0,1.65160119534,7.59999990463
1983,3,30,9,0,0,2.99315094948,0.0
1983,3,31,9,0,0,1.4407286644,0.0
1983,4,1,9,0,0,1.49003601074,0.0
1983,4,2,9,0,0,1.37991189957,6.5
1983,4,3,9,0,0,1.92008650303,0.0
1983,4,4,9,0,0,2.6287779808,0.0
1983,4,5,9,0,0,2.08251571655,0.0
1983,4,6,9,0,0,0.982708215714,12.3999996185
1983,4,7,9,0,0,0.492774665356,19.7999992371
1983,4,8,9,0,0,1.41609084606,4.90000009537
1983,4,9,9,0,0,2.56291007996,0.0
1983,4,10,9,0,0,2.18882679939,0.0
1983,4,11,9,0,0,2.03696608543,0.0
1983,4,12,9,0,0,1.305809021,0.0
1983,4,13,9,0,0,1.66000914574,12.6999998093
1983,4,14,9,0,0,0.693533360958,41.0999984741
1983,4,15,9,0,0,1.05908501148,12.5
1983,4,16,9,0,0,0.783022284508,0.0
1983,4,17,9,0,0,0.965047359467,0.0
1983,4,18,9,0,0,2.43892741203,0.0
1983,4,19,9,0,0,1.25814187527,24.2000007629
1983,4,20,9,0,0,0.965782999992,7.90000009537
1983,4,21,9,0,0,2.17324924469,2.79999995232
1983,4,22,9,0,0,1.52342677116,2.20000004768
1983,4,23,9,0,0,1.17329549789,0.0
1983,4,24,9,0,0,0.702242553234,2.5
1983,4,25,9,0,0,0.850792765617,0.0
1983,4,26,9,0,0,0.928436696529,51.7999992371
1983,4,27,9,0,0,1.61958754063,2.20000004768
1983,4,28,9,0,0,1.96782803535,0.0
1983,4,29,9,0,0,0.75602799654,0.0
1983,4,30,9,0,0,1.30164909363,6.19999980927
1983,5,1,9,0,0,1.24355459213,0.0
1983,5,2,9,0,0,1.13812255859,0.0
1983,5,3,9,0,0,1.5500292778,0.0
1983,5,4,9,0,0,0.844557821751,28.7000007629
1983,5,5,9,0,0,0.827094733715,33.5
1983,5,6,9,0,0,0.963372886181,33.5999984741
1983,5,7,9,0,0,0.668899476528,16.1000003815
1983,5,8,9,0,0,0.957675695419,7.59999990463
1983,5,9,9,0,0,0.56085306406,58.5999984741
1983,5,10,9,0,0,1.06533408165,4.5
1983,5,11,9,0,0,0.869759917259,7.09999990463
1983,5,12,9,0,0,1.07507431507,0.0
1983,5,13,9,0,0,1.39891505241,0.0
1983,5,14,9,0,0,1.14600038528,0.0
1983,5,15,9,0,0,1.37515819073,0.0
1983,5,16,9,0,0,0.520736396313,35.4000015259
1983,5,17,9,0,0,0.748000562191,12.1000003815
1983,5,18,9,0,0,0.534403145313,0.0
1983,5,19,9,0,0,1.29970753193,0.0
1983,5,20,9,0,0,1.03235316277,0.0
1983,5,21,9,0,0,1.06547677517,0.0
1983,5,22,9,0,0,1.77868747711,0.0
1983,5,23,9,0,0,1.2952593565,0.0
1983,5,24,9,0,0,1.21844410896,0.0
1983,5,25,9,0,0,0.756069302559,2.59999990463
1983,5,26,9,0,0,0.633608162403,8.60000038147
1983,5,27,9,0,0,0.427125632763,8.5
1983,5,28,9,0,0,0.465740919113,3.59999990463
1983,5,29,9,0,0,0.663825631142,10.3999996185
1983,5,30,9,0,0,0.562011659145,19.2999992371
1983,5,31,9,0,0,0.723463475704,16.5
1983,6,1,9,0,0,0.424953341484,6.5
1983,6,2,9,0,0,0.868464887142,0.0
1983,6,3,9,0,0,0.944036602974,0.0
1983,6,4,9,0,0,0.933846831322,0.0
1983,6,5,9,0,0,1.00039374828,0.0
1983,6,6,9,0,0,1.05757951736,0.0
1983,6,7,9,0,0,0.966712474823,0.0
1983,6,8,9,0,0,1.02995812893,0.0
1983,6,9,9,0,0,0.642822384834,9.10000038147
1983,6,10,9,0,0,0.356443464756,3.5
1983,6,11,9,0,0,0.439185172319,0.0
1983,6,12,9,0,0,0.751736044884,0.0
1983,6,13,9,0,0,0.641664624214,4.40000009537
1983,6,14,9,0,0,0.970883131027,6.5
1983,6,15,9,0,0,0.73798429966,11.0
1983,6,16,9,0,0,1.00718021393,0.0
1983,6,17,9,0,0,0.546786129475,9.69999980927
1983,6,18,9,0,0,1.00994074345,0.0
1983,6,19,9,0,0,0.78813958168,0.0
1983,6,20,9,0,0,0.919432461262,0.0
1983,6,21,9,0,0,0.796058237553,0.0
1983,6,22,9,0,0,0.51934337616,4.5
1983,6,23,9,0,0,0.624377071857,4.30000019073
1983,6,24,9,0,0,0.880830049515,0.0
1983,6,25,9,0,0,0.699474275112,0.0
1983,6,26,9,0,0,0.793039798737,5.69999980927
1983,6,27,9,0,0,0.536446988583,24.6000003815
1983,6,28,9,0,0,0.815615653992,11.1000003815
1983,6,29,9,0,0,0.564437150955,18.0
1983,6,30,9,0,0,0.662218153477,0.0
1983,7,1,9,0,0,0.71904951334,0.0
1983,7,2,9,0,0,0.867093980312,0.0
1983,7,3,9,0,0,1.05296587944,0.0
1983,7,4,9,0,0,0.730847477913,0.0
1983,7,5,9,0,0,1.00402772427,0.0
1983,7,6,9,0,0,0.835302710533,0.0
1983,7,7,9,0,0,0.843067765236,4.40000009537
1983,7,8,9,0,0,0.327850669622,64.9000015259
1983,7,9,9,0,0,0.461880803108,116.300003052
1983,7,10,9,0,0,0.533334493637,8.80000019073
1983,7,11,9,0,0,1.01194930077,0.0
1983,7,12,9,0,0,0.961378216743,0.0
1983,7,13,9,0,0,0.962160587311,0.0
1983,7,14,9,0,0,0.657293856144,0.0
1983,7,15,9,0,0,0.682729184628,0.0
1983,7,16,9,0,0,1.18236243725,0.0
1983,7,17,9,0,0,1.20592689514,0.0
1983,7,18,9,0,0,0.803033590317,0.0
1983,7,19,9,0,0,0.986360669136,0.0
1983,7,20,9,0,0,0.96756619215,0.0
1983,7,21,9,0,0,0.513889908791,0.0
1983,7,22,9,0,0,0.536474406719,0.0
1983,7,23,9,0,0,0.715115606785,6.09999990463
1983,7,24,9,0,0,1.03337824345,0.0
1983,7,25,9,0,0,1.05183744431,0.0
1983,7,26,9,0,0,1.13568580151,0.0
1983,7,27,9,0,0,1.00571811199,0.0
1983,7,28,9,0,0,0.671839237213,0.0
1983,7,29,9,0,0,0.540165960789,0.0
1983,7,30,9,0,0,0.577916920185,0.0
1983,7,31,9,0,0,0.48017334938,30.7999992371
1983,8,1,9,0,0,0.919204831123,0.0
1983,8,2,9,0,0,0.729182004929,24.7000007629
1983,8,3,9,0,0,0.710837244987,4.30000019073
1983,8,4,9,0,0,1.01984024048,0.0
1983,8,5,9,0,0,1.06799018383,4.59999990463
1983,8,6,9,0,0,0.873329341412,0.0
1983,8,7,9,0,0,0.852647483349,0.0
1983,8,8,9,0,0,0.512574136257,2.79999995232
1983,8,9,9,0,0,0.748260676861,15.5
1983,8,10,9,0,0,1.18430864811,3.20000004768
1983,8,11,9,0,0,1.32902288437,0.0
1983,8,12,9,0,0,1.38604724407,5.0
1983,8,13,9,0,0,1.66959512234,0.0
1983,8,14,9,0,0,1.75350022316,0.0
1983,8,15,9,0,0,1.01725912094,0.0
1983,8,16,9,0,0,1.3939460516,0.0
1983,8,17,9,0,0,1.89420044422,0.0
1983,8,18,9,0,0,1.02778542042,0.0
1983,8,19,9,0,0,0.795679569244,6.09999990463
1983,8,20,9,0,0,0.45148023963,25.1000003815
1983,8,21,9,0,0,0.752781808376,10.3999996185
1983,8,22,9,0,0,1.62346923351,0.0
1983,8,23,9,0,0,0.872916996479,2.20000004768
1983,8,24,9,0,0,1.67569172382,0.0
1983,8,25,9,0,0,1.68839395046,0.0
1983,8,26,9,0,0,1.68068516254,0.0
1983,8,27,9,0,0,1.71340417862,0.0
1983,8,28,9,0,0,1.64393639565,0.0
1983,8,29,9,0,0,1.90988969803,0.0
1983,8,30,9,0,0,2.05593490601,0.0
1983,8,31,9,0,0,1.42538881302,0.0
1983,9,1,9,0,0,0.926403164864,6.5
1983,9,2,9,0,0,1.24293684959,15.8999996185
1983,9,3,9,0,0,1.70927202702,0.0
1983,9,4,9,0,0,2.44605350494,0.0
1983,9,5,9,0,0,1.28539657593,0.0
1983,9,6,9,0,0,2.3085694313,0.0
1983,9,7,9,0,0,1.8944914341,18.8999996185
1983,9,8,9,0,0,0.96016651392,22.6000003815
1983,9,9,9,0,0,1.19751024246,17.2000007629
1983,9,10,9,0,0,1.38118886948,7.09999990463
1983,9,11,9,0,0,1.36109018326,3.70000004768
1983,9,12,9,0,0,1.11726725101,18.2000007629
1983,9,13,9,0,0,1.51440131664,22.7999992371
1983,9,14,9,0,0,1.80771124363,3.29999995232
1983,9,15,9,0,0,2.62703442574,0.0
1983,9,16,9,0,0,2.11732673645,0.0
1983,9,17,9,0,0,2.08120250702,0.0
1983,9,18,9,0,0,1.896094203,0.0
1983,9,19,9,0,0,0.743129312992,0.0
1983,9,20,9,0,0,1.64784371853,4.0
1983,9,21,9,0,0,1.00371932983,25.7000007629
1983,9,22,9,0,0,2.23993015289,4.69999980927
1983,9,23,9,0,0,2.01034522057,29.1000003815
1983,9,24,9,0,0,2.41833639145,17.1000003815
1983,9,25,9,0,0,1.24135148525,9.0
1983,9,26,9,0,0,2.30501079559,0.0
1983,9,27,9,0,0,2.76700520515,0.0
1983,9,28,9,0,0,2.2958612442,0.0
1983,9,29,9,0,0,1.83696258068,0.0
1983,9,30,9,0,0,0.858092427254,10.6000003815
1983,10,1,9,0,0,2.55351376534,3.29999995232
1983,10,2,9,0,0,2.16131877899,3.0
1983,10,3,9,0,0,1.06885230541,8.89999961853
1983,10,4,9,0,0,2.05537247658,0.0
1983,10,5,9,0,0,3.43272995949,0.0
1983,10,6,9,0,0,1.84121346474,8.30000019073
1983,10,7,9,0,0,2.09428334236,16.2000007629
1983,10,8,9,0,0,1.20172274113,18.5
1983,10,9,9,0,0,1.14794194698,5.09999990463
1983,10,10,9,0,0,2.95109224319,0.0
1983,10,11,9,0,0,2.27268767357,7.90000009537
1983,10,12,9,0,0,3.52104067802,3.79999995232
1983,10,13,9,0,0,3.29602956772,0.0
1983,10,14,9,0,0,4.17927694321,0.0
1983,10,15,9,0,0,3.68171143532,0.0
1983,10,16,9,0,0,3.39294052124,0.0
1983,10,17,9,0,0,3.10949873924,0.0
1983,10,18,9,0,0,2.40413451195,0.0
1983,10,19,9,0,0,0.839348196983,6.5
1983,10,20,9,0,0,2.4203119278,54.2000007629
1983,10,21,9,0,0,1.16248440742,38.2999992371
1983,10,22,9,0,0,4.42828464508,0.0
1983,10,23,9,0,0,3.3061709404,0.0
1983,10,24,9,0,0,1.49162518978,12.0
1983,10,25,9,0,0,1.72678172588,2.59999990463
1983,10,26,9,0,0,4.02694225311,0.0
1983,10,27,9,0,0,4.26356124878,0.0
1983,10,28,9,0,0,3.69943094254,0.0
1983,10,29,9,0,0,4.4606256485,3.70000004768
1983,10,30,9,0,0,4.07234668732,3.20000004768
1983,10,31,9,0,0,2.84033036232,3.40000009537
1983,11,1,9,0,0,4.30495452881,0.0
1983,11,2,9,0,0,3.71933174133,6.59999990463
1983,11,3,9,0,0,1.60479354858,0.0
1983,11,4,9,0,0,1.81552517414,37.9000015259
1983,11,5,9,0,0,2.16310095787,9.69999980927
1983,11,6,9,0,0,5.05199718475,0.0
1983,11,7,9,0,0,3.49471521378,0.0
1983,11,8,9,0,0,3.30670309067,0.0
1983,11,9,9,0,0,3.23366498947,3.29999995232
1983,11,10,9,0,0,2.4762969017,3.0
1983,11,11,9,0,0,3.60930800438,0.0
1983,11,12,9,0,0,5.40295219421,0.0
1983,11,13,9,0,0,2.99808597565,0.0
1983,11,14,9,0,0,4.34147167206,2.5
1983,11,15,9,0,0,4.33015441895,0.0
1983,11,16,9,0,0,3.82662057877,0.0
1983,11,17,9,0,0,2.13961100578,29.7999992371
1983,11,18,9,0,0,2.74594545364,3.90000009537
1983,11,19,9,0,0,2.92275691032,6.5
1983,11,20,9,0,0,3.5000064373,0.0
1983,11,21,9,0,0,5.22205924988,4.09999990463
1983,11,22,9,0,0,4.16511678696,0.0
1983,11,23,9,0,0,4.3250079155,0.0
1983,11,24,9,0,0,5.26923799515,0.0
1983,11,25,9,0,0,4.14484405518,0.0
1983,11,26,9,0,0,4.69598150253,0.0
1983,11,27,9,0,0,4.48999452591,0.0
1983,11,28,9,0,0,4.84203720093,0.0
1983,11,29,9,0,0,3.00514340401,2.09999990463
1983,11,30,9,0,0,3.47281837463,0.0
1983,12,1,9,0,0,2.66861104965,0.0
1983,12,2,9,0,0,3.30286002159,10.5
1983,12,3,9,0,0,1.76209700108,2.40000009537
1983,12,4,9,0,0,3.95908117294,2.09999990463
1983,12,5,9,0,0,5.61362266541,0.0
1983,12,6,9,0,0,2.85919904709,4.0
1983,12,7,9,0,0,1.6694611311,3.90000009537
1983,12,8,9,0,0,0.524699926376,47.5
1983,12,9,9,0,0,1.72187268734,31.1000003815
1983,12,10,9,0,0,1.759937644,19.1000003815
1983,12,11,9,0,0,2.15136003494,10.1999998093
1983,12,12,9,0,0,2.91040492058,3.5
1983,12,13,9,0,0,5.32134580612,11.6000003815
1983,12,14,9,0,0,4.22046756744,0.0
1983,12,15,9,0,0,3.85906362534,0.0
1983,12,16,9,0,0,1.7989333868,29.6000003815
1983,12,17,9,0,0,3.99420642853,3.90000009537
1983,12,18,9,0,0,1.14837300777,12.0
1983,12,19,9,0,0,4.78801870346,3.70000004768
1983,12,20,9,0,0,4.85915851593,0.0
1983,12,21,9,0,0,3.60132431984,0.0
1983,12,22,9,0,0,5.66033506393,0.0
1983,12,23,9,0,0,3.07469129562,8.19999980927
1983,12,24,9,0,0,3.41100668907,7.0
1983,12,25,9,0,0,3.18541502953,2.20000004768
1983,12,26,9,0,0,0.95322060585,18.7000007629
1983,12,27,9,0,0,2.81359958649,15.8000001907
1983,12,28,9,0,0,3.77687907219,4.5
1983,12,29,9,0,0,4.66562509537,0.0
1983,12,30,9,0,0,4.97983837128,0.0
1983,12,31,9,0,0,2.62424087524,0.0
1984,1,1,9,0,0,4.64002084732,0.0
1984,1,2,9,0,0,5.16452598572,0.0
1984,1,3,9,0,0,4.24022865295,0.0
1984,1,4,9,0,0,3.18727421761,2.29999995232
1984,1,5,9,0,0,1.50838375092,35.0999984741
1984,1,6,9,0,0,4.57520484924,0.0
1984,1,7,9,0,0,4.01665449142,0.0
1984,1,8,9,0,0,4.52284097672,0.0
1984,1,9,9,0,0,3.03712272644,0.0
1984,1,10,9,0,0,3.71209549904,20.7000007629
1984,1,11,9,0,0,2.02707362175,3.09999990463
1984,1,12,9,0,0,3.44806861877,4.59999990463
1984,1,13,9,0,0,3.25686430931,4.59999990463
1984,1,14,9,0,0,4.93775033951,0.0
1984,1,15,9,0,0,4.53845882416,2.09999990463
1984,1,16,9,0,0,4.01797151566,0.0
1984,1,17,9,0,0,4.63872814178,0.0
1984,1,18,9,0,0,1.9717540741,13.0
1984,1,19,9,0,0,3.29426860809,2.5
1984,1,20,9,0,0,4.68495750427,0.0
1984,1,21,9,0,0,3.55787110329,0.0
1984,1,22,9,0,0,4.97564458847,0.0
1984,1,23,9,0,0,2.05098152161,12.8999996185
1984,1,24,9,0,0,4.69530248642,0.0
1984,1,25,9,0,0,4.03478908539,0.0
1984,1,26,9,0,0,2.2298014164,0.0
1984,1,27,9,0,0,1.2988421917,12.3000001907
1984,1,28,9,0,0,3.22832489014,0.0
1984,1,29,9,0,0,5.88370752335,0.0
1984,1,30,9,0,0,5.1515417099,0.0
1984,1,31,9,0,0,5.1880531311,0.0
1984,2,1,9,0,0,2.31608939171,0.0
1984,2,2,9,0,0,1.76916253567,8.0
1984,2,3,9,0,0,2.86132121086,5.09999990463
1984,2,4,9,0,0,2.04382205009,6.5
1984,2,5,9,0,0,4.55836296082,0.0
1984,2,6,9,0,0,3.98724317551,0.0
1984,2,7,9,0,0,4.54710435867,0.0
1984,2,8,9,0,0,4.84747314453,0.0
1984,2,9,9,0,0,3.4168946743,0.0
1984,2,10,9,0,0,2.13131999969,13.8000001907
1984,2,11,9,0,0,2.81670308113,0.0
1984,2,12,9,0,0,4.82026767731,0.0
1984,2,13,9,0,0,2.68184757233,0.0
1984,2,14,9,0,0,2.11631011963,5.19999980927
1984,2,15,9,0,0,4.85687971115,0.0
1984,2,16,9,0,0,4.18911075592,0.0
1984,2,17,9,0,0,4.02798318863,0.0
1984,2,18,9,0,0,4.46727800369,0.0
1984,2,19,9,0,0,4.59036874771,0.0
1984,2,20,9,0,0,4.41966867447,0.0
1984,2,21,9,0,0,3.73528504372,0.0
1984,2,22,9,0,0,3.76244807243,0.0
1984,2,23,9,0,0,4.51611948013,0.0
1984,2,24,9,0,0,2.46217632294,0.0
1984,2,25,9,0,0,4.04548740387,0.0
1984,2,26,9,0,0,4.59937429428,0.0
1984,2,27,9,0,0,4.23908042908,0.0
1984,2,28,9,0,0,4.188788414,0.0
1984,2,29,9,0,0,2.70912146568,0.0
1984,3,1,9,0,0,2.63241100311,0.0
1984,3,2,9,0,0,1.95192468166,5.59999990463
1984,3,3,9,0,0,1.13339698315,61.5
1984,3,4,9,0,0,3.55119228363,6.90000009537
1984,3,5,9,0,0,2.58944249153,25.1000003815
1984,3,6,9,0,0,2.78695869446,9.10000038147
1984,3,7,9,0,0,2.89536976814,5.5
1984,3,8,9,0,0,2.72952866554,0.0
1984,3,9,9,0,0,1.60728406906,13.1000003815
1984,3,10,9,0,0,1.71450173855,5.80000019073
1984,3,11,9,0,0,2.6229288578,0.0
1984,3,12,9,0,0,2.74029660225,2.5
1984,3,13,9,0,0,2.61714744568,0.0
1984,3,14,9,0,0,2.42104578018,2.20000004768
1984,3,15,9,0,0,2.41204833984,3.0
1984,3,16,9,0,0,2.9595849514,2.70000004768
1984,3,17,9,0,0,2.708122015,0.0
1984,3,18,9,0,0,3.55206871033,0.0
1984,3,19,9,0,0,2.94171476364,0.0
1984,3,20,9,0,0,2.88710546494,0.0
1984,3,21,9,0,0,2.98528885841,0.0
1984,3,22,9,0,0,2.90589904785,0.0
1984,3,23,9,0,0,2.99799752235,0.0
1984,3,24,9,0,0,3.36828756332,0.0
1984,3,25,9,0,0,2.77564454079,0.0
1984,3,26,9,0,0,2.15489673615,4.19999980927
1984,3,27,9,0,0,0.836797833443,2.20000004768
1984,3,28,9,0,0,1.9301905632,0.0
1984,3,29,9,0,0,2.33991622925,2.09999990463
1984,3,30,9,0,0,1.04720878601,13.6999998093
1984,3,31,9,0,0,1.53959465027,11.1000003815
1984,4,1,9,0,0,1.86996209621,0.0
1984,4,2,9,0,0,2.4617497921,0.0
1984,4,3,9,0,0,2.23127532005,0.0
1984,4,4,9,0,0,1.54857909679,0.0
1984,4,5,9,0,0,1.54456818104,3.5
1984,4,6,9,0,0,1.88854062557,11.8000001907
1984,4,7,9,0,0,1.02341449261,17.7999992371
1984,4,8,9,0,0,0.841482579708,15.6999998093
1984,4,9,9,0,0,2.17320942879,0.0
1984,4,10,9,0,0,1.99203884602,0.0
1984,4,11,9,0,0,2.10265517235,0.0
1984,4,12,9,0,0,2.42497086525,0.0
1984,4,13,9,0,0,2.37098431587,0.0
1984,4,14,9,0,0,1.7625041008,0.0
1984,4,15,9,0,0,2.56269574165,0.0
1984,4,16,9,0,0,2.32255744934,0.0
1984,4,17,9,0,0,2.4794716835,0.0
1984,4,18,9,0,0,1.9641379118,0.0
1984,4,19,9,0,0,1.78469383717,0.0
1984,4,20,9,0,0,2.00210499763,0.0
1984,4,21,9,0,0,1.99902498722,0.0
1984,4,22,9,0,0,2.04441022873,0.0
1984,4,23,9,0,0,1.50328075886,0.0
1984,4,24,9,0,0,0.638779520988,0.0
1984,4,25,9,0,0,0.389377117157,20.7999992371
1984,4,26,9,0,0,1.81826400757,4.0
1984,4,27,9,0,0,1.25184118748,19.1000003815
1984,4,28,9,0,0,0.825792253017,29.7000007629
1984,4,29,9,0,0,1.50563681126,0.0
1984,4,30,9,0,0,0.893634557724,13.8000001907
1984,5,1,9,0,0,0.0901859849691,17.5
1984,5,2,9,0,0,0.266417682171,7.90000009537
1984,5,3,9,0,0,0.579737365246,0.0
1984,5,4,9,0,0,0.0796774029732,0.0
1984,5,5,9,0,0,0.0691059455276,0.0
1984,5,6,9,0,0,0.63635802269,2.0
1984,5,7,9,0,0,0.110346004367,2.79999995232
1984,5,8,9,0,0,0.183284774423,9.89999961853
1984,5,9,9,0,0,0.444576382637,7.0
1984,5,10,9,0,0,1.27978241444,0.0
1984,5,11,9,0,0,0.706798911095,0.0
1984,5,12,9,0,0,0.255468577147,2.20000004768
1984,5,13,9,0,0,0.514832615852,11.1999998093
1984,5,14,9,0,0,1.19655907154,10.0
1984,5,15,9,0,0,1.10491609573,2.09999990463
1984,5,16,9,0,0,0.811505973339,0.0
1984,5,17,9,0,0,0.635988593102,0.0
1984,5,18,9,0,0,0.100884296,19.0
1984,5,19,9,0,0,0.955782651901,0.0
1984,5,20,9,0,0,0.895076334476,0.0
1984,5,21,9,0,0,0.871423304081,0.0
1984,5,22,9,0,0,0.676821112633,0.0
1984,5,23,9,0,0,0.325616121292,0.0
1984,5,24,9,0,0,0.429088205099,15.3000001907
1984,5,25,9,0,0,0.766328692436,2.70000004768
1984,5,26,9,0,0,0.59231877327,0.0
1984,5,27,9,0,0,0.453411787748,3.70000004768
1984,5,28,9,0,0,0.366866290569,10.6999998093
1984,5,29,9,0,0,0.0557993426919,4.40000009537
1984,5,30,9,0,0,0.890532135963,0.0
1984,5,31,9,0,0,0.850341022015,0.0
1984,6,1,9,0,0,1.08306908607,0.0
1984,6,2,9,0,0,0.797995686531,0.0
1984,6,3,9,0,0,0.466854304075,11.5
1984,6,4,9,0,0,0.492596834898,19.2999992371
1984,6,5,9,0,0,0.455098897219,3.70000004768
1984,6,6,9,0,0,1.00173807144,0.0
1984,6,7,9,0,0,1.01715147495,0.0
1984,6,8,9,0,0,0.555176079273,13.8000001907
1984,6,9,9,0,0,0.799641191959,12.3999996185
1984,6,10,9,0,0,0.942389786243,6.59999990463
1984,6,11,9,0,0,0.713865935802,7.30000019073
1984,6,12,9,0,0,0.910884201527,4.69999980927
1984,6,13,9,0,0,1.09687638283,0.0
1984,6,14,9,0,0,0.762472748756,0.0
1984,6,15,9,0,0,1.02511572838,0.0
1984,6,16,9,0,0,0.883253931999,0.0
1984,6,17,9,0,0,0.563758552074,0.0
1984,6,18,9,0,0,0.61610108614,0.0
1984,6,19,9,0,0,0.780010819435,0.0
1984,6,20,9,0,0,0.83710360527,0.0
1984,6,21,9,0,0,0.532332897186,7.09999990463
1984,6,22,9,0,0,0.997978329659,0.0
1984,6,23,9,0,0,0.662863314152,0.0
1984,6,24,9,0,0,0.78152680397,0.0
1984,6,25,9,0,0,0.555608928204,3.59999990463
1984,6,26,9,0,0,0.767062664032,3.09999990463
1984,6,27,9,0,0,0.549802899361,0.0
1984,6,28,9,0,0,0.570125222206,0.0
1984,6,29,9,0,0,0.484817862511,25.1000003815
1984,6,30,9,0,0,0.581674218178,29.7999992371
1984,7,1,9,0,0,0.79883658886,23.7000007629
1984,7,2,9,0,0,0.538249909878,15.0
1984,7,3,9,0,0,0.64775043726,10.3999996185
1984,7,4,9,0,0,1.39165139198,0.0
1984,7,5,9,0,0,0.46594235301,12.6999998093
1984,7,6,9,0,0,0.706865787506,0.0
1984,7,7,9,0,0,0.759047269821,0.0
1984,7,8,9,0,0,1.22298884392,0.0
1984,7,9,9,0,0,0.784149289131,0.0
1984,7,10,9,0,0,0.685271501541,0.0
1984,7,11,9,0,0,0.616193652153,22.3999996185
1984,7,12,9,0,0,0.522807180882,23.6000003815
1984,7,13,9,0,0,1.02592802048,12.3000001907
1984,7,14,9,0,0,0.587926208973,11.6000003815
1984,7,15,9,0,0,1.19919121265,0.0
1984,7,16,9,0,0,1.56458258629,0.0
1984,7,17,9,0,0,1.21297132969,0.0
1984,7,18,9,0,0,0.858354687691,0.0
1984,7,19,9,0,0,0.75831335783,2.0
1984,7,20,9,0,0,0.854265451431,7.80000019073
1984,7,21,9,0,0,0.60804194212,9.5
1984,7,22,9,0,0,0.475481688976,5.90000009537
1984,7,23,9,0,0,1.30712020397,0.0
1984,7,24,9,0,0,0.428875416517,0.0
1984,7,25,9,0,0,0.785513579845,0.0
1984,7,26,9,0,0,1.30620789528,0.0
1984,7,27,9,0,0,1.2065885067,0.0
1984,7,28,9,0,0,0.837663531303,0.0
1984,7,29,9,0,0,0.630107045174,14.0
1984,7,30,9,0,0,0.587457478046,21.8999996185
1984,7,31,9,0,0,0.620124101639,14.3999996185
1984,8,1,9,0,0,0.758374094963,11.8999996185
1984,8,2,9,0,0,0.769468486309,19.1000003815
1984,8,3,9,0,0,1.52543592453,5.90000009537
1984,8,4,9,0,0,0.729210555553,23.6000003815
1984,8,5,9,0,0,1.35450708866,16.2000007629
1984,8,6,9,0,0,1.51543307304,2.0
1984,8,7,9,0,0,1.46092963219,0.0
1984,8,8,9,0,0,1.70728480816,0.0
1984,8,9,9,0,0,1.60124635696,0.0
1984,8,10,9,0,0,1.3864492178,0.0
1984,8,11,9,0,0,0.99805533886,0.0
1984,8,12,9,0,0,1.32594251633,0.0
1984,8,13,9,0,0,1.94048595428,0.0
1984,8,14,9,0,0,1.31563484669,0.0
1984,8,15,9,0,0,1.62940096855,0.0
1984,8,16,9,0,0,1.10117459297,2.5
1984,8,17,9,0,0,1.1991392374,0.0
1984,8,18,9,0,0,1.41178441048,2.0
1984,8,19,9,0,0,0.773986101151,8.80000019073
1984,8,20,9,0,0,0.627770364285,21.2000007629
1984,8,21,9,0,0,1.4933423996,12.8000001907
1984,8,22,9,0,0,0.909969091415,12.3000001907
1984,8,23,9,0,0,1.54073429108,0.0
1984,8,24,9,0,0,1.5033288002,0.0
1984,8,25,9,0,0,1.22733998299,0.0
1984,8,26,9,0,0,1.82318377495,0.0
1984,8,27,9,0,0,1.98361515999,0.0
1984,8,28,9,0,0,0.904731988907,0.0
1984,8,29,9,0,0,1.33542358875,0.0
1984,8,30,9,0,0,1.12958443165,0.0
1984,8,31,9,0,0,1.6526902914,0.0
1984,9,1,9,0,0,1.65136933327,0.0
1984,9,2,9,0,0,2.03096914291,0.0
1984,9,3,9,0,0,1.61321508884,0.0
1984,9,4,9,0,0,1.83377993107,2.09999990463
1984,9,5,9,0,0,1.5889621973,0.0
1984,9,6,9,0,0,2.3825109005,0.0
1984,9,7,9,0,0,2.05124163628,0.0
1984,9,8,9,0,0,2.77693605423,0.0
1984,9,9,9,0,0,1.10138607025,3.09999990463
1984,9,10,9,0,0,1.43299746513,5.5
1984,9,11,9,0,0,2.09240269661,7.90000009537
1984,9,12,9,0,0,1.27546048164,28.2999992371
1984,9,13,9,0,0,1.00812888145,4.90000009537
1984,9,14,9,0,0,2.96862268448,0.0
1984,9,15,9,0,0,2.74974679947,0.0
1984,9,16,9,0,0,2.57599687576,0.0
1984,9,17,9,0,0,3.0670106411,0.0
1984,9,18,9,0,0,2.58733224869,0.0
1984,9,19,9,0,0,1.42771279812,0.0
1984,9,20,9,0,0,3.41593742371,0.0
1984,9,21,9,0,0,3.41262507439,0.0
1984,9,22,9,0,0,3.19695806503,0.0
1984,9,23,9,0,0,3.02236104012,4.5
1984,9,24,9,0,0,0.847446739674,16.1000003815
1984,9,25,9,0,0,1.68036389351,12.3000001907
1984,9,26,9,0,0,1.2594537735,9.60000038147
1984,9,27,9,0,0,2.82444691658,0.0
1984,9,28,9,0,0,2.23928761482,4.90000009537
1984,9,29,9,0,0,1.87783777714,10.5
1984,9,30,9,0,0,2.31632018089,0.0
1984,10,1,9,0,0,4.08634996414,0.0
1984,10,2,9,0,0,3.4839360714,0.0
1984,10,3,9,0,0,3.75529170036,0.0
1984,10,4,9,0,0,4.01780319214,0.0
1984,10,5,9,0,0,3.67333459854,0.0
1984,10,6,9,0,0,2.26223707199,4.90000009537
1984,10,7,9,0,0,2.48720383644,0.0
1984,10,8,9,0,0,1.75057709217,7.09999990463
1984,10,9,9,0,0,3.45807719231,5.09999990463
1984,10,10,9,0,0,1.39730811119,13.0
1984,10,11,9,0,0,2.3803331852,14.3999996185
1984,10,12,9,0,0,1.97838389874,4.19999980927
1984,10,13,9,0,0,1.67448508739,4.69999980927
1984,10,14,9,0,0,0.689969301224,0.0
1984,10,15,9,0,0,2.20607876778,3.5
1984,10,16,9,0,0,1.02126634121,16.5
1984,10,17,9,0,0,1.30581498146,69.3000030518
1984,10,18,9,0,0,2.6603615284,21.7999992371
1984,10,19,9,0,0,2.26909255981,9.5
1984,10,20,9,0,0,1.45357811451,22.3999996185
1984,10,21,9,0,0,1.7869592905,16.0
1984,10,22,9,0,0,3.14929533005,2.5
1984,10,23,9,0,0,4.49753093719,0.0
1984,10,24,9,0,0,3.30141305923,0.0
1984,10,25,9,0,0,4.0356836319,0.0
1984,10,26,9,0,0,3.18399596214,0.0
1984,10,27,9,0,0,4.18051528931,0.0
1984,10,28,9,0,0,3.89802694321,0.0
1984,10,29,9,0,0,1.65145087242,3.70000004768
1984,10,30,9,0,0,1.15519165993,9.80000019073
1984,10,31,9,0,0,2.25569391251,0.0
1984,11,1,9,0,0,1.75547063351,0.0
1984,11,2,9,0,0,3.08094167709,0.0
1984,11,3,9,0,0,1.58285117149,2.59999990463
1984,11,4,9,0,0,3.17369508743,0.0
1984,11,5,9,0,0,2.29177880287,3.20000004768
1984,11,6,9,0,0,2.24898958206,0.0
1984,11,7,9,0,0,4.10591602325,0.0
1984,11,8,9,0,0,4.1530790329,0.0
1984,11,9,9,0,0,3.52082300186,0.0
1984,11,10,9,0,0,3.38300251961,0.0
1984,11,11,9,0,0,3.30207824707,0.0
1984,11,12,9,0,0,2.47805261612,0.0
1984,11,13,9,0,0,3.46424627304,0.0
1984,11,14,9,0,0,0.631593883038,19.8999996185
1984,11,15,9,0,0,2.74493980408,15.3999996185
1984,11,16,9,0,0,1.86582183838,11.0
1984,11,17,9,0,0,3.85125613213,5.19999980927
1984,11,18,9,0,0,3.04569220543,8.5
1984,11,19,9,0,0,2.99087977409,2.79999995232
1984,11,20,9,0,0,4.19592142105,0.0
1984,11,21,9,0,0,0.71813929081,24.7000007629
1984,11,22,9,0,0,1.62266302109,58.0999984741
1984,11,23,9,0,0,1.30206847191,51.7999992371
1984,11,24,9,0,0,1.86315310001,9.80000019073
1984,11,25,9,0,0,4.70808982849,0.0
1984,11,26,9,0,0,4.69912099838,0.0
1984,11,27,9,0,0,5.42780923843,0.0
1984,11,28,9,0,0,5.21808004379,0.0
1984,11,29,9,0,0,3.8205447197,0.0
1984,11,30,9,0,0,2.09002614021,7.40000009537
1984,12,1,9,0,0,5.65041446686,0.0
1984,12,2,9,0,0,5.25235033035,0.0
1984,12,3,9,0,0,4.18938875198,0.0
1984,12,4,9,0,0,1.6803072691,23.1000003815
1984,12,5,9,0,0,2.56567239761,8.0
1984,12,6,9,0,0,3.95803499222,3.20000004768
1984,12,7,9,0,0,2.168653965,27.7000007629
1984,12,8,9,0,0,3.62589335442,3.09999990463
1984,12,9,9,0,0,5.63244771957,2.40000009537
1984,12,10,9,0,0,2.72971653938,5.80000019073
1984,12,11,9,0,0,2.27044725418,16.7999992371
1984,12,12,9,0,0,2.83721876144,0.0
1984,12,13,9,0,0,1.58190357685,5.30000019073
1984,12,14,9,0,0,2.55864596367,7.80000019073
1984,12,15,9,0,0,4.83272600174,24.3999996185
1984,12,16,9,0,0,2.20810103416,33.4000015259
1984,12,17,9,0,0,2.88758349419,15.0
1984,12,18,9,0,0,4.13146734238,3.40000009537
1984,12,19,9,0,0,0.897283554077,26.2000007629
1984,12,20,9,0,0,1.34948456287,4.30000019073
1984,12,21,9,0,0,2.35594153404,10.8000001907
1984,12,22,9,0,0,3.01854491234,6.19999980927
1984,12,23,9,0,0,4.56015014648,0.0
1984,12,24,9,0,0,6.01229810715,0.0
1984,12,25,9,0,0,5.90959739685,0.0
1984,12,26,9,0,0,5.40990877151,0.0
1984,12,27,9,0,0,6.35389518738,0.0
1984,12,28,9,0,0,2.99206900597,0.0
1984,12,29,9,0,0,5.47992277145,0.0
1984,12,30,9,0,0,6.06339073181,0.0
1984,12,31,9,0,0,6.07444953918,0.0
1985,1,1,9,0,0,4.82012748718,4.19999980927
1985,1,2,9,0,0,2.38590669632,5.90000009537
1985,1,3,9,0,0,1.77606475353,0.0
1985,1,4,9,0,0,2.23255777359,13.1999998093
1985,1,5,9,0,0,5.08784818649,0.0
1985,1,6,9,0,0,2.08816623688,10.0
1985,1,7,9,0,0,3.23438000679,4.59999990463
1985,1,8,9,0,0,4.36444234848,2.29999995232
1985,1,9,9,0,0,4.17834472656,7.69999980927
1985,1,10,9,0,0,1.24933838844,37.7000007629
1985,1,11,9,0,0,2.29197859764,18.8999996185
1985,1,12,9,0,0,2.71667528152,16.6000003815
1985,1,13,9,0,0,4.65252971649,9.89999961853
1985,1,14,9,0,0,3.79907798767,3.59999990463
1985,1,15,9,0,0,3.97685623169,0.0
1985,1,16,9,0,0,5.24151086807,0.0
1985,1,17,9,0,0,5.76441717148,0.0
1985,1,18,9,0,0,5.91658449173,0.0
1985,1,19,9,0,0,5.0692358017,0.0
1985,1,20,9,0,0,2.8138589859,7.09999990463
1985,1,21,9,0,0,3.75641942024,15.3000001907
1985,1,22,9,0,0,1.96601438522,20.3999996185
1985,1,23,9,0,0,1.9964851141,4.80000019073
1985,1,24,9,0,0,1.28161466122,14.8999996185
1985,1,25,9,0,0,3.59174895287,5.19999980927
1985,1,26,9,0,0,5.08909988403,4.80000019073
1985,1,27,9,0,0,5.71181774139,0.0
1985,1,28,9,0,0,4.73732423782,0.0
1985,1,29,9,0,0,5.5184674263,0.0
1985,1,30,9,0,0,4.42105817795,0.0
1985,1,31,9,0,0,4.70624780655,0.0
1985,2,1,9,0,0,3.28062081337,18.5
1985,2,2,9,0,0,2.62723946571,6.0
1985,2,3,9,0,0,4.5711722374,0.0
1985,2,4,9,0,0,5.10286474228,0.0
1985,2,5,9,0,0,5.28844261169,0.0
1985,2,6,9,0,0,4.98456382751,0.0
1985,2,7,9,0,0,3.33467245102,0.0
1985,2,8,9,0,0,2.47382378578,2.79999995232
1985,2,9,9,0,0,5.19310283661,0.0
1985,2,10,9,0,0,5.11379718781,0.0
1985,2,11,9,0,0,4.64865350723,0.0
1985,2,12,9,0,0,4.86979198456,0.0
1985,2,13,9,0,0,4.37179994583,0.0
1985,2,14,9,0,0,3.71851706505,6.69999980927
1985,2,15,9,0,0,2.93080115318,5.19999980927
1985,2,16,9,0,0,5.30218315125,0.0
1985,2,17,9,0,0,2.90868234634,0.0
1985,2,18,9,0,0,2.18552231789,3.40000009537
1985,2,19,9,0,0,3.78524279594,2.09999990463
1985,2,20,9,0,0,5.3832526207,0.0
1985,2,21,9,0,0,4.62330722809,0.0
1985,2,22,9,0,0,5.46926450729,0.0
1985,2,23,9,0,0,4.67906808853,0.0
1985,2,24,9,0,0,3.60670828819,0.0
1985,2,25,9,0,0,3.9086959362,0.0
1985,2,26,9,0,0,2.67442440987,0.0
1985,2,27,9,0,0,2.38721323013,10.5
1985,2,28,9,0,0,1.28074407578,16.6000003815
1985,3,1,9,0,0,2.77472424507,0.0
1985,3,2,9,0,0,4.15735912323,0.0
1985,3,3,9,0,0,3.94705939293,0.0
1985,3,4,9,0,0,2.14961838722,2.40000009537
1985,3,5,9,0,0,3.97413277626,0.0
1985,3,6,9,0,0,1.69037044048,11.3999996185
1985,3,7,9,0,0,3.00790095329,0.0
1985,3,8,9,0,0,3.66906142235,0.0
1985,3,9,9,0,0,4.12581729889,0.0
1985,3,10,9,0,0,2.31619668007,0.0
1985,3,11,9,0,0,3.05091524124,0.0
1985,3,12,9,0,0,2.35965108871,0.0
1985,3,13,9,0,0,1.33858072758,15.1000003815
1985,3,14,9,0,0,3.27455639839,0.0
1985,3,15,9,0,0,3.28129124641,0.0
1985,3,16,9,0,0,3.56975412369,0.0
1985,3,17,9,0,0,2.8383769989,0.0
1985,3,18,9,0,0,3.82145762444,0.0
1985,3,19,9,0,0,2.53442430496,0.0
1985,3,20,9,0,0,2.9376938343,0.0
1985,3,21,9,0,0,3.47692084312,0.0
1985,3,22,9,0,0,1.65104234219,0.0
1985,3,23,9,0,0,2.84866476059,0.0
1985,3,24,9,0,0,3.37691998482,0.0
1985,3,25,9,0,0,2.73891019821,0.0
1985,3,26,9,0,0,3.66169500351,0.0
1985,3,27,9,0,0,3.62632012367,0.0
1985,3,28,9,0,0,2.58422803879,0.0
1985,3,29,9,0,0,2.52499842644,0.0
1985,3,30,9,0,0,1.56320858002,2.20000004768
1985,3,31,9,0,0,3.04964375496,0.0
1985,4,1,9,0,0,1.74527752399,0.0
1985,4,2,9,0,0,1.19306254387,0.0
1985,4,3,9,0,0,2.3270881176,0.0
1985,4,4,9,0,0,2.43388366699,0.0
1985,4,5,9,0,0,3.30202317238,0.0
1985,4,6,9,0,0,2.27121376991,0.0
1985,4,7,9,0,0,2.701577425,0.0
1985,4,8,9,0,0,1.5784175396,0.0
1985,4,9,9,0,0,1.68397140503,0.0
1985,4,10,9,0,0,1.27127838135,0.0
1985,4,11,9,0,0,1.47432923317,0.0
1985,4,12,9,0,0,1.55637407303,0.0
1985,4,13,9,0,0,2.61694431305,0.0
1985,4,14,9,0,0,2.17627692223,0.0
1985,4,15,9,0,0,2.41757798195,0.0
1985,4,16,9,0,0,2.07550525665,0.0
1985,4,17,9,0,0,1.53276371956,6.09999990463
1985,4,18,9,0,0,0.704351961613,28.2000007629
1985,4,19,9,0,0,0.370792478323,43.7999992371
1985,4,20,9,0,0,1.69307863712,22.0
1985,4,21,9,0,0,1.44277226925,26.6000003815
1985,4,22,9,0,0,1.75463974476,14.0
1985,4,23,9,0,0,1.83783817291,0.0
1985,4,24,9,0,0,1.36901307106,0.0
1985,4,25,9,0,0,1.77303874493,0.0
1985,4,26,9,0,0,2.01825356483,0.0
1985,4,27,9,0,0,1.46212387085,0.0
1985,4,28,9,0,0,2.0872335434,0.0
1985,4,29,9,0,0,2.0761141777,0.0
1985,4,30,9,0,0,1.91342282295,0.0
1985,5,1,9,0,0,1.17060387135,0.0
1985,5,2,9,0,0,1.48682487011,0.0
1985,5,3,9,0,0,1.43080365658,0.0
1985,5,4,9,0,0,1.60148775578,0.0
1985,5,5,9,0,0,0.909227132797,0.0
1985,5,6,9,0,0,0.829177200794,2.29999995232
1985,5,7,9,0,0,0.937050521374,0.0
1985,5,8,9,0,0,1.20977795124,2.29999995232
1985,5,9,9,0,0,0.970726191998,23.2999992371
1985,5,10,9,0,0,0.850367188454,5.19999980927
1985,5,11,9,0,0,1.44140458107,0.0
1985,5,12,9,0,0,1.46450960636,3.0
1985,5,13,9,0,0,1.12823152542,0.0
1985,5,14,9,0,0,2.32286286354,0.0
1985,5,15,9,0,0,1.9424289465,0.0
1985,5,16,9,0,0,2.07120728493,0.0
1985,5,17,9,0,0,1.24970459938,0.0
1985,5,18,9,0,0,0.773292422295,0.0
1985,5,19,9,0,0,0.437066793442,5.30000019073
1985,5,20,9,0,0,0.641046762466,2.79999995232
1985,5,21,9,0,0,1.03851318359,2.90000009537
1985,5,22,9,0,0,1.47254908085,0.0
1985,5,23,9,0,0,0.897611439228,0.0
1985,5,24,9,0,0,1.23075723648,0.0
1985,5,25,9,0,0,0.900984168053,0.0
1985,5,26,9,0,0,1.30897545815,0.0
1985,5,27,9,0,0,0.792643129826,0.0
1985,5,28,9,0,0,1.39713537693,0.0
1985,5,29,9,0,0,1.4215426445,0.0
1985,5,30,9,0,0,1.20944595337,0.0
1985,5,31,9,0,0,1.2063254118,0.0
1985,6,1,9,0,0,1.07116901875,0.0
1985,6,2,9,0,0,1.01602864265,0.0
1985,6,3,9,0,0,0.548978388309,0.0
1985,6,4,9,0,0,0.545552015305,37.0999984741
1985,6,5,9,0,0,0.770948946476,20.0
1985,6,6,9,0,0,0.99009680748,0.0
1985,6,7,9,0,0,0.614406406879,0.0
1985,6,8,9,0,0,0.708698511124,0.0
1985,6,9,9,0,0,0.751272559166,0.0
1985,6,10,9,0,0,1.04538297653,0.0
1985,6,11,9,0,0,0.608170747757,0.0
1985,6,12,9,0,0,1.06654214859,0.0
1985,6,13,9,0,0,0.449060410261,0.0
1985,6,14,9,0,0,0.560096800327,0.0
1985,6,15,9,0,0,0.609623789787,8.0
1985,6,16,9,0,0,0.684173107147,6.5
1985,6,17,9,0,0,0.575441837311,12.8999996185
1985,6,18,9,0,0,0.547778010368,9.80000019073
1985,6,19,9,0,0,0.588961541653,9.19999980927
1985,6,20,9,0,0,0.265728533268,49.0
1985,6,21,9,0,0,0.687711179256,3.0
1985,6,22,9,0,0,1.02265834808,0.0
1985,6,23,9,0,0,0.879883646965,0.0
1985,6,24,9,0,0,0.820722401142,0.0
1985,6,25,9,0,0,0.952256500721,0.0
1985,6,26,9,0,0,0.707127273083,0.0
1985,6,27,9,0,0,0.607509970665,0.0
1985,6,28,9,0,0,0.476023286581,0.0
1985,6,29,9,0,0,0.620776176453,2.40000009537
1985,6,30,9,0,0,1.04845762253,0.0
1985,7,1,9,0,0,0.593103587627,0.0
1985,7,2,9,0,0,1.10854208469,0.0
1985,7,3,9,0,0,0.739064097404,0.0
1985,7,4,9,0,0,0.607950031757,0.0
1985,7,5,9,0,0,0.413229554892,13.3999996185
1985,7,6,9,0,0,0.819039881229,8.60000038147
1985,7,7,9,0,0,0.666868448257,12.1000003815
1985,7,8,9,0,0,0.855358719826,3.09999990463
1985,7,9,9,0,0,0.304972231388,11.3999996185
1985,7,10,9,0,0,1.08431041241,0.0
1985,7,11,9,0,0,0.550664305687,5.0
1985,7,12,9,0,0,0.487074434757,11.3000001907
1985,7,13,9,0,0,1.04611814022,2.5
1985,7,14,9,0,0,0.80525302887,0.0
1985,7,15,9,0,0,0.959047913551,0.0
1985,7,16,9,0,0,0.294588327408,26.8999996185
1985,7,17,9,0,0,0.67562186718,39.0999984741
1985,7,18,9,0,0,0.971374213696,5.19999980927
1985,7,19,9,0,0,1.14011096954,0.0
1985,7,20,9,0,0,1.36545157433,0.0
1985,7,21,9,0,0,1.19976639748,0.0
1985,7,22,9,0,0,0.837976515293,0.0
1985,7,23,9,0,0,0.927949786186,0.0
1985,7,24,9,0,0,0.548520505428,0.0
1985,7,25,9,0,0,1.39986753464,0.0
1985,7,26,9,0,0,1.34396255016,0.0
1985,7,27,9,0,0,1.20373284817,0.0
1985,7,28,9,0,0,1.58720874786,0.0
1985,7,29,9,0,0,0.667043089867,0.0
1985,7,30,9,0,0,0.337185293436,14.6999998093
1985,7,31,9,0,0,0.54569453001,2.29999995232
1985,8,1,9,0,0,0.384557366371,4.90000009537
1985,8,2,9,0,0,1.44861388206,0.0
1985,8,3,9,0,0,2.03120994568,0.0
1985,8,4,9,0,0,1.69295966625,0.0
1985,8,5,9,0,0,1.41610872746,0.0
1985,8,6,9,0,0,1.43535709381,0.0
1985,8,7,9,0,0,1.58443939686,0.0
1985,8,8,9,0,0,0.905998289585,0.0
1985,8,9,9,0,0,0.364172071218,12.0
1985,8,10,9,0,0,0.508044779301,5.59999990463
1985,8,11,9,0,0,1.51519191265,2.79999995232
1985,8,12,9,0,0,1.66269552708,0.0
1985,8,13,9,0,0,1.77232420444,0.0
1985,8,14,9,0,0,1.50520658493,0.0
1985,8,15,9,0,0,1.49683523178,0.0
1985,8,16,9,0,0,0.411020904779,0.0
1985,8,17,9,0,0,0.930166780949,0.0
1985,8,18,9,0,0,0.908253967762,27.7000007629
1985,8,19,9,0,0,0.562475562096,23.7999992371
1985,8,20,9,0,0,0.747630417347,25.7000007629
1985,8,21,9,0,0,1.03657436371,2.70000004768
1985,8,22,9,0,0,0.961883544922,0.0
1985,8,23,9,0,0,1.22943711281,0.0
1985,8,24,9,0,0,0.396712511778,15.1000003815
1985,8,25,9,0,0,0.760508954525,6.59999990463
1985,8,26,9,0,0,0.985371112823,3.79999995232
1985,8,27,9,0,0,1.29421579838,0.0
1985,8,28,9,0,0,2.06460809708,0.0
1985,8,29,9,0,0,1.22341406345,0.0
1985,8,30,9,0,0,0.517501890659,7.30000019073
1985,8,31,9,0,0,0.889261424541,3.40000009537
1985,9,1,9,0,0,2.07640457153,2.29999995232
1985,9,2,9,0,0,1.65187835693,0.0
1985,9,3,9,0,0,0.642040967941,26.3999996185
1985,9,4,9,0,0,0.751170039177,26.2000007629
1985,9,5,9,0,0,1.21695661545,26.1000003815
1985,9,6,9,0,0,1.83156514168,0.0
1985,9,7,9,0,0,1.8570278883,5.40000009537
1985,9,8,9,0,0,1.33970916271,5.0
1985,9,9,9,0,0,1.19510912895,0.0
1985,9,10,9,0,0,2.23928928375,12.6999998093
1985,9,11,9,0,0,2.20158553123,0.0
1985,9,12,9,0,0,1.95637333393,0.0
1985,9,13,9,0,0,2.56830739975,0.0
1985,9,14,9,0,0,1.9399664402,0.0
1985,9,15,9,0,0,3.16951179504,0.0
1985,9,16,9,0,0,2.71005702019,0.0
1985,9,17,9,0,0,2.68631076813,0.0
1985,9,18,9,0,0,1.24782800674,0.0
1985,9,19,9,0,0,2.36216664314,0.0
1985,9,20,9,0,0,3.06168174744,0.0
1985,9,21,9,0,0,2.68088197708,0.0
1985,9,22,9,0,0,2.44354343414,0.0
1985,9,23,9,0,0,2.28257679939,0.0
1985,9,24,9,0,0,0.765308797359,0.0
1985,9,25,9,0,0,2.27893519402,0.0
1985,9,26,9,0,0,1.26057839394,32.5
1985,9,27,9,0,0,2.19063234329,13.0
1985,9,28,9,0,0,1.69818067551,12.1999998093
1985,9,29,9,0,0,1.21773707867,20.2000007629
1985,9,30,9,0,0,2.25850701332,0.0
1985,10,1,9,0,0,2.15074849129,0.0
1985,10,2,9,0,0,1.77783286572,0.0
1985,10,3,9,0,0,1.81035149097,4.59999990463
1985,10,4,9,0,0,3.55104589462,0.0
1985,10,5,9,0,0,2.64336872101,0.0
1985,10,6,9,0,0,2.29953145981,0.0
1985,10,7,9,0,0,1.47695124149,0.0
1985,10,8,9,0,0,4.44427919388,0.0
1985,10,9,9,0,0,2.50578403473,2.90000009537
1985,10,10,9,0,0,4.0265083313,0.0
1985,10,11,9,0,0,2.99663186073,0.0
1985,10,12,9,0,0,1.46955180168,6.69999980927
1985,10,13,9,0,0,1.69143855572,10.1999998093
1985,10,14,9,0,0,2.36589765549,0.0
1985,10,15,9,0,0,4.15190696716,0.0
1985,10,16,9,0,0,4.13379192352,0.0
1985,10,17,9,0,0,3.17792487144,0.0
1985,10,18,9,0,0,3.46499681473,0.0
1985,10,19,9,0,0,4.0587849617,5.5
1985,10,20,9,0,0,2.72333478928,0.0
1985,10,21,9,0,0,3.33936548233,2.0
1985,10,22,9,0,0,2.91280674934,3.40000009537
1985,10,23,9,0,0,1.3756300211,9.89999961853
1985,10,24,9,0,0,4.621717453,0.0
1985,10,25,9,0,0,2.75616765022,3.5
1985,10,26,9,0,0,4.87184906006,0.0
1985,10,27,9,0,0,4.89152622223,0.0
1985,10,28,9,0,0,3.35815954208,0.0
1985,10,29,9,0,0,3.59916543961,0.0
1985,10,30,9,0,0,4.1428527832,0.0
1985,10,31,9,0,0,3.82205796242,0.0
1985,11,1,9,0,0,1.57009422779,28.2999992371
1985,11,2,9,0,0,1.4182189703,13.1000003815
1985,11,3,9,0,0,3.50640273094,11.8000001907
1985,11,4,9,0,0,5.41602134705,0.0
1985,11,5,9,0,0,1.25014150143,8.5
1985,11,6,9,0,0,3.90455412865,0.0
1985,11,7,9,0,0,3.22161197662,0.0
1985,11,8,9,0,0,3.8178217411,0.0
1985,11,9,9,0,0,4.62785816193,0.0
1985,11,10,9,0,0,2.53348708153,0.0
1985,11,11,9,0,0,4.25973415375,0.0
1985,11,12,9,0,0,1.90600681305,5.69999980927
1985,11,13,9,0,0,4.23036575317,0.0
1985,11,14,9,0,0,4.60919332504,0.0
1985,11,15,9,0,0,3.64006185532,0.0
1985,11,16,9,0,0,3.66974473,0.0
1985,11,17,9,0,0,3.09833621979,0.0
1985,11,18,9,0,0,1.52807307243,0.0
1985,11,19,9,0,0,1.58299708366,19.0
1985,11,20,9,0,0,2.97143936157,12.3000001907
1985,11,21,9,0,0,2.75920152664,8.60000038147
1985,11,22,9,0,0,0.804256081581,2.5
1985,11,23,9,0,0,3.90796804428,2.40000009537
1985,11,24,9,0,0,2.97879481316,2.90000009537
1985,11,25,9,0,0,3.7249557972,0.0
1985,11,26,9,0,0,6.97351503372,0.0
1985,11,27,9,0,0,6.04024219513,0.0
1985,11,28,9,0,0,4.83114528656,0.0
1985,11,29,9,0,0,4.06422710419,0.0
1985,11,30,9,0,0,1.74853181839,21.5
1985,12,1,9,0,0,2.18172478676,12.8000001907
1985,12,2,9,0,0,2.23370289803,20.3999996185
1985,12,3,9,0,0,2.15063357353,7.30000019073
1985,12,4,9,0,0,4.6704659462,0.0
1985,12,5,9,0,0,5.82650279999,0.0
1985,12,6,9,0,0,6.3795542717,0.0
1985,12,7,9,0,0,2.41094255447,7.40000009537
1985,12,8,9,0,0,2.75996589661,19.1000003815
1985,12,9,9,0,0,5.69869709015,0.0
1985,12,10,9,0,0,5.71474981308,0.0
1985,12,11,9,0,0,5.57053422928,0.0
1985,12,12,9,0,0,4.57216072083,0.0
1985,12,13,9,0,0,3.22775530815,0.0
1985,12,14,9,0,0,1.96583604813,9.19999980927
1985,12,15,9,0,0,3.37291550636,21.8999996185
1985,12,16,9,0,0,3.14465808868,15.6999998093
1985,12,17,9,0,0,5.41734027863,0.0
1985,12,18,9,0,0,5.40100383759,2.0
1985,12,19,9,0,0,5.26721525192,0.0
1985,12,20,9,0,0,3.30331850052,29.2000007629
1985,12,21,9,0,0,3.40440821648,21.1000003815
1985,12,22,9,0,0,2.0817258358,36.7999992371
1985,12,23,9,0,0,2.00858139992,28.2999992371
1985,12,24,9,0,0,5.92582130432,5.90000009537
1985,12,25,9,0,0,4.31489658356,7.30000019073
1985,12,26,9,0,0,2.36562752724,16.8999996185
1985,12,27,9,0,0,2.11357498169,2.5
1985,12,28,9,0,0,2.05143046379,9.10000038147
1985,12,29,9,0,0,4.28367090225,0.0
1985,12,30,9,0,0,6.42448329926,0.0
1985,12,31,9,0,0,4.32615995407,0.0
1986,1,1,9,0,0,3.22313737869,3.09999990463
1986,1,2,9,0,0,1.79300642014,5.90000009537
1986,1,3,9,0,0,2.41485023499,15.6999998093
1986,1,4,9,0,0,4.62580680847,0.0
1986,1,5,9,0,0,5.92180013657,0.0
1986,1,6,9,0,0,5.19419765472,0.0
1986,1,7,9,0,0,5.24630403519,3.20000004768
1986,1,8,9,0,0,3.22789049149,11.1000003815
1986,1,9,9,0,0,2.79934883118,9.60000038147
1986,1,10,9,0,0,3.62741708755,0.0
1986,1,11,9,0,0,4.02459144592,5.69999980927
1986,1,12,9,0,0,2.83839535713,11.5
1986,1,13,9,0,0,4.51288986206,0.0
1986,1,14,9,0,0,3.9315533638,4.5
1986,1,15,9,0,0,5.39288759232,0.0
1986,1,16,9,0,0,4.77216100693,0.0
1986,1,17,9,0,0,5.91318273544,0.0
1986,1,18,9,0,0,3.04753351212,0.0
1986,1,19,9,0,0,7.1588549614,0.0
1986,1,20,9,0,0,5.94347238541,0.0
1986,1,21,9,0,0,2.9865436554,0.0
1986,1,22,9,0,0,3.8030769825,0.0
1986,1,23,9,0,0,4.12364196777,0.0
1986,1,24,9,0,0,2.13668203354,32.4000015259
1986,1,25,9,0,0,0.802085399628,63.7000007629
1986,1,26,9,0,0,3.8989303112,2.5
1986,1,27,9,0,0,2.34310245514,2.5
1986,1,28,9,0,0,5.30302143097,0.0
1986,1,29,9,0,0,6.08164834976,0.0
1986,1,30,9,0,0,3.9190351963,0.0
1986,1,31,9,0,0,3.84557342529,0.0
1986,2,1,9,0,0,6.19534111023,0.0
1986,2,2,9,0,0,5.72235918045,0.0
1986,2,3,9,0,0,6.21404457092,0.0
1986,2,4,9,0,0,5.79533910751,0.0
1986,2,5,9,0,0,4.75260686874,0.0
1986,2,6,9,0,0,4.85667562485,5.5
1986,2,7,9,0,0,4.12919425964,0.0
1986,2,8,9,0,0,4.96438646317,0.0
1986,2,9,9,0,0,6.33662414551,0.0
1986,2,10,9,0,0,5.52460289001,0.0
1986,2,11,9,0,0,3.45795845985,4.69999980927
1986,2,12,9,0,0,5.33273220062,0.0
1986,2,13,9,0,0,5.83688402176,4.19999980927
1986,2,14,9,0,0,2.44556498528,13.8999996185
1986,2,15,9,0,0,5.23970890045,0.0
1986,2,16,9,0,0,3.49065208435,9.80000019073
1986,2,17,9,0,0,2.56660699844,16.2000007629
1986,2,18,9,0,0,2.54120779037,0.0
1986,2,19,9,0,0,2.86602854729,25.7000007629
1986,2,20,9,0,0,2.18314170837,11.3999996185
1986,2,21,9,0,0,1.89032590389,5.90000009537
1986,2,22,9,0,0,2.71020555496,10.6000003815
1986,2,23,9,0,0,1.10869586468,6.5
1986,2,24,9,0,0,1.60114312172,33.0999984741
1986,2,25,9,0,0,2.09624624252,5.09999990463
1986,2,26,9,0,0,2.30719900131,4.90000009537
1986,2,27,9,0,0,3.20991325378,2.5
1986,2,28,9,0,0,3.34246754646,0.0
1986,3,1,9,0,0,3.85447835922,0.0
1986,3,2,9,0,0,3.24730443954,0.0
1986,3,3,9,0,0,0.888324260712,6.40000009537
1986,3,4,9,0,0,3.14804768562,0.0
1986,3,5,9,0,0,3.08449220657,0.0
1986,3,6,9,0,0,3.24154305458,0.0
1986,3,7,9,0,0,2.80058908463,0.0
1986,3,8,9,0,0,2.00699853897,0.0
1986,3,9,9,0,0,2.78504896164,0.0
1986,3,10,9,0,0,2.58445620537,0.0
1986,3,11,9,0,0,2.12375974655,3.79999995232
1986,3,12,9,0,0,1.4846817255,24.6000003815
1986,3,13,9,0,0,2.99468040466,3.20000004768
1986,3,14,9,0,0,2.97650194168,4.19999980927
1986,3,15,9,0,0,1.41068708897,5.19999980927
1986,3,16,9,0,0,0.944939255714,0.0
1986,3,17,9,0,0,2.0020031929,0.0
1986,3,18,9,0,0,3.46617245674,0.0
1986,3,19,9,0,0,3.05323314667,0.0
1986,3,20,9,0,0,2.48966360092,0.0
1986,3,21,9,0,0,3.05564165115,0.0
1986,3,22,9,0,0,1.94064223766,0.0
1986,3,23,9,0,0,0.872348964214,0.0
1986,3,24,9,0,0,0.547120094299,8.30000019073
1986,3,25,9,0,0,1.58606493473,0.0
1986,3,26,9,0,0,2.57912111282,0.0
1986,3,27,9,0,0,2.31356883049,0.0
1986,3,28,9,0,0,0.973135173321,9.69999980927
1986,3,29,9,0,0,3.18207979202,0.0
1986,3,30,9,0,0,2.2995288372,0.0
1986,3,31,9,0,0,3.59007191658,0.0
1986,4,1,9,0,0,2.7078063488,0.0
1986,4,2,9,0,0,1.27697789669,5.5
1986,4,3,9,0,0,2.36734056473,4.59999990463
1986,4,4,9,0,0,1.54810643196,2.79999995232
1986,4,5,9,0,0,1.02284383774,51.7000007629
1986,4,6,9,0,0,0.635952889919,6.5
1986,4,7,9,0,0,1.55152332783,0.0
1986,4,8,9,0,0,1.70884501934,0.0
1986,4,9,9,0,0,0.959211111069,7.59999990463
1986,4,10,9,0,0,1.77914857864,0.0
1986,4,11,9,0,0,1.41196346283,0.0
1986,4,12,9,0,0,0.504569649696,16.1000003815
1986,4,13,9,0,0,1.82156527042,2.70000004768
1986,4,14,9,0,0,2.38247227669,0.0
1986,4,15,9,0,0,1.87752711773,0.0
1986,4,16,9,0,0,2.136698246,0.0
1986,4,17,9,0,0,2.09616684914,0.0
1986,4,18,9,0,0,1.71413981915,0.0
1986,4,19,9,0,0,2.31556725502,0.0
1986,4,20,9,0,0,1.37154626846,5.19999980927
1986,4,21,9,0,0,1.37340199947,0.0
1986,4,22,9,0,0,1.00580537319,0.0
1986,4,23,9,0,0,2.00493073463,0.0
1986,4,24,9,0,0,0.863355875015,0.0
1986,4,25,9,0,0,0.739882290363,15.6999998093
1986,4,26,9,0,0,1.13390231133,18.5
1986,4,27,9,0,0,1.61767685413,0.0
1986,4,28,9,0,0,1.22166264057,10.6999998093
1986,4,29,9,0,0,1.73456072807,0.0
1986,4,30,9,0,0,1.02209973335,2.20000004768
1986,5,1,9,0,0,0.426623702049,11.3999996185
1986,5,2,9,0,0,1.39615821838,0.0
1986,5,3,9,0,0,0.693012177944,8.89999961853
1986,5,4,9,0,0,0.700455129147,11.0
1986,5,5,9,0,0,0.577376484871,3.40000009537
1986,5,6,9,0,0,1.78747737408,0.0
1986,5,7,9,0,0,0.718304991722,0.0
1986,5,8,9,0,0,1.74931168556,0.0
1986,5,9,9,0,0,0.914710342884,0.0
1986,5,10,9,0,0,1.15187954903,14.5
1986,5,11,9,0,0,0.62381285429,0.0
1986,5,12,9,0,0,1.02982068062,0.0
1986,5,13,9,0,0,1.49984753132,0.0
1986,5,14,9,0,0,1.56188094616,0.0
1986,5,15,9,0,0,1.57435166836,0.0
1986,5,16,9,0,0,0.639010131359,14.6999998093
1986,5,17,9,0,0,0.367957621813,4.59999990463
1986,5,18,9,0,0,0.822847127914,2.09999990463
1986,5,19,9,0,0,1.65227758884,0.0
1986,5,20,9,0,0,0.444925695658,30.7000007629
1986,5,21,9,0,0,0.734222590923,3.79999995232
1986,5,22,9,0,0,1.05086398125,0.0
1986,5,23,9,0,0,0.995839715004,0.0
1986,5,24,9,0,0,0.729630529881,0.0
1986,5,25,9,0,0,1.03304767609,0.0
1986,5,26,9,0,0,1.12662422657,0.0
1986,5,27,9,0,0,1.46427953243,0.0
1986,5,28,9,0,0,0.570596158504,0.0
1986,5,29,9,0,0,0.457004487514,8.10000038147
1986,5,30,9,0,0,0.488181769848,30.3999996185
1986,5,31,9,0,0,0.827010214329,17.0
1986,6,1,9,0,0,1.04019033909,0.0
1986,6,2,9,0,0,0.996803939342,0.0
1986,6,3,9,0,0,0.527722656727,0.0
1986,6,4,9,0,0,0.211456686258,20.8999996185
1986,6,5,9,0,0,0.843029379845,0.0
1986,6,6,9,0,0,1.0535377264,0.0
1986,6,7,9,0,0,1.06214690208,0.0
1986,6,8,9,0,0,0.331011980772,0.0
1986,6,9,9,0,0,0.529153227806,20.2000007629
1986,6,10,9,0,0,0.62188488245,16.8999996185
1986,6,11,9,0,0,1.1404736042,4.5
1986,6,12,9,0,0,0.39633461833,16.2000007629
1986,6,13,9,0,0,1.266898036,0.0
1986,6,14,9,0,0,0.801781892776,4.5
1986,6,15,9,0,0,0.969864010811,0.0
1986,6,16,9,0,0,1.08361744881,0.0
1986,6,17,9,0,0,1.03504478931,0.0
1986,6,18,9,0,0,0.874926865101,0.0
1986,6,19,9,0,0,0.77005469799,0.0
1986,6,20,9,0,0,0.390195608139,12.1999998093
1986,6,21,9,0,0,0.19536010921,35.2000007629
1986,6,22,9,0,0,0.723780572414,3.0
1986,6,23,9,0,0,0.282118916512,14.3000001907
1986,6,24,9,0,0,0.391279071569,7.40000009537
1986,6,25,9,0,0,0.285980403423,7.19999980927
1986,6,26,9,0,0,0.442433923483,2.79999995232
1986,6,27,9,0,0,0.406926095486,14.6999998093
1986,6,28,9,0,0,0.36336928606,18.2000007629
1986,6,29,9,0,0,0.39257311821,7.0
1986,6,30,9,0,0,0.755461335182,0.0
1986,7,1,9,0,0,1.0687328577,0.0
1986,7,2,9,0,0,1.0831823349,0.0
1986,7,3,9,0,0,1.23665225506,0.0
1986,7,4,9,0,0,0.939356803894,0.0
1986,7,5,9,0,0,0.599761545658,4.19999980927
1986,7,6,9,0,0,0.157829657197,16.7999992371
1986,7,7,9,0,0,0.251901268959,2.90000009537
1986,7,8,9,0,0,1.08415782452,0.0
1986,7,9,9,0,0,0.42912876606,0.0
1986,7,10,9,0,0,0.547430753708,4.0
1986,7,11,9,0,0,0.79829710722,0.0
1986,7,12,9,0,0,1.20917928219,0.0
1986,7,13,9,0,0,1.10417807102,0.0
1986,7,14,9,0,0,0.965968728065,0.0
1986,7,15,9,0,0,0.775153756142,0.0
1986,7,16,9,0,0,1.04019737244,0.0
1986,7,17,9,0,0,0.561100661755,0.0
1986,7,18,9,0,0,0.658847391605,0.0
1986,7,19,9,0,0,0.288199692965,0.0
1986,7,20,9,0,0,0.728532731533,0.0
1986,7,21,9,0,0,1.06723690033,0.0
1986,7,22,9,0,0,1.24959313869,0.0
1986,7,23,9,0,0,0.800152659416,0.0
1986,7,24,9,0,0,0.306448370218,39.0999984741
1986,7,25,9,0,0,0.338423013687,17.3999996185
1986,7,26,9,0,0,1.31766784191,3.90000009537
1986,7,27,9,0,0,0.805322706699,9.69999980927
1986,7,28,9,0,0,0.108980089426,13.8000001907
1986,7,29,9,0,0,0.626270353794,12.5
1986,7,30,9,0,0,0.642044663429,5.69999980927
1986,7,31,9,0,0,0.453855127096,25.2000007629
1986,8,1,9,0,0,0.442471086979,12.3000001907
1986,8,2,9,0,0,1.14424300194,0.0
1986,8,3,9,0,0,0.758853077888,0.0
1986,8,4,9,0,0,0.724070906639,2.0
1986,8,5,9,0,0,1.42653441429,0.0
1986,8,6,9,0,0,0.808525264263,0.0
1986,8,7,9,0,0,0.980950713158,4.80000019073
1986,8,8,9,0,0,0.364669770002,3.09999990463
1986,8,9,9,0,0,0.922810733318,0.0
1986,8,10,9,0,0,0.87602263689,0.0
1986,8,11,9,0,0,1.88348352909,0.0
1986,8,12,9,0,0,1.73121702671,0.0
1986,8,13,9,0,0,1.6992982626,0.0
1986,8,14,9,0,0,1.62678825855,0.0
1986,8,15,9,0,0,1.31148004532,0.0
1986,8,16,9,0,0,1.09420096874,0.0
1986,8,17,9,0,0,1.29421234131,0.0
1986,8,18,9,0,0,1.02718734741,0.0
1986,8,19,9,0,0,0.298605591059,32.4000015259
1986,8,20,9,0,0,1.09449410439,0.0
1986,8,21,9,0,0,0.550758898258,10.0
1986,8,22,9,0,0,1.77215325832,0.0
1986,8,23,9,0,0,1.53083598614,0.0
1986,8,24,9,0,0,1.373685956,0.0
1986,8,25,9,0,0,1.85705780983,0.0
1986,8,26,9,0,0,1.54202961922,0.0
1986,8,27,9,0,0,0.951690852642,0.0
1986,8,28,9,0,0,2.03849697113,0.0
1986,8,29,9,0,0,1.75923466682,0.0
1986,8,30,9,0,0,1.73115479946,0.0
1986,8,31,9,0,0,1.43756496906,4.09999990463
1986,9,1,9,0,0,0.839273810387,6.59999990463
1986,9,2,9,0,0,0.605238199234,12.5
1986,9,3,9,0,0,1.60360395908,3.79999995232
1986,9,4,9,0,0,1.01663720608,0.0
1986,9,5,9,0,0,1.15989673138,0.0
1986,9,6,9,0,0,1.51537108421,26.8999996185
1986,9,7,9,0,0,0.742577016354,12.6000003815
1986,9,8,9,0,0,1.53655874729,2.5
1986,9,9,9,0,0,1.94632518291,0.0
1986,9,10,9,0,0,1.40512788296,0.0
1986,9,11,9,0,0,0.451853007078,16.8999996185
1986,9,12,9,0,0,1.84219121933,2.40000009537
1986,9,13,9,0,0,1.90656840801,0.0
1986,9,14,9,0,0,1.22774016857,40.7000007629
1986,9,15,9,0,0,0.183955550194,25.5
1986,9,16,9,0,0,1.63678908348,0.0
1986,9,17,9,0,0,2.77579116821,0.0
1986,9,18,9,0,0,1.44939935207,0.0
1986,9,19,9,0,0,2.77577352524,0.0
1986,9,20,9,0,0,3.11610174179,0.0
1986,9,21,9,0,0,3.01230955124,0.0
1986,9,22,9,0,0,2.03809475899,0.0
1986,9,23,9,0,0,2.15184688568,0.0
1986,9,24,9,0,0,1.51362240314,0.0
1986,9,25,9,0,0,1.97551512718,0.0
1986,9,26,9,0,0,1.61294293404,2.20000004768
1986,9,27,9,0,0,0.382128506899,4.5
1986,9,28,9,0,0,1.59013032913,0.0
1986,9,29,9,0,0,2.67655539513,2.09999990463
1986,9,30,9,0,0,2.53797388077,0.0
1986,10,1,9,0,0,2.76307940483,0.0
1986,10,2,9,0,0,0.659180283546,10.5
1986,10,3,9,0,0,0.244464978576,11.8000001907
1986,10,4,9,0,0,0.277682304382,14.1999998093
1986,10,5,9,0,0,1.49349105358,3.70000004768
1986,10,6,9,0,0,1.86533927917,0.0
1986,10,7,9,0,0,2.86504983902,0.0
1986,10,8,9,0,0,3.18163466454,3.0
1986,10,9,9,0,0,2.17924213409,4.59999990463
1986,10,10,9,0,0,2.21034002304,4.90000009537
1986,10,11,9,0,0,1.79032182693,2.0
1986,10,12,9,0,0,3.07900190353,2.29999995232
1986,10,13,9,0,0,1.43912875652,9.60000038147
1986,10,14,9,0,0,2.63626670837,2.40000009537
1986,10,15,9,0,0,2.63372468948,6.69999980927
1986,10,16,9,0,0,2.55180335045,4.5
1986,10,17,9,0,0,1.73706042767,9.39999961853
1986,10,18,9,0,0,3.28684902191,0.0
1986,10,19,9,0,0,1.98258960247,0.0
1986,10,20,9,0,0,1.83101797104,9.0
1986,10,21,9,0,0,1.28617715836,11.6999998093
1986,10,22,9,0,0,1.58608150482,5.0
1986,10,23,9,0,0,1.60504853725,4.69999980927
1986,10,24,9,0,0,0.763723134995,4.40000009537
1986,10,25,9,0,0,3.5640604496,0.0
1986,10,26,9,0,0,2.4929921627,6.5
1986,10,27,9,0,0,1.34650111198,5.30000019073
1986,10,28,9,0,0,4.09031438828,0.0
1986,10,29,9,0,0,2.81010818481,0.0
1986,10,30,9,0,0,3.7471575737,0.0
1986,10,31,9,0,0,2.45373511314,0.0
1986,11,1,9,0,0,1.78594326973,0.0
1986,11,2,9,0,0,0.544378936291,16.1000003815
1986,11,3,9,0,0,3.35711455345,0.0
1986,11,4,9,0,0,2.46202850342,0.0
1986,11,5,9,0,0,4.68253898621,0.0
1986,11,6,9,0,0,4.45568990707,0.0
1986,11,7,9,0,0,2.50907516479,0.0
1986,11,8,9,0,0,0.65339243412,4.80000019073
1986,11,9,9,0,0,3.55172634125,0.0
1986,11,10,9,0,0,4.17903709412,0.0
1986,11,11,9,0,0,2.29333949089,15.0
1986,11,12,9,0,0,2.05918455124,14.5
1986,11,13,9,0,0,2.32363843918,7.69999980927
1986,11,14,9,0,0,3.2224984169,0.0
1986,11,15,9,0,0,4.56458044052,0.0
1986,11,16,9,0,0,4.71638631821,0.0
1986,11,17,9,0,0,3.45721125603,0.0
1986,11,18,9,0,0,3.63787531853,5.59999990463
1986,11,19,9,0,0,3.10988020897,0.0
1986,11,20,9,0,0,3.22026371956,0.0
1986,11,21,9,0,0,3.62744808197,0.0
1986,11,22,9,0,0,4.88854551315,2.29999995232
1986,11,23,9,0,0,0.454767435789,11.0
1986,11,24,9,0,0,0.707786202431,8.5
1986,11,25,9,0,0,2.67720627785,0.0
1986,11,26,9,0,0,4.48385381699,0.0
1986,11,27,9,0,0,2.42044830322,4.0
1986,11,28,9,0,0,1.28533315659,10.6000003815
1986,11,29,9,0,0,3.16152215004,4.19999980927
1986,11,30,9,0,0,1.97341680527,5.90000009537
1986,12,1,9,0,0,4.2597193718,0.0
1986,12,2,9,0,0,3.81354117393,0.0
1986,12,3,9,0,0,3.37826800346,0.0
1986,12,4,9,0,0,3.13496255875,0.0
1986,12,5,9,0,0,4.51895999908,0.0
1986,12,6,9,0,0,5.55331516266,0.0
1986,12,7,9,0,0,3.59011411667,0.0
1986,12,8,9,0,0,2.47787308693,0.0
1986,12,9,9,0,0,3.20545434952,0.0
1986,12,10,9,0,0,2.94571352005,0.0
1986,12,11,9,0,0,3.70106434822,0.0
1986,12,12,9,0,0,4.29508447647,0.0
1986,12,13,9,0,0,4.14355516434,0.0
1986,12,14,9,0,0,0.875063896179,7.40000009537
1986,12,15,9,0,0,1.82452952862,0.0
1986,12,16,9,0,0,1.46873664856,9.19999980927
1986,12,17,9,0,0,2.00117182732,0.0
1986,12,18,9,0,0,3.33921265602,0.0
1986,12,19,9,0,0,1.79280412197,4.0
1986,12,20,9,0,0,1.68817389011,0.0
1986,12,21,9,0,0,2.2753944397,25.1000003815
1986,12,22,9,0,0,2.186606884,4.09999990463
1986,12,23,9,0,0,1.55683898926,9.60000038147
1986,12,24,9,0,0,1.85642838478,10.0
1986,12,25,9,0,0,3.30902838707,5.19999980927
1986,12,26,9,0,0,4.06708669662,0.0
1986,12,27,9,0,0,4.82765054703,0.0
1986,12,28,9,0,0,5.22304201126,2.0
1986,12,29,9,0,0,0.616918444633,49.7000007629
1986,12,30,9,0,0,3.39980244637,6.80000019073
1986,12,31,9,0,0,3.91875171661,0.0
1987,1,1,9,0,0,4.21104860306,0.0
1987,1,2,9,0,0,5.99781227112,0.0
1987,1,3,9,0,0,6.15673017502,0.0
1987,1,4,9,0,0,4.22896528244,0.0
1987,1,5,9,0,0,3.84671592712,0.0
1987,1,6,9,0,0,3.60343980789,0.0
1987,1,7,9,0,0,4.95192909241,0.0
1987,1,8,9,0,0,4.4466509819,0.0
1987,1,9,9,0,0,5.97895002365,0.0
1987,1,10,9,0,0,5.40310525894,5.59999990463
1987,1,11,9,0,0,2.01039433479,8.0
1987,1,12,9,0,0,3.77159667015,0.0
1987,1,13,9,0,0,2.50186109543,2.70000004768
1987,1,14,9,0,0,1.11014580727,60.5
1987,1,15,9,0,0,1.0105111599,26.1000003815
1987,1,16,9,0,0,4.63711500168,0.0
1987,1,17,9,0,0,3.28235030174,43.0
1987,1,18,9,0,0,5.00111246109,0.0
1987,1,19,9,0,0,2.08712887764,4.90000009537
1987,1,20,9,0,0,4.41020822525,2.5
1987,1,21,9,0,0,1.53803110123,8.80000019073
1987,1,22,9,0,0,1.43479514122,35.2000007629
1987,1,23,9,0,0,1.97622942924,23.6000003815
1987,1,24,9,0,0,3.17094969749,3.20000004768
1987,1,25,9,0,0,3.4898686409,2.5
1987,1,26,9,0,0,4.07544851303,0.0
1987,1,27,9,0,0,3.39287853241,0.0
1987,1,28,9,0,0,0.29731580615,34.0
1987,1,29,9,0,0,3.86034536362,0.0
1987,1,30,9,0,0,3.39126825333,0.0
1987,1,31,9,0,0,1.00400590897,0.0
1987,2,1,9,0,0,2.95454239845,2.79999995232
1987,2,2,9,0,0,4.0192027092,0.0
1987,2,3,9,0,0,1.54070281982,4.90000009537
1987,2,4,9,0,0,1.00826394558,28.2000007629
1987,2,5,9,0,0,1.65798950195,9.5
1987,2,6,9,0,0,3.8226044178,2.59999990463
1987,2,7,9,0,0,2.84989285469,0.0
1987,2,8,9,0,0,3.70960474014,0.0
1987,2,9,9,0,0,2.24944829941,0.0
1987,2,10,9,0,0,3.2700316906,0.0
1987,2,11,9,0,0,2.27131128311,0.0
1987,2,12,9,0,0,1.41983962059,21.8999996185
1987,2,13,9,0,0,3.23898148537,6.30000019073
1987,2,14,9,0,0,2.79197835922,0.0
1987,2,15,9,0,0,4.64904212952,0.0
1987,2,16,9,0,0,3.51447343826,0.0
1987,2,17,9,0,0,2.25836896896,11.1000003815
1987,2,18,9,0,0,4.28564405441,0.0
1987,2,19,9,0,0,2.81237745285,0.0
1987,2,20,9,0,0,3.30813121796,0.0
1987,2,21,9,0,0,4.65111446381,0.0
1987,2,22,9,0,0,1.99836540222,3.5
1987,2,23,9,0,0,1.40081489086,29.0
1987,2,24,9,0,0,3.87150549889,0.0
1987,2,25,9,0,0,1.56583440304,0.0
1987,2,26,9,0,0,1.58084321022,7.90000009537
1987,2,27,9,0,0,2.48792243004,3.29999995232
1987,2,28,9,0,0,2.74175000191,0.0
1987,3,1,9,0,0,1.38058078289,3.0
1987,3,2,9,0,0,1.68011069298,4.5
1987,3,3,9,0,0,1.66570472717,0.0
1987,3,4,9,0,0,2.98871445656,0.0
1987,3,5,9,0,0,4.20746278763,0.0
1987,3,6,9,0,0,2.00353503227,0.0
1987,3,7,9,0,0,2.55166292191,0.0
1987,3,8,9,0,0,2.49127864838,0.0
1987,3,9,9,0,0,1.04199647903,28.5
1987,3,10,9,0,0,2.5867331028,2.5
1987,3,11,9,0,0,1.97276079655,8.89999961853
1987,3,12,9,0,0,2.89225411415,0.0
1987,3,13,9,0,0,0.917182981968,0.0
1987,3,14,9,0,0,2.80024957657,0.0
1987,3,15,9,0,0,2.43282938004,0.0
1987,3,16,9,0,0,3.23827719688,2.79999995232
1987,3,17,9,0,0,2.2180685997,0.0
1987,3,18,9,0,0,2.71487307549,0.0
1987,3,19,9,0,0,3.36525058746,0.0
1987,3,20,9,0,0,2.86499810219,0.0
1987,3,21,9,0,0,2.08700537682,0.0
1987,3,22,9,0,0,2.61027574539,0.0
1987,3,23,9,0,0,1.1884791851,7.0
1987,3,24,9,0,0,0.919219911098,11.1000003815
1987,3,25,9,0,0,1.56443345547,6.59999990463
1987,3,26,9,0,0,2.11991405487,2.0
1987,3,27,9,0,0,2.59992647171,0.0
1987,3,28,9,0,0,2.68891978264,0.0
1987,3,29,9,0,0,1.30158400536,0.0
1987,3,30,9,0,0,0.798484027386,22.6000003815
1987,3,31,9,0,0,0.332865864038,22.3999996185
1987,4,1,9,0,0,2.17188310623,3.09999990463
1987,4,2,9,0,0,0.828753232956,2.79999995232
1987,4,3,9,0,0,1.71704733372,0.0
1987,4,4,9,0,0,1.80748093128,0.0
1987,4,5,9,0,0,2.67696857452,0.0
1987,4,6,9,0,0,1.57977998257,0.0
1987,4,7,9,0,0,2.28378248215,0.0
1987,4,8,9,0,0,0.479329258204,19.0
1987,4,9,9,0,0,0.293580234051,10.3000001907
1987,4,10,9,0,0,2.23651790619,0.0
1987,4,11,9,0,0,2.38373303413,0.0
1987,4,12,9,0,0,2.23449993134,0.0
1987,4,13,9,0,0,1.7589751482,0.0
1987,4,14,9,0,0,2.2468149662,0.0
1987,4,15,9,0,0,0.669921517372,0.0
1987,4,16,9,0,0,1.98939096928,0.0
1987,4,17,9,0,0,1.82001316547,0.0
1987,4,18,9,0,0,1.48175573349,0.0
1987,4,19,9,0,0,2.0358672142,0.0
1987,4,20,9,0,0,0.924758076668,45.5999984741
1987,4,21,9,0,0,0.617604076862,9.80000019073
1987,4,22,9,0,0,0.702418088913,15.1000003815
1987,4,23,9,0,0,1.05486321449,9.39999961853
1987,4,24,9,0,0,1.52667057514,2.20000004768
1987,4,25,9,0,0,0.802127897739,0.0
1987,4,26,9,0,0,0.871491551399,0.0
1987,4,27,9,0,0,0.682813644409,0.0
1987,4,28,9,0,0,0.303644835949,3.20000004768
1987,4,29,9,0,0,1.40221297741,0.0
1987,4,30,9,0,0,0.0744947642088,42.0999984741
1987,5,1,9,0,0,1.55157113075,0.0
1987,5,2,9,0,0,1.53268158436,0.0
1987,5,3,9,0,0,1.39676940441,0.0
1987,5,4,9,0,0,0.176500141621,18.5
1987,5,5,9,0,0,1.09478914738,0.0
1987,5,6,9,0,0,1.35587871075,0.0
1987,5,7,9,0,0,1.07041525841,0.0
1987,5,8,9,0,0,0.712130069733,0.0
1987,5,9,9,0,0,1.18832278252,0.0
1987,5,10,9,0,0,0.538928329945,0.0
1987,5,11,9,0,0,0.574161589146,0.0
1987,5,12,9,0,0,0.77269500494,0.0
1987,5,13,9,0,0,0.353626251221,0.0
1987,5,14,9,0,0,0.612287282944,0.0
1987,5,15,9,0,0,0.627352237701,0.0
1987,5,16,9,0,0,0.463802099228,4.40000009537
1987,5,17,9,0,0,0.14555183053,8.89999961853
1987,5,18,9,0,0,0.184074744582,30.2000007629
1987,5,19,9,0,0,0.154458507895,14.6999998093
1987,5,20,9,0,0,1.23751938343,0.0
1987,5,21,9,0,0,0.856638491154,2.09999990463
1987,5,22,9,0,0,1.15572547913,0.0
1987,5,23,9,0,0,0.490925788879,0.0
1987,5,24,9,0,0,0.762624204159,0.0
1987,5,25,9,0,0,0.382760554552,0.0
1987,5,26,9,0,0,0.200656086206,0.0
1987,5,27,9,0,0,0.521046161652,0.0
1987,5,28,9,0,0,0.112194359303,50.4000015259
1987,5,29,9,0,0,0.70437681675,3.79999995232
1987,5,30,9,0,0,0.438410192728,20.7000007629
1987,5,31,9,0,0,0.275211840868,21.2999992371
1987,6,1,9,0,0,0.666352748871,3.20000004768
1987,6,2,9,0,0,0.481207221746,4.0
1987,6,3,9,0,0,0.0912815853953,14.8999996185
1987,6,4,9,0,0,0.252868205309,13.3000001907
1987,6,5,9,0,0,0.974168479443,0.0
1987,6,6,9,0,0,0.674494385719,0.0
1987,6,7,9,0,0,0.887288630009,0.0
1987,6,8,9,0,0,0.470355987549,0.0
1987,6,9,9,0,0,0.588135540485,0.0
1987,6,10,9,0,0,0.493636190891,0.0
1987,6,11,9,0,0,0.968850016594,0.0
1987,6,12,9,0,0,0.430711656809,0.0
1987,6,13,9,0,0,0.119086302817,24.2000007629
1987,6,14,9,0,0,0.185315027833,36.5
1987,6,15,9,0,0,0.247635304928,7.80000019073
1987,6,16,9,0,0,1.18938851357,0.0
1987,6,17,9,0,0,0.446097552776,0.0
1987,6,18,9,0,0,0.375890105963,9.39999961853
1987,6,19,9,0,0,0.388052940369,6.90000009537
1987,6,20,9,0,0,0.737917006016,0.0
1987,6,21,9,0,0,0.688050329685,0.0
1987,6,22,9,0,0,0.620628774166,0.0
1987,6,23,9,0,0,0.598650753498,0.0
1987,6,24,9,0,0,0.235790982842,2.5
1987,6,25,9,0,0,0.293246120214,0.0
1987,6,26,9,0,0,0.566561281681,2.59999990463
1987,6,27,9,0,0,0.383000731468,2.59999990463
1987,6,28,9,0,0,0.586726367474,13.8000001907
1987,6,29,9,0,0,0.23104287684,28.8999996185
1987,6,30,9,0,0,0.707032322884,0.0
1987,7,1,9,0,0,0.85241407156,0.0
1987,7,2,9,0,0,0.805528461933,0.0
1987,7,3,9,0,0,0.829219043255,0.0
1987,7,4,9,0,0,0.466334819794,0.0
1987,7,5,9,0,0,0.831173479557,0.0
1987,7,6,9,0,0,0.757180511951,0.0
1987,7,7,9,0,0,0.318503350019,5.5
1987,7,8,9,0,0,0.366315513849,5.59999990463
1987,7,9,9,0,0,0.390110075474,3.59999990463
1987,7,10,9,0,0,0.465145200491,0.0
1987,7,11,9,0,0,0.218782886863,6.5
1987,7,12,9,0,0,0.16879054904,10.8999996185
1987,7,13,9,0,0,0.959030091763,0.0
1987,7,14,9,0,0,1.13396430016,0.0
1987,7,15,9,0,0,0.987270772457,0.0
1987,7,16,9,0,0,1.23687148094,0.0
1987,7,17,9,0,0,0.633328914642,2.09999990463
1987,7,18,9,0,0,0.789801359177,2.0
1987,7,19,9,0,0,0.88513469696,5.69999980927
1987,7,20,9,0,0,0.390437841415,9.80000019073
1987,7,21,9,0,0,0.421782910824,6.40000009537
1987,7,22,9,0,0,0.629216074944,0.0
1987,7,23,9,0,0,1.12138187885,0.0
1987,7,24,9,0,0,1.21866774559,0.0
1987,7,25,9,0,0,0.763817489147,0.0
1987,7,26,9,0,0,0.635842978954,0.0
1987,7,27,9,0,0,0.796664357185,5.40000009537
1987,7,28,9,0,0,0.703513920307,2.59999990463
1987,7,29,9,0,0,0.974197328091,0.0
1987,7,30,9,0,0,1.07795786858,0.0
1987,7,31,9,0,0,0.778750240803,8.80000019073
1987,8,1,9,0,0,0.264313846827,12.8999996185
1987,8,2,9,0,0,0.484221667051,0.0
1987,8,3,9,0,0,0.724624216557,0.0
1987,8,4,9,0,0,0.137928366661,20.2999992371
1987,8,5,9,0,0,0.169080644846,21.1000003815
1987,8,6,9,0,0,0.681794583797,6.19999980927
1987,8,7,9,0,0,0.359939336777,5.40000009537
1987,8,8,9,0,0,1.007858634,0.0
1987,8,9,9,0,0,0.853912770748,0.0
1987,8,10,9,0,0,0.699607610703,4.5
1987,8,11,9,0,0,1.06850636005,3.79999995232
1987,8,12,9,0,0,0.811152517796,0.0
1987,8,13,9,0,0,1.13727343082,0.0
1987,8,14,9,0,0,1.21998488903,0.0
1987,8,15,9,0,0,0.780236840248,0.0
1987,8,16,9,0,0,0.602820694447,0.0
1987,8,17,9,0,0,0.304766863585,12.0
1987,8,18,9,0,0,1.06510126591,0.0
1987,8,19,9,0,0,1.30044937134,0.0
1987,8,20,9,0,0,1.21723330021,0.0
1987,8,21,9,0,0,0.198921814561,20.5
1987,8,22,9,0,0,0.67789041996,7.19999980927
1987,8,23,9,0,0,0.788208425045,0.0
1987,8,24,9,0,0,0.528818964958,0.0
1987,8,25,9,0,0,0.927420496941,7.09999990463
1987,8,26,9,0,0,1.32850801945,3.20000004768
1987,8,27,9,0,0,1.07575714588,0.0
1987,8,28,9,0,0,1.37147092819,0.0
1987,8,29,9,0,0,1.05183362961,0.0
1987,8,30,9,0,0,0.912963211536,0.0
1987,8,31,9,0,0,1.14703559875,0.0
1987,9,1,9,0,0,1.81038105488,0.0
1987,9,2,9,0,0,0.539574027061,16.7000007629
1987,9,3,9,0,0,0.618275284767,20.6000003815
1987,9,4,9,0,0,0.217593327165,10.5
1987,9,5,9,0,0,1.48796188831,0.0
1987,9,6,9,0,0,1.33405065536,4.5
1987,9,7,9,0,0,1.70401597023,0.0
1987,9,8,9,0,0,0.503537416458,12.1999998093
1987,9,9,9,0,0,0.637878298759,5.5
1987,9,10,9,0,0,1.99558126926,2.79999995232
1987,9,11,9,0,0,0.0872487649322,24.3999996185
1987,9,12,9,0,0,0.334067374468,15.1999998093
1987,9,13,9,0,0,0.14732888341,13.8000001907
1987,9,14,9,0,0,1.3757584095,2.40000009537
1987,9,15,9,0,0,0.807983279228,9.69999980927
1987,9,16,9,0,0,0.525862395763,7.80000019073
1987,9,17,9,0,0,0.596930682659,8.5
1987,9,18,9,0,0,1.13391661644,2.90000009537
1987,9,19,9,0,0,0.801655471325,0.0
1987,9,20,9,0,0,1.49476897717,0.0
1987,9,21,9,0,0,0.277972996235,6.09999990463
1987,9,22,9,0,0,0.693295478821,7.09999990463
1987,9,23,9,0,0,1.22035574913,4.0
1987,9,24,9,0,0,0.913454830647,0.0
1987,9,25,9,0,0,1.21737861633,0.0
1987,9,26,9,0,0,2.10511445999,0.0
1987,9,27,9,0,0,1.28737473488,0.0
1987,9,28,9,0,0,0.493052452803,0.0
1987,9,29,9,0,0,1.54933989048,3.79999995232
1987,9,30,9,0,0,0.350049883127,17.5
1987,10,1,9,0,0,2.25030708313,2.0
1987,10,2,9,0,0,0.527500152588,3.59999990463
1987,10,3,9,0,0,1.24946451187,2.29999995232
1987,10,4,9,0,0,0.772663533688,0.0
1987,10,5,9,0,0,0.473400533199,2.59999990463
1987,10,6,9,0,0,0.310925900936,10.5
1987,10,7,9,0,0,0.243567064404,23.8999996185
1987,10,8,9,0,0,2.22533345222,6.09999990463
1987,10,9,9,0,0,1.33577907085,15.1999998093
1987,10,10,9,0,0,0.687248587608,15.6999998093
1987,10,11,9,0,0,0.987380027771,6.90000009537
1987,10,12,9,0,0,0.671986162663,39.7999992371
1987,10,13,9,0,0,0.167838230729,37.0999984741
1987,10,14,9,0,0,1.09963667393,0.0
1987,10,15,9,0,0,2.92319107056,0.0
1987,10,16,9,0,0,2.40305614471,0.0
1987,10,17,9,0,0,3.41791987419,0.0
1987,10,18,9,0,0,3.74916625023,0.0
1987,10,19,9,0,0,3.80612444878,0.0
1987,10,20,9,0,0,3.41285467148,0.0
1987,10,21,9,0,0,2.6375837326,0.0
1987,10,22,9,0,0,2.73930096626,0.0
1987,10,23,9,0,0,1.54245305061,9.80000019073
1987,10,24,9,0,0,0.436126708984,3.40000009537
1987,10,25,9,0,0,2.62868833542,0.0
1987,10,26,9,0,0,2.88820695877,0.0
1987,10,27,9,0,0,1.51236259937,0.0
1987,10,28,9,0,0,0.702853560448,13.5
1987,10,29,9,0,0,0.322014003992,14.8999996185
1987,10,30,9,0,0,1.54991149902,0.0
1987,10,31,9,0,0,1.16126906872,0.0
1987,11,1,9,0,0,2.90176558495,0.0
1987,11,2,9,0,0,2.28397393227,0.0
1987,11,3,9,0,0,1.94693017006,0.0
1987,11,4,9,0,0,0.174566194415,10.6000003815
1987,11,5,9,0,0,2.96051311493,0.0
1987,11,6,9,0,0,4.00329780579,0.0
1987,11,7,9,0,0,4.05985164642,0.0
1987,11,8,9,0,0,2.22092247009,12.6999998093
1987,11,9,9,0,0,1.88360345364,3.29999995232
1987,11,10,9,0,0,2.7070941925,2.29999995232
1987,11,11,9,0,0,1.48813021183,0.0
1987,11,12,9,0,0,0.649134814739,0.0
1987,11,13,9,0,0,0.599842965603,29.7999992371
1987,11,14,9,0,0,2.78626728058,2.20000004768
1987,11,15,9,0,0,2.39227819443,0.0
1987,11,16,9,0,0,3.56656599045,0.0
1987,11,17,9,0,0,4.76214170456,0.0
1987,11,18,9,0,0,4.49374628067,0.0
1987,11,19,9,0,0,3.79640507698,0.0
1987,11,20,9,0,0,4.20514440536,0.0
1987,11,21,9,0,0,4.96204996109,0.0
1987,11,22,9,0,0,4.2890162468,3.20000004768
1987,11,23,9,0,0,4.9852771759,0.0
1987,11,24,9,0,0,3.87893509865,0.0
1987,11,25,9,0,0,2.49917984009,3.40000009537
1987,11,26,9,0,0,0.328116446733,27.1000003815
1987,11,27,9,0,0,2.00212836266,7.30000019073
1987,11,28,9,0,0,1.3114541769,33.0999984741
1987,11,29,9,0,0,1.99462115765,15.3999996185
1987,11,30,9,0,0,3.05102849007,5.19999980927
1987,12,1,9,0,0,2.45496106148,2.70000004768
1987,12,2,9,0,0,0.337813556194,13.1000003815
1987,12,3,9,0,0,0.196679785848,5.80000019073
1987,12,4,9,0,0,2.94604301453,3.59999990463
1987,12,5,9,0,0,1.89343392849,4.0
1987,12,6,9,0,0,1.65047585964,6.5
1987,12,7,9,0,0,1.71168911457,0.0
1987,12,8,9,0,0,0.281995803118,28.2000007629
1987,12,9,9,0,0,2.25778865814,8.0
1987,12,10,9,0,0,3.26715230942,3.20000004768
1987,12,11,9,0,0,1.48857712746,0.0
1987,12,12,9,0,0,2.35957360268,0.0
1987,12,13,9,0,0,3.99215483665,0.0
1987,12,14,9,0,0,3.41941428185,0.0
1987,12,15,9,0,0,3.23007249832,0.0
1987,12,16,9,0,0,2.74799513817,5.0
1987,12,17,9,0,0,1.40737307072,0.0
1987,12,18,9,0,0,2.03222489357,0.0
1987,12,19,9,0,0,0.421991676092,6.09999990463
1987,12,20,9,0,0,4.99833393097,0.0
1987,12,21,9,0,0,5.31466722488,0.0
1987,12,22,9,0,0,2.26091170311,10.1999998093
1987,12,23,9,0,0,0.523806452751,46.9000015259
1987,12,24,9,0,0,1.07726204395,8.39999961853
1987,12,25,9,0,0,0.628283500671,31.1000003815
1987,12,26,9,0,0,1.02560377121,18.2000007629
1987,12,27,9,0,0,3.92029762268,0.0
1987,12,28,9,0,0,4.9132232666,0.0
1987,12,29,9,0,0,2.62952589989,0.0
1987,12,30,9,0,0,2.70651173592,0.0
1987,12,31,9,0,0,4.2617020607,0.0
1988,1,1,9,0,0,4.15361976624,0.0
1988,1,2,9,0,0,5.26943063736,0.0
1988,1,3,9,0,0,4.9961514473,0.0
1988,1,4,9,0,0,3.5498957634,0.0
1988,1,5,9,0,0,3.5408718586,0.0
1988,1,6,9,0,0,4.48818302155,0.0
1988,1,7,9,0,0,2.15122699738,0.0
1988,1,8,9,0,0,0.236429810524,3.40000009537
1988,1,9,9,0,0,4.66497182846,0.0
1988,1,10,9,0,0,3.79074788094,0.0
1988,1,11,9,0,0,3.47923898697,0.0
1988,1,12,9,0,0,2.93463540077,0.0
1988,1,13,9,0,0,2.0765004158,0.0
1988,1,14,9,0,0,0.519856154919,18.2999992371
1988,1,15,9,0,0,4.07104301453,0.0
1988,1,16,9,0,0,4.25799226761,0.0
1988,1,17,9,0,0,3.33273983002,0.0
1988,1,18,9,0,0,0.9902151227,16.2000007629
1988,1,19,9,0,0,1.05734610558,17.8999996185
1988,1,20,9,0,0,3.18550181389,3.59999990463
1988,1,21,9,0,0,4.31139564514,0.0
1988,1,22,9,0,0,4.54287052155,0.0
1988,1,23,9,0,0,4.88282442093,0.0
1988,1,24,9,0,0,2.47093582153,0.0
1988,1,25,9,0,0,5.50343990326,0.0
1988,1,26,9,0,0,3.82382464409,0.0
1988,1,27,9,0,0,1.20124793053,0.0
1988,1,28,9,0,0,4.39385175705,0.0
1988,1,29,9,0,0,4.07629966736,0.0
1988,1,30,9,0,0,5.03089475632,0.0
1988,1,31,9,0,0,2.7890431881,0.0
1988,2,1,9,0,0,2.35429906845,0.0
1988,2,2,9,0,0,1.29269230366,19.1000003815
1988,2,3,9,0,0,0.74890434742,5.90000009537
1988,2,4,9,0,0,3.40267729759,0.0
1988,2,5,9,0,0,4.79004240036,0.0
1988,2,6,9,0,0,3.69726371765,0.0
1988,2,7,9,0,0,3.66038346291,0.0
1988,2,8,9,0,0,3.05059146881,0.0
1988,2,9,9,0,0,4.1873588562,0.0
1988,2,10,9,0,0,4.4609541893,0.0
1988,2,11,9,0,0,3.39507675171,9.69999980927
1988,2,12,9,0,0,2.26027107239,5.80000019073
1988,2,13,9,0,0,2.62331008911,5.69999980927
1988,2,14,9,0,0,1.99757122993,2.90000009537
1988,2,15,9,0,0,2.10386228561,18.2000007629
1988,2,16,9,0,0,0.582306742668,2.20000004768
1988,2,17,9,0,0,2.6815571785,0.0
1988,2,18,9,0,0,4.51924848557,0.0
1988,2,19,9,0,0,1.60606384277,2.40000009537
1988,2,20,9,0,0,0.75068962574,20.2000007629
1988,2,21,9,0,0,0.998308777809,18.2000007629
1988,2,22,9,0,0,0.397412538528,21.6000003815
1988,2,23,9,0,0,0.312034398317,23.1000003815
1988,2,24,9,0,0,1.56612849236,17.7999992371
1988,2,25,9,0,0,2.7457420826,5.59999990463
1988,2,26,9,0,0,1.14364957809,3.79999995232
1988,2,27,9,0,0,1.02460122108,5.19999980927
1988,2,28,9,0,0,0.183102667332,14.6999998093
1988,2,29,9,0,0,2.28513789177,0.0
1988,3,1,9,0,0,2.90460777283,0.0
1988,3,2,9,0,0,3.20117354393,0.0
1988,3,3,9,0,0,4.34152746201,0.0
1988,3,4,9,0,0,2.82455086708,0.0
1988,3,5,9,0,0,2.05909967422,0.0
1988,3,6,9,0,0,3.44199156761,0.0
1988,3,7,9,0,0,3.84661054611,0.0
1988,3,8,9,0,0,4.20067739487,0.0
1988,3,9,9,0,0,2.33957195282,0.0
1988,3,10,9,0,0,1.98020970821,7.80000019073
1988,3,11,9,0,0,1.5876749754,17.6000003815
1988,3,12,9,0,0,0.161468282342,16.2999992371
1988,3,13,9,0,0,1.75946009159,7.40000009537
1988,3,14,9,0,0,0.756419360638,37.7999992371
1988,3,15,9,0,0,1.62532496452,11.8000001907
1988,3,16,9,0,0,0.352699130774,22.6000003815
1988,3,17,9,0,0,2.31380748749,2.5
1988,3,18,9,0,0,0.675708711147,0.0
1988,3,19,9,0,0,2.67844986916,0.0
1988,3,20,9,0,0,2.58734440804,0.0
1988,3,21,9,0,0,1.32248353958,0.0
1988,3,22,9,0,0,1.97665417194,0.0
1988,3,23,9,0,0,1.85483729839,0.0
1988,3,24,9,0,0,2.35502648354,0.0
1988,3,25,9,0,0,2.20784115791,2.29999995232
1988,3,26,9,0,0,1.86203753948,0.0
1988,3,27,9,0,0,1.77270269394,0.0
1988,3,28,9,0,0,1.7574788332,0.0
1988,3,29,9,0,0,0.632847905159,8.19999980927
1988,3,30,9,0,0,1.83760082722,0.0
1988,3,31,9,0,0,1.53807294369,13.8999996185
1988,4,1,9,0,0,1.78637301922,0.0
1988,4,2,9,0,0,1.40882992744,0.0
1988,4,3,9,0,0,1.23326945305,0.0
1988,4,4,9,0,0,2.46716117859,0.0
1988,4,5,9,0,0,1.9786875248,0.0
1988,4,6,9,0,0,1.65883493423,0.0
1988,4,7,9,0,0,1.89202213287,0.0
1988,4,8,9,0,0,2.11984944344,4.5
1988,4,9,9,0,0,0.223021909595,28.2999992371
1988,4,10,9,0,0,2.48437619209,0.0
1988,4,11,9,0,0,2.13930130005,0.0
1988,4,12,9,0,0,2.01399517059,0.0
1988,4,13,9,0,0,1.03446543217,0.0
1988,4,14,9,0,0,0.987419962883,0.0
1988,4,15,9,0,0,2.11747574806,0.0
1988,4,16,9,0,0,2.18813967705,0.0
1988,4,17,9,0,0,1.86475002766,0.0
1988,4,18,9,0,0,2.20518255234,0.0
1988,4,19,9,0,0,2.03734230995,0.0
1988,4,20,9,0,0,2.01120972633,0.0
1988,4,21,9,0,0,2.02513360977,0.0
1988,4,22,9,0,0,2.19664001465,0.0
1988,4,23,9,0,0,2.18811130524,0.0
1988,4,24,9,0,0,2.10152506828,0.0
1988,4,25,9,0,0,1.73181092739,0.0
1988,4,26,9,0,0,1.99922215939,0.0
1988,4,27,9,0,0,1.95521855354,0.0
1988,4,28,9,0,0,1.94317722321,0.0
1988,4,29,9,0,0,1.32495868206,0.0
1988,4,30,9,0,0,2.03194737434,0.0
1988,5,1,9,0,0,1.72863602638,0.0
1988,5,2,9,0,0,0.766651272774,0.0
1988,5,3,9,0,0,1.01360452175,0.0
1988,5,4,9,0,0,0.899911642075,6.90000009537
1988,5,5,9,0,0,1.32242393494,0.0
1988,5,6,9,0,0,1.54019618034,0.0
1988,5,7,9,0,0,1.63978135586,0.0
1988,5,8,9,0,0,1.05156314373,27.1000003815
1988,5,9,9,0,0,0.488556146622,37.7000007629
1988,5,10,9,0,0,0.57212382555,3.59999990463
1988,5,11,9,0,0,0.941504836082,15.8000001907
1988,5,12,9,0,0,0.612720966339,13.3999996185
1988,5,13,9,0,0,1.52011537552,2.29999995232
1988,5,14,9,0,0,0.825697958469,9.60000038147
1988,5,15,9,0,0,0.532928884029,17.7999992371
1988,5,16,9,0,0,1.16344153881,8.19999980927
1988,5,17,9,0,0,0.663019776344,24.5
1988,5,18,9,0,0,1.59729230404,39.7000007629
1988,5,19,9,0,0,0.467486172915,74.5999984741
1988,5,20,9,0,0,0.969734966755,0.0
1988,5,21,9,0,0,0.940995156765,0.0
1988,5,22,9,0,0,0.878999054432,6.90000009537
1988,5,23,9,0,0,0.809367716312,6.5
1988,5,24,9,0,0,1.1645963192,0.0
1988,5,25,9,0,0,1.17629063129,0.0
1988,5,26,9,0,0,1.17178404331,0.0
1988,5,27,9,0,0,1.17610526085,0.0
1988,5,28,9,0,0,0.697819411755,0.0
1988,5,29,9,0,0,1.13167464733,0.0
1988,5,30,9,0,0,1.2041823864,0.0
1988,5,31,9,0,0,1.13159632683,0.0
1988,6,1,9,0,0,0.80669683218,0.0
1988,6,2,9,0,0,0.843254029751,0.0
1988,6,3,9,0,0,0.706642746925,0.0
1988,6,4,9,0,0,0.530934870243,0.0
1988,6,5,9,0,0,0.955086946487,0.0
1988,6,6,9,0,0,0.770725011826,16.5
1988,6,7,9,0,0,0.793373286724,16.5
1988,6,8,9,0,0,0.781203627586,7.09999990463
1988,6,9,9,0,0,1.20301222801,0.0
1988,6,10,9,0,0,0.542183101177,0.0
1988,6,11,9,0,0,1.07788145542,0.0
1988,6,12,9,0,0,0.883282244205,0.0
1988,6,13,9,0,0,1.18259704113,0.0
1988,6,14,9,0,0,1.23654830456,0.0
1988,6,15,9,0,0,1.12577521801,2.09999990463
1988,6,16,9,0,0,0.30187907815,10.6999998093
1988,6,17,9,0,0,0.597080051899,2.5
1988,6,18,9,0,0,0.459816724062,31.7000007629
1988,6,19,9,0,0,0.269897252321,16.5
1988,6,20,9,0,0,0.464597046375,0.0
1988,6,21,9,0,0,0.917619884014,0.0
1988,6,22,9,0,0,0.407276302576,2.5
1988,6,23,9,0,0,0.841373860836,3.5
1988,6,24,9,0,0,0.650483369827,15.8999996185
1988,6,25,9,0,0,0.768602013588,7.09999990463
1988,6,26,9,0,0,0.461510807276,13.8000001907
1988,6,27,9,0,0,0.980535387993,5.0
1988,6,28,9,0,0,0.900124013424,16.8999996185
1988,6,29,9,0,0,0.515536367893,28.2999992371
1988,6,30,9,0,0,0.754853546619,3.59999990463
1988,7,1,9,0,0,1.02309763432,0.0
1988,7,2,9,0,0,0.677232563496,19.7000007629
1988,7,3,9,0,0,0.698957979679,10.8000001907
1988,7,4,9,0,0,0.566286087036,2.79999995232
1988,7,5,9,0,0,0.711873173714,9.80000019073
1988,7,6,9,0,0,1.0149358511,0.0
1988,7,7,9,0,0,1.04241979122,0.0
1988,7,8,9,0,0,0.927408516407,0.0
1988,7,9,9,0,0,0.982607841492,5.80000019073
1988,7,10,9,0,0,0.283382892609,38.7999992371
1988,7,11,9,0,0,1.08875346184,9.80000019073
1988,7,12,9,0,0,0.910872101784,0.0
1988,7,13,9,0,0,1.05846738815,0.0
1988,7,14,9,0,0,1.26973068714,0.0
1988,7,15,9,0,0,0.840393960476,0.0
1988,7,16,9,0,0,0.875597774982,0.0
1988,7,17,9,0,0,0.293973863125,3.0
1988,7,18,9,0,0,0.890909790993,0.0
1988,7,19,9,0,0,1.28832364082,0.0
1988,7,20,9,0,0,0.777396321297,0.0
1988,7,21,9,0,0,0.923968315125,0.0
1988,7,22,9,0,0,0.392936676741,32.9000015259
1988,7,23,9,0,0,0.247674182057,70.6999969482
1988,7,24,9,0,0,0.812512278557,21.7000007629
1988,7,25,9,0,0,0.934423029423,4.19999980927
1988,7,26,9,0,0,0.225002259016,31.1000003815
1988,7,27,9,0,0,0.701392054558,10.1000003815
1988,7,28,9,0,0,0.654508113861,10.5
1988,7,29,9,0,0,1.02169811726,5.19999980927
1988,7,30,9,0,0,0.686445057392,15.1000003815
1988,7,31,9,0,0,1.26072609425,7.0
1988,8,1,9,0,0,0.79841709137,12.1000003815
1988,8,2,9,0,0,1.17796814442,0.0
1988,8,3,9,0,0,1.42940914631,0.0
1988,8,4,9,0,0,1.36360824108,0.0
1988,8,5,9,0,0,0.829245328903,0.0
1988,8,6,9,0,0,0.921329498291,0.0
1988,8,7,9,0,0,1.16024076939,2.20000004768
1988,8,8,9,0,0,0.598333179951,13.8999996185
1988,8,9,9,0,0,1.3074375391,0.0
1988,8,10,9,0,0,0.813823580742,0.0
1988,8,11,9,0,0,0.561031162739,0.0
1988,8,12,9,0,0,1.69614768028,0.0
1988,8,13,9,0,0,1.81256568432,0.0
1988,8,14,9,0,0,1.20700418949,0.0
1988,8,15,9,0,0,1.13477218151,3.20000004768
1988,8,16,9,0,0,0.926166594028,7.90000009537
1988,8,17,9,0,0,0.718407928944,16.0
1988,8,18,9,0,0,0.840450167656,20.2999992371
1988,8,19,9,0,0,1.79299449921,0.0
1988,8,20,9,0,0,0.182283520699,13.3000001907
1988,8,21,9,0,0,1.91664636135,0.0
1988,8,22,9,0,0,1.00227344036,18.5
1988,8,23,9,0,0,0.109225288033,6.5
1988,8,24,9,0,0,1.85206854343,2.40000009537
1988,8,25,9,0,0,1.79484474659,0.0
1988,8,26,9,0,0,2.33141756058,0.0
1988,8,27,9,0,0,1.31128108501,0.0
1988,8,28,9,0,0,1.74830877781,0.0
1988,8,29,9,0,0,0.364006429911,38.2000007629
1988,8,30,9,0,0,1.72112107277,6.59999990463
1988,8,31,9,0,0,2.11403822899,0.0
1988,9,1,9,0,0,2.29300713539,0.0
1988,9,2,9,0,0,2.76391720772,0.0
1988,9,3,9,0,0,2.85805654526,0.0
1988,9,4,9,0,0,1.35269963741,5.80000019073
1988,9,5,9,0,0,1.25536060333,0.0
1988,9,6,9,0,0,1.47969198227,6.69999980927
1988,9,7,9,0,0,0.855722427368,17.0
1988,9,8,9,0,0,1.70721554756,0.0
1988,9,9,9,0,0,1.99375736713,0.0
1988,9,10,9,0,0,1.26946878433,19.5
1988,9,11,9,0,0,0.451001316309,10.5
1988,9,12,9,0,0,0.575776815414,67.0
1988,9,13,9,0,0,0.842947423458,15.6999998093
1988,9,14,9,0,0,2.4019317627,0.0
1988,9,15,9,0,0,2.23730683327,0.0
1988,9,16,9,0,0,1.94560134411,0.0
1988,9,17,9,0,0,2.82944893837,2.20000004768
1988,9,18,9,0,0,0.646941959858,4.09999990463
1988,9,19,9,0,0,1.21870493889,7.69999980927
1988,9,20,9,0,0,1.78779292107,0.0
1988,9,21,9,0,0,1.89863276482,12.8000001907
1988,9,22,9,0,0,2.70086240768,4.09999990463
1988,9,23,9,0,0,1.63649618626,3.40000009537
1988,9,24,9,0,0,2.01939201355,0.0
1988,9,25,9,0,0,1.56588113308,0.0
1988,9,26,9,0,0,1.78604102135,0.0
1988,9,27,9,0,0,1.61573863029,5.80000019073
1988,9,28,9,0,0,1.94996929169,2.59999990463
1988,9,29,9,0,0,2.78894925117,6.5
1988,9,30,9,0,0,1.14524829388,14.6999998093
1988,10,1,9,0,0,2.20225024223,2.5
1988,10,2,9,0,0,1.19705951214,12.8000001907
1988,10,3,9,0,0,1.93229174614,13.1999998093
1988,10,4,9,0,0,0.592183530331,61.0
1988,10,5,9,0,0,0.850708305836,17.7000007629
1988,10,6,9,0,0,2.16270947456,10.5
1988,10,7,9,0,0,1.93757760525,18.5
1988,10,8,9,0,0,2.48543739319,6.59999990463
1988,10,9,9,0,0,1.92823982239,19.8999996185
1988,10,10,9,0,0,1.77355718613,26.0
1988,10,11,9,0,0,1.31820428371,14.3000001907
1988,10,12,9,0,0,1.82523071766,12.3000001907
1988,10,13,9,0,0,0.543706417084,26.0
1988,10,14,9,0,0,2.44069480896,2.5
1988,10,15,9,0,0,1.01508498192,32.4000015259
1988,10,16,9,0,0,2.27657914162,12.5
1988,10,17,9,0,0,1.51727855206,4.80000019073
1988,10,18,9,0,0,2.71715402603,17.8999996185
1988,10,19,9,0,0,2.91019082069,9.10000038147
1988,10,20,9,0,0,1.70309996605,13.3999996185
1988,10,21,9,0,0,4.35494661331,0.0
1988,10,22,9,0,0,2.61307168007,11.6999998093
1988,10,23,9,0,0,1.69091641903,10.5
1988,10,24,9,0,0,3.12633323669,9.89999961853
1988,10,25,9,0,0,2.20166158676,12.6000003815
1988,10,26,9,0,0,2.29039716721,7.40000009537
1988,10,27,9,0,0,3.51616311073,0.0
1988,10,28,9,0,0,0.739723443985,19.7000007629
1988,10,29,9,0,0,0.578688561916,15.6000003815
1988,10,30,9,0,0,1.42744648457,3.20000004768
1988,10,31,9,0,0,2.67507410049,6.80000019073
1988,11,1,9,0,0,3.61645030975,5.59999990463
1988,11,2,9,0,0,1.55346095562,8.0
1988,11,3,9,0,0,0.673519849777,4.59999990463
1988,11,4,9,0,0,4.08862638474,0.0
1988,11,5,9,0,0,1.60724890232,27.8999996185
1988,11,6,9,0,0,3.10126805305,2.5
1988,11,7,9,0,0,4.45366239548,0.0
1988,11,8,9,0,0,4.94098472595,0.0
1988,11,9,9,0,0,4.62398147583,0.0
1988,11,10,9,0,0,0.847854435444,4.30000019073
1988,11,11,9,0,0,3.7114508152,9.89999961853
1988,11,12,9,0,0,5.10777187347,0.0
1988,11,13,9,0,0,2.82555198669,0.0
1988,11,14,9,0,0,4.18712902069,0.0
1988,11,15,9,0,0,3.85080075264,0.0
1988,11,16,9,0,0,4.45148944855,0.0
1988,11,17,9,0,0,4.43908023834,6.0
1988,11,18,9,0,0,0.58575552702,23.7999992371
1988,11,19,9,0,0,0.750502943993,14.6999998093
1988,11,20,9,0,0,4.68869161606,2.59999990463
1988,11,21,9,0,0,3.36602187157,0.0
1988,11,22,9,0,0,4.56288385391,0.0
1988,11,23,9,0,0,4.3482336998,0.0
1988,11,24,9,0,0,4.53919744492,0.0
1988,11,25,9,0,0,5.64268112183,0.0
1988,11,26,9,0,0,3.20809674263,13.1999998093
1988,11,27,9,0,0,2.28557085991,12.6000003815
1988,11,28,9,0,0,1.02674746513,8.60000038147
1988,11,29,9,0,0,3.70462203026,3.79999995232
1988,11,30,9,0,0,2.69915032387,11.3000001907
1988,12,1,9,0,0,2.31540751457,2.09999990463
1988,12,2,9,0,0,4.20977735519,0.0
1988,12,3,9,0,0,4.87865543365,4.09999990463
1988,12,4,9,0,0,5.81246519089,0.0
1988,12,5,9,0,0,5.78099012375,0.0
1988,12,6,9,0,0,2.92949295044,5.09999990463
1988,12,7,9,0,0,1.58133912086,19.5
1988,12,8,9,0,0,3.67135953903,0.0
1988,12,9,9,0,0,5.63480901718,0.0
1988,12,10,9,0,0,5.16329526901,0.0
1988,12,11,9,0,0,1.63093531132,0.0
1988,12,12,9,0,0,0.498162716627,9.0
1988,12,13,9,0,0,5.69788455963,0.0
1988,12,14,9,0,0,5.71808862686,0.0
1988,12,15,9,0,0,5.30806112289,0.0
1988,12,16,9,0,0,4.95205879211,0.0
1988,12,17,9,0,0,4.04857444763,0.0
1988,12,18,9,0,0,5.84812021255,0.0
1988,12,19,9,0,0,2.47193264961,0.0
1988,12,20,9,0,0,5.4791431427,0.0
1988,12,21,9,0,0,4.55618810654,8.39999961853
1988,12,22,9,0,0,4.48399019241,2.59999990463
1988,12,23,9,0,0,5.11872196198,0.0
1988,12,24,9,0,0,6.50701475143,0.0
1988,12,25,9,0,0,6.62211847305,0.0
1988,12,26,9,0,0,6.25203752518,0.0
1988,12,27,9,0,0,5.32309103012,0.0
1988,12,28,9,0,0,2.94612407684,7.30000019073
1988,12,29,9,0,0,2.85188531876,0.0
1988,12,30,9,0,0,3.03185129166,2.79999995232
1988,12,31,9,0,0,4.76207351685,0.0
1989,1,1,9,0,0,4.65190172195,0.0
1989,1,2,9,0,0,4.77426719666,2.09999990463
1989,1,3,9,0,0,4.68267250061,0.0
1989,1,4,9,0,0,6.16370725632,0.0
1989,1,5,9,0,0,7.96100950241,2.29999995232
1989,1,6,9,0,0,5.55303573608,2.09999990463
1989,1,7,9,0,0,6.53785848618,0.0
1989,1,8,9,0,0,1.94931304455,79.1999969482
1989,1,9,9,0,0,4.03319597244,3.20000004768
1989,1,10,9,0,0,3.19975566864,2.09999990463
1989,1,11,9,0,0,4.89826059341,0.0
1989,1,12,9,0,0,2.71034884453,9.80000019073
1989,1,13,9,0,0,3.73822212219,9.89999961853
1989,1,14,9,0,0,6.98036336899,0.0
1989,1,15,9,0,0,5.22626447678,2.29999995232
1989,1,16,9,0,0,5.51909351349,0.0
1989,1,17,9,0,0,5.98648548126,0.0
1989,1,18,9,0,0,3.00055813789,0.0
1989,1,19,9,0,0,5.62219285965,0.0
1989,1,20,9,0,0,2.92166376114,3.0
1989,1,21,9,0,0,1.8315423727,7.19999980927
1989,1,22,9,0,0,4.36650848389,3.79999995232
1989,1,23,9,0,0,3.7578125,4.0
1989,1,24,9,0,0,5.86926937103,0.0
1989,1,25,9,0,0,6.20940732956,0.0
1989,1,26,9,0,0,5.7601776123,0.0
1989,1,27,9,0,0,3.36139941216,4.30000019073
1989,1,28,9,0,0,5.37396287918,0.0
1989,1,29,9,0,0,5.29015922546,0.0
1989,1,30,9,0,0,5.80472993851,0.0
1989,1,31,9,0,0,5.51611614227,0.0
1989,2,1,9,0,0,4.45742416382,2.0
1989,2,2,9,0,0,4.86818695068,2.29999995232
1989,2,3,9,0,0,3.09417200089,38.0
1989,2,4,9,0,0,2.98934674263,0.0
1989,2,5,9,0,0,5.94350099564,0.0
1989,2,6,9,0,0,4.33866453171,0.0
1989,2,7,9,0,0,3.35542845726,0.0
1989,2,8,9,0,0,4.27037382126,0.0
1989,2,9,9,0,0,3.72383260727,0.0
1989,2,10,9,0,0,3.18096423149,0.0
1989,2,11,9,0,0,2.42196846008,15.1999998093
1989,2,12,9,0,0,3.74065971375,0.0
1989,2,13,9,0,0,4.70819091797,0.0
1989,2,14,9,0,0,4.77296829224,0.0
1989,2,15,9,0,0,5.22714996338,0.0
1989,2,16,9,0,0,3.85562634468,0.0
1989,2,17,9,0,0,5.11395120621,0.0
1989,2,18,9,0,0,3.36940693855,0.0
1989,2,19,9,0,0,3.44634199142,0.0
1989,2,20,9,0,0,5.3140668869,0.0
1989,2,21,9,0,0,2.22202396393,7.09999990463
1989,2,22,9,0,0,0.831522107124,23.1000003815
1989,2,23,9,0,0,3.00847506523,0.0
1989,2,24,9,0,0,4.12942123413,3.59999990463
1989,2,25,9,0,0,4.5306892395,0.0
1989,2,26,9,0,0,5.82338094711,0.0
1989,2,27,9,0,0,3.56172442436,0.0
1989,2,28,9,0,0,5.00242853165,0.0
1989,3,1,9,0,0,3.97302675247,0.0
1989,3,2,9,0,0,3.45175075531,0.0
1989,3,3,9,0,0,4.7096452713,0.0
1989,3,4,9,0,0,4.88697004318,0.0
1989,3,5,9,0,0,3.83654260635,0.0
1989,3,6,9,0,0,4.20216464996,0.0
1989,3,7,9,0,0,3.32875919342,0.0
1989,3,8,9,0,0,4.72608804703,0.0
1989,3,9,9,0,0,2.59445428848,0.0
1989,3,10,9,0,0,2.98295044899,3.0
1989,3,11,9,0,0,1.43457758427,11.1999998093
1989,3,12,9,0,0,0.318077862263,10.0
1989,3,13,9,0,0,2.61317563057,0.0
1989,3,14,9,0,0,0.936740815639,34.0999984741
1989,3,15,9,0,0,2.76155471802,2.0
1989,3,16,9,0,0,2.93517923355,18.2999992371
1989,3,17,9,0,0,3.04697608948,8.0
1989,3,18,9,0,0,2.55435657501,0.0
1989,3,19,9,0,0,2.85030698776,2.40000009537
1989,3,20,9,0,0,2.08282971382,2.90000009537
1989,3,21,9,0,0,3.59839272499,0.0
1989,3,22,9,0,0,1.81953203678,2.5
1989,3,23,9,0,0,0.654138565063,49.0
1989,3,24,9,0,0,1.4996932745,5.40000009537
1989,3,25,9,0,0,2.91829276085,0.0
1989,3,26,9,0,0,3.81624317169,0.0
1989,3,27,9,0,0,3.61140203476,0.0
1989,3,28,9,0,0,1.33026266098,40.9000015259
1989,3,29,9,0,0,1.37313139439,7.09999990463
1989,3,30,9,0,0,2.93132209778,0.0
1989,3,31,9,0,0,3.46755123138,0.0
1989,4,1,9,0,0,2.64765095711,0.0
1989,4,2,9,0,0,2.78202819824,0.0
1989,4,3,9,0,0,2.8594186306,0.0
1989,4,4,9,0,0,2.85461163521,0.0
1989,4,5,9,0,0,1.78309857845,0.0
1989,4,6,9,0,0,2.68896389008,0.0
1989,4,7,9,0,0,2.33606529236,0.0
1989,4,8,9,0,0,0.86042881012,0.0
1989,4,9,9,0,0,1.18336486816,0.0
1989,4,10,9,0,0,0.770833790302,13.6000003815
1989,4,11,9,0,0,2.77835726738,0.0
1989,4,12,9,0,0,2.43717837334,0.0
1989,4,13,9,0,0,2.45556521416,0.0
1989,4,14,9,0,0,1.88696658611,0.0
1989,4,15,9,0,0,1.02320170403,12.5
1989,4,16,9,0,0,0.923739016056,22.8999996185
1989,4,17,9,0,0,1.4606962204,2.5
1989,4,18,9,0,0,0.870009601116,3.70000004768
1989,4,19,9,0,0,2.23814511299,0.0
1989,4,20,9,0,0,1.83057570457,0.0
1989,4,21,9,0,0,2.09790945053,2.20000004768
1989,4,22,9,0,0,2.09793424606,2.0
1989,4,23,9,0,0,1.71480321884,2.5
1989,4,24,9,0,0,1.81544876099,0.0
1989,4,25,9,0,0,1.28966069221,0.0
1989,4,26,9,0,0,0.996425330639,0.0
1989,4,27,9,0,0,2.27521586418,0.0
1989,4,28,9,0,0,0.618173718452,0.0
1989,4,29,9,0,0,0.356219142675,3.70000004768
1989,4,30,9,0,0,0.973610281944,4.69999980927
1989,5,1,9,0,0,0.80710119009,5.80000019073
1989,5,2,9,0,0,0.470083802938,3.70000004768
1989,5,3,9,0,0,1.44907462597,11.3999996185
1989,5,4,9,0,0,1.17836368084,4.09999990463
1989,5,5,9,0,0,1.23093366623,2.90000009537
1989,5,6,9,0,0,1.48952281475,0.0
1989,5,7,9,0,0,1.03167915344,0.0
1989,5,8,9,0,0,1.15115129948,0.0
1989,5,9,9,0,0,1.58557474613,0.0
1989,5,10,9,0,0,1.71905636787,0.0
1989,5,11,9,0,0,1.33590769768,0.0
1989,5,12,9,0,0,0.668439805508,0.0
1989,5,13,9,0,0,0.922753095627,0.0
1989,5,14,9,0,0,0.669779956341,6.19999980927
1989,5,15,9,0,0,1.31205141544,0.0
1989,5,16,9,0,0,0.971698880196,7.90000009537
1989,5,17,9,0,0,1.30571138859,0.0
1989,5,18,9,0,0,1.55902719498,0.0
1989,5,19,9,0,0,1.36886155605,0.0
1989,5,20,9,0,0,0.896240055561,4.19999980927
1989,5,21,9,0,0,0.428101599216,18.1000003815
1989,5,22,9,0,0,0.294603019953,12.1999998093
1989,5,23,9,0,0,0.74177724123,6.69999980927
1989,5,24,9,0,0,0.354956418276,0.0
1989,5,25,9,0,0,1.10452890396,0.0
1989,5,26,9,0,0,1.13013672829,0.0
1989,5,27,9,0,0,1.38068389893,0.0
1989,5,28,9,0,0,0.978685200214,6.30000019073
1989,5,29,9,0,0,1.5285885334,0.0
1989,5,30,9,0,0,1.03604781628,0.0
1989,5,31,9,0,0,1.26748514175,0.0
1989,6,1,9,0,0,0.249569386244,31.7000007629
1989,6,2,9,0,0,0.251166462898,34.0
1989,6,3,9,0,0,0.686046481133,0.0
1989,6,4,9,0,0,1.14827895164,0.0
1989,6,5,9,0,0,1.16019928455,0.0
1989,6,6,9,0,0,1.37631249428,0.0
1989,6,7,9,0,0,0.602712213993,39.5
1989,6,8,9,0,0,0.655376315117,4.09999990463
1989,6,9,9,0,0,0.407561630011,28.2000007629
1989,6,10,9,0,0,0.218994572759,20.2000007629
1989,6,11,9,0,0,0.26790484786,33.2000007629
1989,6,12,9,0,0,0.590615808964,19.7999992371
1989,6,13,9,0,0,0.807629406452,0.0
1989,6,14,9,0,0,0.796385169029,0.0
1989,6,15,9,0,0,0.769255578518,7.30000019073
1989,6,16,9,0,0,1.10955822468,0.0
1989,6,17,9,0,0,0.822970628738,0.0
1989,6,18,9,0,0,0.419633358717,16.2000007629
1989,6,19,9,0,0,0.948729157448,9.80000019073
1989,6,20,9,0,0,0.480534404516,3.70000004768
1989,6,21,9,0,0,1.10158360004,0.0
1989,6,22,9,0,0,0.967560708523,0.0
1989,6,23,9,0,0,0.581902801991,0.0
1989,6,24,9,0,0,0.452249199152,4.5
1989,6,25,9,0,0,0.552574574947,0.0
1989,6,26,9,0,0,0.780989468098,0.0
1989,6,27,9,0,0,0.964942455292,0.0
1989,6,28,9,0,0,1.05639266968,0.0
1989,6,29,9,0,0,1.07398021221,0.0
1989,6,30,9,0,0,1.00436127186,0.0
1989,7,1,9,0,0,0.934595763683,0.0
1989,7,2,9,0,0,0.927624046803,0.0
1989,7,3,9,0,0,0.661293387413,0.0
1989,7,4,9,0,0,0.365548729897,10.5
1989,7,5,9,0,0,0.308553487062,47.5
1989,7,6,9,0,0,1.07464623451,3.90000009537
1989,7,7,9,0,0,1.00130414963,2.90000009537
1989,7,8,9,0,0,0.958454489708,2.20000004768
1989,7,9,9,0,0,0.998355150223,0.0
1989,7,10,9,0,0,0.450084418058,22.7000007629
1989,7,11,9,0,0,0.383710682392,17.8999996185
1989,7,12,9,0,0,0.53417211771,10.1999998093
1989,7,13,9,0,0,1.14783203602,0.0
1989,7,14,9,0,0,1.07775807381,0.0
1989,7,15,9,0,0,0.951740324497,0.0
1989,7,16,9,0,0,0.798979043961,2.29999995232
1989,7,17,9,0,0,1.09348714352,2.20000004768
1989,7,18,9,0,0,0.941157579422,0.0
1989,7,19,9,0,0,1.17969810963,0.0
1989,7,20,9,0,0,1.15628623962,0.0
1989,7,21,9,0,0,1.08617818356,0.0
1989,7,22,9,0,0,1.22484898567,0.0
1989,7,23,9,0,0,1.06175553799,0.0
1989,7,24,9,0,0,1.12320435047,0.0
1989,7,25,9,0,0,0.971447110176,0.0
1989,7,26,9,0,0,1.15499889851,0.0
1989,7,27,9,0,0,1.2311719656,0.0
1989,7,28,9,0,0,1.18423986435,0.0
1989,7,29,9,0,0,1.0457226038,0.0
1989,7,30,9,0,0,1.06383049488,0.0
1989,7,31,9,0,0,1.02715599537,0.0
1989,8,1,9,0,0,0.893116474152,0.0
1989,8,2,9,0,0,0.893180072308,0.0
1989,8,3,9,0,0,0.535691916943,0.0
1989,8,4,9,0,0,0.34376975894,15.8000001907
1989,8,5,9,0,0,0.412271618843,28.8999996185
1989,8,6,9,0,0,1.19902527332,0.0
1989,8,7,9,0,0,1.2014220953,2.59999990463
1989,8,8,9,0,0,0.916957139969,2.40000009537
1989,8,9,9,0,0,1.83236122131,0.0
1989,8,10,9,0,0,1.9170550108,0.0
1989,8,11,9,0,0,1.7036459446,0.0
1989,8,12,9,0,0,1.93763172626,0.0
1989,8,13,9,0,0,2.39487981796,0.0
1989,8,14,9,0,0,1.91514539719,0.0
1989,8,15,9,0,0,1.91525876522,0.0
1989,8,16,9,0,0,2.4119591713,0.0
1989,8,17,9,0,0,1.94342684746,0.0
1989,8,18,9,0,0,1.38584673405,0.0
1989,8,19,9,0,0,1.83738362789,0.0
1989,8,20,9,0,0,1.9640930891,0.0
1989,8,21,9,0,0,1.99025917053,3.79999995232
1989,8,22,9,0,0,1.22095131874,0.0
1989,8,23,9,0,0,1.69264400005,0.0
1989,8,24,9,0,0,2.34926009178,0.0
1989,8,25,9,0,0,0.689103662968,17.7000007629
1989,8,26,9,0,0,0.912110805511,4.0
1989,8,27,9,0,0,1.44701755047,3.5
1989,8,28,9,0,0,0.707761526108,20.5
1989,8,29,9,0,0,1.39967763424,13.6000003815
1989,8,30,9,0,0,1.7597206831,0.0
1989,8,31,9,0,0,2.05744671822,0.0
1989,9,1,9,0,0,2.15707206726,0.0
1989,9,2,9,0,0,2.12519621849,0.0
1989,9,3,9,0,0,2.41400408745,0.0
1989,9,4,9,0,0,2.61062526703,0.0
1989,9,5,9,0,0,2.62755298615,0.0
1989,9,6,9,0,0,2.55622959137,0.0
1989,9,7,9,0,0,2.49065589905,0.0
1989,9,8,9,0,0,1.8098783493,0.0
1989,9,9,9,0,0,3.35471868515,0.0
1989,9,10,9,0,0,3.24253439903,0.0
1989,9,11,9,0,0,3.29955530167,0.0
1989,9,12,9,0,0,2.96346664429,0.0
1989,9,13,9,0,0,3.58795237541,0.0
1989,9,14,9,0,0,2.56027078629,6.5
1989,9,15,9,0,0,2.73765397072,14.5
1989,9,16,9,0,0,2.07321286201,0.0
1989,9,17,9,0,0,1.52024888992,8.80000019073
1989,9,18,9,0,0,0.805853307247,14.3000001907
1989,9,19,9,0,0,1.59201908112,3.5
1989,9,20,9,0,0,2.10225224495,7.0
1989,9,21,9,0,0,2.56274795532,3.0
1989,9,22,9,0,0,3.54227876663,0.0
1989,9,23,9,0,0,3.00680088997,0.0
1989,9,24,9,0,0,3.09688639641,0.0
1989,9,25,9,0,0,2.62489724159,0.0
1989,9,26,9,0,0,1.85867905617,2.20000004768
1989,9,27,9,0,0,1.29471409321,0.0
1989,9,28,9,0,0,1.18294990063,0.0
1989,9,29,9,0,0,3.83013772964,0.0
1989,9,30,9,0,0,3.9388756752,0.0
1989,10,1,9,0,0,1.49717187881,0.0
1989,10,2,9,0,0,1.82024931908,2.20000004768
1989,10,3,9,0,0,0.965658545494,18.8999996185
1989,10,4,9,0,0,3.21572256088,2.40000009537
1989,10,5,9,0,0,3.64230966568,0.0
1989,10,6,9,0,0,3.84194588661,0.0
1989,10,7,9,0,0,3.31453466415,0.0
1989,10,8,9,0,0,2.86450362206,0.0
1989,10,9,9,0,0,1.80119013786,4.69999980927
1989,10,10,9,0,0,2.12449932098,3.5
1989,10,11,9,0,0,1.81002485752,35.7000007629
1989,10,12,9,0,0,2.06715559959,13.6000003815
1989,10,13,9,0,0,2.32575035095,15.8000001907
1989,10,14,9,0,0,3.16456317902,4.0
1989,10,15,9,0,0,2.55513525009,11.6000003815
1989,10,16,9,0,0,4.21207284927,0.0
1989,10,17,9,0,0,3.03249907494,3.79999995232
1989,10,18,9,0,0,3.67542552948,0.0
1989,10,19,9,0,0,3.89497852325,0.0
1989,10,20,9,0,0,2.66250157356,2.70000004768
1989,10,21,9,0,0,4.08215999603,13.8000001907
1989,10,22,9,0,0,1.42164218426,27.2000007629
1989,10,23,9,0,0,2.68312716484,5.69999980927
1989,10,24,9,0,0,3.02910709381,0.0
1989,10,25,9,0,0,4.3233757019,0.0
1989,10,26,9,0,0,2.62396836281,0.0
1989,10,27,9,0,0,2.49697065353,0.0
1989,10,28,9,0,0,2.93769240379,0.0
1989,10,29,9,0,0,0.692813873291,12.1999998093
1989,10,30,9,0,0,0.573312222958,14.8999996185
1989,10,31,9,0,0,2.53572106361,4.19999980927
1989,11,1,9,0,0,1.21916925907,17.7999992371
1989,11,2,9,0,0,3.84212708473,0.0
1989,11,3,9,0,0,4.97782421112,0.0
1989,11,4,9,0,0,5.57813358307,0.0
1989,11,5,9,0,0,4.53136396408,0.0
1989,11,6,9,0,0,0.990873098373,11.3999996185
1989,11,7,9,0,0,0.906212091446,2.59999990463
1989,11,8,9,0,0,1.3360440731,8.89999961853
1989,11,9,9,0,0,1.39351952076,15.3999996185
1989,11,10,9,0,0,3.31312680244,3.20000004768
1989,11,11,9,0,0,4.12093830109,0.0
1989,11,12,9,0,0,5.18676519394,0.0
1989,11,13,9,0,0,3.70261788368,0.0
1989,11,14,9,0,0,4.1990070343,0.0
1989,11,15,9,0,0,4.35961771011,0.0
1989,11,16,9,0,0,5.08769130707,0.0
1989,11,17,9,0,0,5.28375673294,0.0
1989,11,18,9,0,0,1.57087004185,25.1000003815
1989,11,19,9,0,0,1.6818716526,6.5
1989,11,20,9,0,0,2.08171343803,0.0
1989,11,21,9,0,0,4.67570543289,0.0
1989,11,22,9,0,0,5.58549833298,0.0
1989,11,23,9,0,0,3.2001581192,0.0
1989,11,24,9,0,0,6.02830171585,0.0
1989,11,25,9,0,0,3.90389585495,2.0
1989,11,26,9,0,0,4.07512044907,0.0
1989,11,27,9,0,0,4.38470315933,3.5
1989,11,28,9,0,0,3.88602685928,2.29999995232
1989,11,29,9,0,0,5.55108261108,0.0
1989,11,30,9,0,0,1.88196587563,0.0
1989,12,1,9,0,0,3.46544885635,0.0
1989,12,2,9,0,0,5.4881401062,0.0
1989,12,3,9,0,0,1.72962343693,19.0
1989,12,4,9,0,0,2.95164275169,2.20000004768
1989,12,5,9,0,0,5.87222719193,0.0
1989,12,6,9,0,0,6.46740722656,0.0
1989,12,7,9,0,0,5.98323583603,0.0
1989,12,8,9,0,0,5.89371919632,0.0
1989,12,9,9,0,0,2.55482029915,0.0
1989,12,10,9,0,0,3.1915948391,0.0
1989,12,11,9,0,0,2.21810531616,0.0
1989,12,12,9,0,0,4.78813362122,0.0
1989,12,13,9,0,0,2.57857179642,0.0
1989,12,14,9,0,0,1.34025895596,24.3999996185
1989,12,15,9,0,0,1.48492288589,72.4000015259
1989,12,16,9,0,0,1.99900209904,10.6999998093
1989,12,17,9,0,0,3.47437524796,13.6999998093
1989,12,18,9,0,0,5.79132890701,0.0
1989,12,19,9,0,0,5.82010889053,0.0
1989,12,20,9,0,0,5.99013137817,0.0
1989,12,21,9,0,0,5.94719171524,0.0
1989,12,22,9,0,0,3.30068778992,5.69999980927
1989,12,23,9,0,0,2.5269818306,12.3999996185
1989,12,24,9,0,0,4.34081029892,5.09999990463
1989,12,25,9,0,0,2.62721633911,5.59999990463
1989,12,26,9,0,0,0.590330600739,2.5
1989,12,27,9,0,0,1.07201838493,31.1000003815
1989,12,28,9,0,0,3.28689360619,0.0
1989,12,29,9,0,0,4.22110319138,3.09999990463
1989,12,30,9,0,0,5.50291490555,0.0
1989,12,31,9,0,0,5.24334716797,0.0
1990,1,1,9,0,0,6.55834150314,0.0
1990,1,2,9,0,0,2.4393723011,0.0
1990,1,3,9,0,0,5.04329061508,0.0
1990,1,4,9,0,0,0.540961027145,14.1999998093
1990,1,5,9,0,0,4.00864315033,4.90000009537
1990,1,6,9,0,0,5.71438789368,0.0
1990,1,7,9,0,0,4.9872879982,0.0
1990,1,8,9,0,0,2.43428564072,0.0
1990,1,9,9,0,0,6.25587129593,3.29999995232
1990,1,10,9,0,0,5.82876110077,0.0
1990,1,11,9,0,0,4.00098800659,0.0
1990,1,12,9,0,0,3.09994888306,4.59999990463
1990,1,13,9,0,0,1.4479585886,7.19999980927
1990,1,14,9,0,0,0.511498510838,21.8999996185
1990,1,15,9,0,0,6.39999198914,0.0
1990,1,16,9,0,0,5.65202379227,24.1000003815
1990,1,17,9,0,0,1.49606323242,19.5
1990,1,18,9,0,0,4.82615756989,0.0
1990,1,19,9,0,0,4.64726114273,0.0
1990,1,20,9,0,0,5.83746433258,0.0
1990,1,21,9,0,0,5.88397550583,0.0
1990,1,22,9,0,0,2.62533569336,3.79999995232
1990,1,23,9,0,0,5.21392059326,0.0
1990,1,24,9,0,0,5.71129989624,0.0
1990,1,25,9,0,0,5.98656606674,0.0
1990,1,26,9,0,0,5.32675266266,0.0
1990,1,27,9,0,0,3.85563921928,0.0
1990,1,28,9,0,0,3.29946756363,9.69999980927
1990,1,29,9,0,0,0.136007905006,4.69999980927
1990,1,30,9,0,0,5.3671002388,0.0
1990,1,31,9,0,0,5.39509534836,0.0
1990,2,1,9,0,0,6.29628896713,0.0
1990,2,2,9,0,0,4.79972362518,0.0
1990,2,3,9,0,0,5.99339294434,0.0
1990,2,4,9,0,0,5.06010961533,0.0
1990,2,5,9,0,0,4.71157073975,0.0
1990,2,6,9,0,0,1.11312878132,2.70000004768
1990,2,7,9,0,0,2.42664313316,13.5
1990,2,8,9,0,0,2.67255377769,0.0
1990,2,9,9,0,0,4.76490306854,2.09999990463
1990,2,10,9,0,0,5.18069982529,0.0
1990,2,11,9,0,0,5.49956560135,0.0
1990,2,12,9,0,0,6.53971672058,0.0
1990,2,13,9,0,0,3.51546382904,0.0
1990,2,14,9,0,0,2.51028370857,0.0
1990,2,15,9,0,0,2.24580359459,2.70000004768
1990,2,16,9,0,0,3.17114186287,0.0
1990,2,17,9,0,0,4.50326633453,2.0
1990,2,18,9,0,0,2.89183235168,2.20000004768
1990,2,19,9,0,0,3.50580215454,8.30000019073
1990,2,20,9,0,0,5.25638914108,0.0
1990,2,21,9,0,0,4.4781999588,0.0
1990,2,22,9,0,0,6.36064100266,0.0
1990,2,23,9,0,0,4.92059278488,0.0
1990,2,24,9,0,0,1.59113287926,5.19999980927
1990,2,25,9,0,0,3.44951224327,2.0
1990,2,26,9,0,0,2.35922384262,8.60000038147
1990,2,27,9,0,0,3.94482350349,0.0
1990,2,28,9,0,0,2.76042604446,0.0
1990,3,1,9,0,0,3.28408932686,0.0
1990,3,2,9,0,0,4.05100059509,0.0
1990,3,3,9,0,0,3.41018843651,0.0
1990,3,4,9,0,0,4.23216962814,0.0
1990,3,5,9,0,0,3.85006761551,0.0
1990,3,6,9,0,0,2.35868430138,0.0
1990,3,7,9,0,0,3.05674266815,0.0
1990,3,8,9,0,0,2.29026007652,11.8000001907
1990,3,9,9,0,0,1.9534573555,3.5
1990,3,10,9,0,0,1.49100136757,16.5
1990,3,11,9,0,0,3.37503027916,0.0
1990,3,12,9,0,0,0.631272852421,28.0
1990,3,13,9,0,0,1.52550530434,15.0
1990,3,14,9,0,0,3.93388772011,0.0
1990,3,15,9,0,0,4.37416410446,0.0
1990,3,16,9,0,0,3.24341320992,0.0
1990,3,17,9,0,0,3.77265405655,0.0
1990,3,18,9,0,0,4.02897644043,3.20000004768
1990,3,19,9,0,0,1.26726853848,19.7999992371
1990,3,20,9,0,0,3.62887525558,0.0
1990,3,21,9,0,0,4.15505695343,0.0
1990,3,22,9,0,0,4.22876882553,0.0
1990,3,23,9,0,0,3.75090360641,0.0
1990,3,24,9,0,0,3.59116959572,2.40000009537
1990,3,25,9,0,0,3.20761585236,0.0
1990,3,26,9,0,0,3.65498638153,0.0
1990,3,27,9,0,0,3.66220593452,0.0
1990,3,28,9,0,0,2.76052093506,0.0
1990,3,29,9,0,0,2.14103198051,3.20000004768
1990,3,30,9,0,0,2.76262688637,3.29999995232
1990,3,31,9,0,0,2.29422879219,0.0
1990,4,1,9,0,0,1.22311747074,12.3000001907
1990,4,2,9,0,0,1.68223583698,7.40000009537
1990,4,3,9,0,0,2.71366763115,2.29999995232
1990,4,4,9,0,0,2.23147082329,0.0
1990,4,5,9,0,0,3.33848500252,0.0
1990,4,6,9,0,0,1.50607168674,0.0
1990,4,7,9,0,0,1.84592747688,0.0
1990,4,8,9,0,0,0.47646188736,21.6000003815
1990,4,9,9,0,0,2.40246558189,0.0
1990,4,10,9,0,0,2.95940375328,0.0
1990,4,11,9,0,0,1.9858123064,0.0
1990,4,12,9,0,0,2.28140282631,0.0
1990,4,13,9,0,0,2.54518318176,0.0
1990,4,14,9,0,0,2.67323875427,0.0
1990,4,15,9,0,0,1.67641615868,0.0
1990,4,16,9,0,0,0.827035844326,17.7000007629
1990,4,17,9,0,0,1.05832695961,13.3000001907
1990,4,18,9,0,0,1.36364972591,4.90000009537
1990,4,19,9,0,0,1.16097331047,8.5
1990,4,20,9,0,0,0.991530716419,13.6999998093
1990,4,21,9,0,0,1.67489671707,3.70000004768
1990,4,22,9,0,0,2.18600344658,0.0
1990,4,23,9,0,0,0.13819219172,56.5
1990,4,24,9,0,0,0.64092707634,17.7999992371
1990,4,25,9,0,0,1.84676456451,6.5
1990,4,26,9,0,0,2.0269818306,2.5
1990,4,27,9,0,0,1.21176576614,15.8000001907
1990,4,28,9,0,0,1.02098298073,31.0
1990,4,29,9,0,0,1.48708593845,15.0
1990,4,30,9,0,0,1.37245595455,10.5
1990,5,1,9,0,0,0.865815758705,4.80000019073
1990,5,2,9,0,0,0.739855647087,25.6000003815
1990,5,3,9,0,0,1.04162573814,11.3000001907
1990,5,4,9,0,0,1.93034684658,0.0
1990,5,5,9,0,0,1.92666232586,0.0
1990,5,6,9,0,0,0.157587692142,16.3999996185
1990,5,7,9,0,0,1.63644170761,13.0
1990,5,8,9,0,0,0.754579544067,6.69999980927
1990,5,9,9,0,0,1.59276354313,0.0
1990,5,10,9,0,0,1.31996762753,0.0
1990,5,11,9,0,0,0.983700692654,0.0
1990,5,12,9,0,0,0.257034808397,0.0
1990,5,13,9,0,0,0.707625031471,18.2999992371
1990,5,14,9,0,0,0.391113549471,11.5
1990,5,15,9,0,0,0.950249910355,3.20000004768
1990,5,16,9,0,0,1.25488781929,3.20000004768
1990,5,17,9,0,0,1.53637313843,0.0
1990,5,18,9,0,0,0.880414009094,0.0
1990,5,19,9,0,0,0.777706980705,19.6000003815
1990,5,20,9,0,0,0.593608915806,8.5
1990,5,21,9,0,0,1.00425875187,2.40000009537
1990,5,22,9,0,0,0.999170780182,13.6000003815
1990,5,23,9,0,0,0.907667458057,4.90000009537
1990,5,24,9,0,0,0.519954025745,6.90000009537
1990,5,25,9,0,0,1.07510638237,3.90000009537
1990,5,26,9,0,0,1.3095240593,6.59999990463
1990,5,27,9,0,0,1.04759979248,6.69999980927
1990,5,28,9,0,0,1.21267879009,2.29999995232
1990,5,29,9,0,0,0.564678549767,4.09999990463
1990,5,30,9,0,0,0.717973351479,2.90000009537
1990,5,31,9,0,0,0.422605901957,0.0
1990,6,1,9,0,0,0.822460711002,5.30000019073
1990,6,2,9,0,0,0.258853167295,6.69999980927
1990,6,3,9,0,0,0.460654884577,9.60000038147
1990,6,4,9,0,0,0.633901834488,3.20000004768
1990,6,5,9,0,0,0.447247713804,17.7999992371
1990,6,6,9,0,0,1.18996095657,0.0
1990,6,7,9,0,0,1.38034188747,0.0
1990,6,8,9,0,0,1.45503020287,0.0
1990,6,9,9,0,0,1.28338158131,0.0
1990,6,10,9,0,0,1.50799977779,0.0
1990,6,11,9,0,0,0.918110728264,0.0
1990,6,12,9,0,0,1.0746101141,0.0
1990,6,13,9,0,0,1.11977422237,0.0
1990,6,14,9,0,0,1.0222735405,0.0
1990,6,15,9,0,0,0.655375957489,0.0
1990,6,16,9,0,0,0.434648156166,0.0
1990,6,17,9,0,0,0.756451070309,3.40000009537
1990,6,18,9,0,0,0.580052733421,12.5
1990,6,19,9,0,0,0.785546183586,0.0
1990,6,20,9,0,0,0.98841714859,0.0
1990,6,21,9,0,0,0.836504399776,3.40000009537
1990,6,22,9,0,0,0.843191564083,7.40000009537
1990,6,23,9,0,0,0.757536709309,5.59999990463
1990,6,24,9,0,0,0.699551582336,0.0
1990,6,25,9,0,0,0.686261773109,0.0
1990,6,26,9,0,0,0.535618543625,9.0
1990,6,27,9,0,0,0.246718123555,8.39999961853
1990,6,28,9,0,0,0.297690302134,2.90000009537
1990,6,29,9,0,0,0.410050839186,17.2999992371
1990,6,30,9,0,0,0.570535242558,2.70000004768
1990,7,1,9,0,0,1.15980732441,0.0
1990,7,2,9,0,0,0.968915581703,0.0
1990,7,3,9,0,0,0.246781364083,7.80000019073
1990,7,4,9,0,0,0.454109966755,0.0
1990,7,5,9,0,0,0.947003483772,0.0
1990,7,6,9,0,0,1.22867202759,8.89999961853
1990,7,7,9,0,0,0.282611727715,16.5
1990,7,8,9,0,0,0.486477851868,15.8000001907
1990,7,9,9,0,0,0.851725995541,18.7999992371
1990,7,10,9,0,0,0.579907953739,3.29999995232
1990,7,11,9,0,0,1.09740030766,0.0
1990,7,12,9,0,0,0.495950251818,4.80000019073
1990,7,13,9,0,0,1.22927379608,0.0
1990,7,14,9,0,0,0.708252847195,0.0
1990,7,15,9,0,0,0.56837695837,2.40000009537
1990,7,16,9,0,0,0.481628119946,3.5
1990,7,17,9,0,0,0.99954867363,0.0
1990,7,18,9,0,0,1.57302355766,0.0
1990,7,19,9,0,0,1.27980768681,0.0
1990,7,20,9,0,0,1.37951004505,0.0
1990,7,21,9,0,0,0.36750510335,11.6000003815
1990,7,22,9,0,0,0.547861635685,3.90000009537
1990,7,23,9,0,0,0.701704382896,0.0
1990,7,24,9,0,0,0.903543591499,0.0
1990,7,25,9,0,0,0.164019882679,50.7999992371
1990,7,26,9,0,0,1.42489171028,14.1000003815
1990,7,27,9,0,0,0.360236287117,6.19999980927
1990,7,28,9,0,0,1.27280914783,0.0
1990,7,29,9,0,0,1.05543720722,0.0
1990,7,30,9,0,0,1.72014689445,0.0
1990,7,31,9,0,0,1.36038184166,0.0
1990,8,1,9,0,0,1.34830677509,0.0
1990,8,2,9,0,0,1.03205144405,0.0
1990,8,3,9,0,0,1.54621946812,0.0
1990,8,4,9,0,0,0.546729385853,33.9000015259
1990,8,5,9,0,0,0.73847669363,8.19999980927
1990,8,6,9,0,0,0.944345533848,26.8999996185
1990,8,7,9,0,0,0.822385072708,14.3999996185
1990,8,8,9,0,0,1.1023209095,2.0
1990,8,9,9,0,0,1.10736382008,2.90000009537
1990,8,10,9,0,0,0.899830341339,9.80000019073
1990,8,11,9,0,0,0.676808178425,12.8000001907
1990,8,12,9,0,0,0.470712095499,34.9000015259
1990,8,13,9,0,0,1.13414239883,7.90000009537
1990,8,14,9,0,0,0.675216853619,17.5
1990,8,15,9,0,0,0.887140870094,7.40000009537
1990,8,16,9,0,0,0.957991421223,0.0
1990,8,17,9,0,0,0.981388509274,0.0
1990,8,18,9,0,0,1.35159945488,0.0
1990,8,19,9,0,0,1.20093846321,0.0
1990,8,20,9,0,0,1.35605847836,0.0
1990,8,21,9,0,0,1.46181333065,0.0
1990,8,22,9,0,0,0.970591843128,0.0
1990,8,23,9,0,0,2.12226963043,0.0
1990,8,24,9,0,0,1.59916377068,0.0
1990,8,25,9,0,0,1.27671611309,4.5
1990,8,26,9,0,0,1.2791967392,3.20000004768
1990,8,27,9,0,0,1.84599125385,0.0
1990,8,28,9,0,0,2.10961890221,0.0
1990,8,29,9,0,0,1.20727717876,0.0
1990,8,30,9,0,0,2.17420268059,0.0
1990,8,31,9,0,0,2.01264357567,0.0
1990,9,1,9,0,0,1.15067005157,0.0
1990,9,2,9,0,0,0.919552862644,2.5
1990,9,3,9,0,0,1.48578631878,3.70000004768
1990,9,4,9,0,0,0.516696691513,7.30000019073
1990,9,5,9,0,0,1.13115143776,8.19999980927
1990,9,6,9,0,0,1.7832839489,4.80000019073
1990,9,7,9,0,0,2.39124798775,2.70000004768
1990,9,8,9,0,0,1.84989404678,3.70000004768
1990,9,9,9,0,0,2.48704862595,0.0
1990,9,10,9,0,0,2.99477720261,0.0
1990,9,11,9,0,0,2.77434706688,0.0
1990,9,12,9,0,0,2.23259353638,0.0
1990,9,13,9,0,0,1.78835964203,0.0
1990,9,14,9,0,0,1.32678890228,6.90000009537
1990,9,15,9,0,0,1.75022804737,2.09999990463
1990,9,16,9,0,0,2.55294346809,3.40000009537
1990,9,17,9,0,0,1.75577819347,3.59999990463
1990,9,18,9,0,0,3.00399684906,0.0
1990,9,19,9,0,0,3.28372144699,0.0
1990,9,20,9,0,0,2.52319002151,0.0
1990,9,21,9,0,0,1.76386344433,0.0
1990,9,22,9,0,0,1.90978813171,3.20000004768
1990,9,23,9,0,0,1.83958792686,12.1000003815
1990,9,24,9,0,0,1.83327960968,4.5
1990,9,25,9,0,0,2.97641205788,0.0
1990,9,26,9,0,0,2.56239438057,0.0
1990,9,27,9,0,0,1.53390550613,0.0
1990,9,28,9,0,0,1.61140656471,2.0
1990,9,29,9,0,0,1.50845777988,2.20000004768
1990,9,30,9,0,0,3.2028362751,0.0
1990,10,1,9,0,0,4.54988861084,0.0
1990,10,2,9,0,0,3.53646659851,0.0
1990,10,3,9,0,0,1.72687494755,0.0
1990,10,4,9,0,0,4.10197019577,0.0
1990,10,5,9,0,0,4.32896184921,0.0
1990,10,6,9,0,0,0.332698494196,25.5
1990,10,7,9,0,0,3.29135847092,3.5
1990,10,8,9,0,0,3.16369509697,0.0
1990,10,9,9,0,0,3.79983901978,0.0
1990,10,10,9,0,0,2.03748703003,8.0
1990,10,11,9,0,0,1.01281034946,0.0
1990,10,12,9,0,0,2.10660386086,9.10000038147
1990,10,13,9,0,0,0.516074180603,16.8999996185
1990,10,14,9,0,0,1.42489302158,13.3000001907
1990,10,15,9,0,0,3.68237996101,5.90000009537
1990,10,16,9,0,0,3.64038228989,0.0
1990,10,17,9,0,0,3.18844628334,2.20000004768
1990,10,18,9,0,0,3.53144741058,0.0
1990,10,19,9,0,0,3.37591981888,0.0
1990,10,20,9,0,0,4.30232715607,0.0
1990,10,21,9,0,0,1.83256995678,9.80000019073
1990,10,22,9,0,0,4.70131349564,0.0
1990,10,23,9,0,0,5.0323805809,0.0
1990,10,24,9,0,0,5.93948411942,0.0
1990,10,25,9,0,0,5.39330625534,0.0
1990,10,26,9,0,0,5.48235368729,0.0
1990,10,27,9,0,0,1.02525246143,7.09999990463
1990,10,28,9,0,0,4.08497190475,0.0
1990,10,29,9,0,0,2.1086127758,0.0
1990,10,30,9,0,0,2.0194478035,12.1000003815
1990,10,31,9,0,0,4.97463083267,2.29999995232
1990,11,1,9,0,0,4.81988191605,0.0
1990,11,2,9,0,0,3.83647084236,0.0
1990,11,3,9,0,0,0.910979688168,2.20000004768
1990,11,4,9,0,0,2.80435919762,2.09999990463
1990,11,5,9,0,0,5.10732698441,0.0
1990,11,6,9,0,0,5.12650346756,0.0
1990,11,7,9,0,0,4.80289411545,0.0
1990,11,8,9,0,0,4.17290496826,0.0
1990,11,9,9,0,0,5.50131464005,0.0
1990,11,10,9,0,0,4.01546287537,0.0
1990,11,11,9,0,0,1.96529102325,44.5999984741
1990,11,12,9,0,0,2.0027987957,11.8000001907
1990,11,13,9,0,0,3.89545083046,0.0
1990,11,14,9,0,0,4.22272014618,2.5
1990,11,15,9,0,0,5.03670740128,0.0
1990,11,16,9,0,0,3.54305458069,0.0
1990,11,17,9,0,0,1.53416669369,0.0
1990,11,18,9,0,0,1.99476826191,16.7000007629
1990,11,19,9,0,0,2.62986445427,9.39999961853
1990,11,20,9,0,0,3.90885663033,0.0
1990,11,21,9,0,0,2.52240991592,4.0
1990,11,22,9,0,0,4.5858707428,0.0
1990,11,23,9,0,0,4.62225961685,3.0
1990,11,24,9,0,0,0.807573914528,16.2000007629
1990,11,25,9,0,0,1.93628191948,16.7999992371
1990,11,26,9,0,0,3.69202661514,20.2999992371
1990,11,27,9,0,0,1.28902769089,30.7999992371
1990,11,28,9,0,0,3.88058614731,4.40000009537
1990,11,29,9,0,0,4.67137432098,0.0
1990,11,30,9,0,0,5.38046455383,0.0
1990,12,1,9,0,0,5.66316318512,0.0
1990,12,2,9,0,0,6.41039037704,0.0
1990,12,3,9,0,0,3.78556799889,0.0
1990,12,4,9,0,0,6.36517286301,0.0
1990,12,5,9,0,0,6.61866569519,0.0
1990,12,6,9,0,0,2.59829330444,0.0
1990,12,7,9,0,0,1.94200515747,0.0
1990,12,8,9,0,0,4.40775442123,0.0
1990,12,9,9,0,0,2.52268886566,0.0
1990,12,10,9,0,0,1.23189342022,0.0
1990,12,11,9,0,0,1.03292322159,17.6000003815
1990,12,12,9,0,0,2.12008237839,10.6000003815
1990,12,13,9,0,0,3.81345200539,3.70000004768
1990,12,14,9,0,0,2.90778589249,6.5
1990,12,15,9,0,0,2.57199287415,9.10000038147
1990,12,16,9,0,0,4.48614835739,2.59999990463
1990,12,17,9,0,0,6.5347442627,0.0
1990,12,18,9,0,0,4.27150058746,2.70000004768
1990,12,19,9,0,0,1.52934992313,12.8000001907
1990,12,20,9,0,0,3.92566537857,2.40000009537
1990,12,21,9,0,0,4.69003200531,2.5
1990,12,22,9,0,0,5.18311166763,0.0
1990,12,23,9,0,0,6.04821109772,0.0
1990,12,24,9,0,0,4.7370929718,13.1999998093
1990,12,25,9,0,0,5.82463312149,2.20000004768
1990,12,26,9,0,0,4.9866437912,0.0
1990,12,27,9,0,0,3.34568428993,0.0
1990,12,28,9,0,0,4.50674581528,12.1999998093
1990,12,29,9,0,0,2.04468584061,12.3000001907
1990,12,30,9,0,0,5.13915586472,3.70000004768
1990,12,31,9,0,0,6.03765678406,0.0
1991,1,1,9,0,0,4.17530965805,11.3999996185
1991,1,2,9,0,0,6.52850389481,0.0
1991,1,3,9,0,0,6.90474128723,0.0
1991,1,4,9,0,0,4.3358168602,0.0
1991,1,5,9,0,0,3.04640698433,0.0
1991,1,6,9,0,0,1.03337728977,9.80000019073
1991,1,7,9,0,0,1.28798878193,10.6999998093
1991,1,8,9,0,0,3.17738509178,28.0
1991,1,9,9,0,0,4.59242486954,2.40000009537
1991,1,10,9,0,0,5.50628852844,0.0
1991,1,11,9,0,0,5.90962600708,0.0
1991,1,12,9,0,0,5.24141597748,0.0
1991,1,13,9,0,0,4.25431346893,0.0
1991,1,14,9,0,0,1.51181268692,0.0
1991,1,15,9,0,0,2.44520664215,7.59999990463
1991,1,16,9,0,0,1.45612359047,9.80000019073
1991,1,17,9,0,0,4.87992191315,0.0
1991,1,18,9,0,0,4.66525030136,0.0
1991,1,19,9,0,0,4.82285308838,2.5
1991,1,20,9,0,0,2.30803012848,13.8000001907
1991,1,21,9,0,0,0.394675940275,25.1000003815
1991,1,22,9,0,0,0.976685583591,0.0
1991,1,23,9,0,0,1.38901364803,14.5
1991,1,24,9,0,0,2.29278516769,18.3999996185
1991,1,25,9,0,0,4.77235841751,0.0
1991,1,26,9,0,0,4.27565145493,0.0
1991,1,27,9,0,0,4.2192440033,5.19999980927
1991,1,28,9,0,0,0.324386775494,38.7999992371
1991,1,29,9,0,0,3.03840684891,0.0
1991,1,30,9,0,0,2.75780510902,11.8000001907
1991,1,31,9,0,0,2.57511544228,29.7999992371
1991,2,1,9,0,0,2.86718297005,22.2999992371
1991,2,2,9,0,0,4.81444597244,2.5
1991,2,3,9,0,0,3.67212414742,0.0
1991,2,4,9,0,0,1.74128353596,0.0
1991,2,5,9,0,0,4.71242666245,0.0
1991,2,6,9,0,0,1.35563135147,11.8000001907
1991,2,7,9,0,0,3.95065522194,0.0
1991,2,8,9,0,0,2.44905161858,3.20000004768
1991,2,9,9,0,0,5.43494987488,0.0
1991,2,10,9,0,0,2.1093287468,0.0
1991,2,11,9,0,0,2.48167157173,0.0
1991,2,12,9,0,0,2.03336954117,8.0
1991,2,13,9,0,0,1.50159776211,4.69999980927
1991,2,14,9,0,0,3.51180696487,0.0
1991,2,15,9,0,0,1.44194948673,19.1000003815
1991,2,16,9,0,0,2.37106990814,0.0
1991,2,17,9,0,0,2.22822237015,2.40000009537
1991,2,18,9,0,0,3.27624082565,0.0
1991,2,19,9,0,0,5.61889886856,0.0
1991,2,20,9,0,0,4.75459337234,0.0
1991,2,21,9,0,0,4.34171915054,0.0
1991,2,22,9,0,0,4.99027442932,0.0
1991,2,23,9,0,0,2.61579036713,0.0
1991,2,24,9,0,0,2.54465222359,5.40000009537
1991,2,25,9,0,0,4.16901826859,0.0
1991,2,26,9,0,0,1.89994072914,4.09999990463
1991,2,27,9,0,0,4.00391483307,0.0
1991,2,28,9,0,0,4.79780006409,0.0
1991,3,1,9,0,0,3.71439623833,0.0
1991,3,2,9,0,0,3.78163099289,5.80000019073
1991,3,3,9,0,0,1.52526903152,2.29999995232
1991,3,4,9,0,0,2.40241098404,0.0
1991,3,5,9,0,0,2.10907912254,0.0
1991,3,6,9,0,0,3.44386124611,0.0
1991,3,7,9,0,0,3.72472453117,0.0
1991,3,8,9,0,0,2.83620095253,0.0
1991,3,9,9,0,0,3.19449901581,0.0
1991,3,10,9,0,0,1.8269097805,0.0
1991,3,11,9,0,0,0.914576530457,0.0
1991,3,12,9,0,0,2.21858525276,0.0
1991,3,13,9,0,0,2.46019887924,4.5
1991,3,14,9,0,0,4.45086145401,3.20000004768
1991,3,15,9,0,0,4.12301588058,0.0
1991,3,16,9,0,0,4.0397105217,0.0
1991,3,17,9,0,0,3.15536117554,0.0
1991,3,18,9,0,0,3.70183205605,0.0
1991,3,19,9,0,0,4.0745306015,0.0
1991,3,20,9,0,0,3.56022167206,0.0
1991,3,21,9,0,0,3.29314684868,0.0
1991,3,22,9,0,0,2.16170811653,0.0
1991,3,23,9,0,0,3.20120978355,0.0
1991,3,24,9,0,0,2.43674683571,0.0
1991,3,25,9,0,0,2.67573618889,0.0
1991,3,26,9,0,0,1.93344318867,0.0
1991,3,27,9,0,0,1.69011807442,9.60000038147
1991,3,28,9,0,0,1.55343723297,8.0
1991,3,29,9,0,0,3.16966247559,4.5
1991,3,30,9,0,0,2.52304077148,4.5
1991,3,31,9,0,0,2.62100601196,0.0
1991,4,1,9,0,0,1.18434226513,9.30000019073
1991,4,2,9,0,0,0.782771110535,28.2999992371
1991,4,3,9,0,0,2.09171795845,4.80000019073
1991,4,4,9,0,0,0.605367004871,14.6000003815
1991,4,5,9,0,0,0.788890361786,12.6000003815
1991,4,6,9,0,0,2.62819218636,0.0
1991,4,7,9,0,0,1.10183823109,19.2999992371
1991,4,8,9,0,0,1.86787235737,2.29999995232
1991,4,9,9,0,0,3.36237359047,0.0
1991,4,10,9,0,0,3.32671880722,0.0
1991,4,11,9,0,0,2.74770760536,0.0
1991,4,12,9,0,0,1.87747573853,0.0
1991,4,13,9,0,0,2.66098165512,0.0
1991,4,14,9,0,0,2.69358325005,0.0
1991,4,15,9,0,0,1.3567148447,2.59999990463
1991,4,16,9,0,0,0.826324164867,30.3999996185
1991,4,17,9,0,0,2.16230726242,0.0
1991,4,18,9,0,0,1.63336777687,4.90000009537
1991,4,19,9,0,0,2.13650250435,4.69999980927
1991,4,20,9,0,0,0.722420275211,17.7999992371
1991,4,21,9,0,0,2.12813234329,0.0
1991,4,22,9,0,0,1.31255841255,4.90000009537
1991,4,23,9,0,0,1.41878402233,11.3999996185
1991,4,24,9,0,0,0.755926907063,12.8999996185
1991,4,25,9,0,0,1.36298942566,3.09999990463
1991,4,26,9,0,0,1.44049680233,0.0
1991,4,27,9,0,0,1.36419248581,0.0
1991,4,28,9,0,0,1.98509979248,0.0
1991,4,29,9,0,0,1.04383349419,10.8999996185
1991,4,30,9,0,0,1.67231059074,0.0
1991,5,1,9,0,0,1.68732106686,0.0
1991,5,2,9,0,0,1.45043218136,0.0
1991,5,3,9,0,0,1.14202809334,5.80000019073
1991,5,4,9,0,0,0.67863202095,20.7999992371
1991,5,5,9,0,0,1.79160439968,0.0
1991,5,6,9,0,0,1.94796383381,0.0
1991,5,7,9,0,0,1.65310966969,0.0
1991,5,8,9,0,0,1.8404314518,0.0
1991,5,9,9,0,0,0.540221810341,3.0
1991,5,10,9,0,0,1.37608027458,0.0
1991,5,11,9,0,0,0.947545051575,0.0
1991,5,12,9,0,0,1.36913359165,2.0
1991,5,13,9,0,0,1.25536286831,2.5
1991,5,14,9,0,0,1.2997699976,0.0
1991,5,15,9,0,0,1.33887863159,2.09999990463
1991,5,16,9,0,0,0.770122587681,19.5
1991,5,17,9,0,0,1.04311561584,12.6999998093
1991,5,18,9,0,0,1.08692657948,0.0
1991,5,19,9,0,0,1.13763093948,3.20000004768
1991,5,20,9,0,0,0.942106306553,3.29999995232
1991,5,21,9,0,0,1.07708203793,2.5
1991,5,22,9,0,0,0.950053572655,0.0
1991,5,23,9,0,0,0.691690385342,0.0
1991,5,24,9,0,0,1.17203843594,0.0
1991,5,25,9,0,0,1.14641523361,0.0
1991,5,26,9,0,0,0.728170931339,2.20000004768
1991,5,27,9,0,0,0.615645825863,4.80000019073
1991,5,28,9,0,0,1.23638117313,0.0
1991,5,29,9,0,0,1.19465315342,2.0
1991,5,30,9,0,0,1.0375443697,2.5
1991,5,31,9,0,0,0.597887158394,8.69999980927
1991,6,1,9,0,0,0.414225310087,13.3000001907
1991,6,2,9,0,0,0.985297262669,3.70000004768
1991,6,3,9,0,0,1.17040121555,0.0
1991,6,4,9,0,0,0.950957417488,8.39999961853
1991,6,5,9,0,0,0.104493580759,16.3999996185
1991,6,6,9,0,0,1.24076247215,0.0
1991,6,7,9,0,0,1.44048058987,2.0
1991,6,8,9,0,0,1.32415318489,0.0
1991,6,9,9,0,0,1.33517849445,0.0
1991,6,10,9,0,0,1.56889486313,0.0
1991,6,11,9,0,0,0.534937083721,0.0
1991,6,12,9,0,0,1.16004371643,0.0
1991,6,13,9,0,0,1.04041075706,0.0
1991,6,14,9,0,0,0.971544265747,0.0
1991,6,15,9,0,0,0.728484034538,0.0
1991,6,16,9,0,0,1.07350897789,2.0
1991,6,17,9,0,0,0.522450506687,29.2999992371
1991,6,18,9,0,0,0.348580598831,8.80000019073
1991,6,19,9,0,0,0.721951901913,10.5
1991,6,20,9,0,0,1.14279675484,0.0
1991,6,21,9,0,0,1.2934025526,0.0
1991,6,22,9,0,0,0.931462049484,0.0
1991,6,23,9,0,0,0.542876541615,0.0
1991,6,24,9,0,0,0.79049962759,9.10000038147
1991,6,25,9,0,0,0.972916841507,0.0
1991,6,26,9,0,0,1.20071959496,0.0
1991,6,27,9,0,0,0.382023841143,6.80000019073
1991,6,28,9,0,0,1.13675320148,0.0
1991,6,29,9,0,0,1.26149272919,0.0
1991,6,30,9,0,0,0.890365421772,0.0
1991,7,1,9,0,0,1.10723221302,0.0
1991,7,2,9,0,0,1.14786565304,0.0
1991,7,3,9,0,0,1.33784162998,0.0
1991,7,4,9,0,0,1.43080461025,0.0
1991,7,5,9,0,0,1.29803931713,0.0
1991,7,6,9,0,0,1.1517137289,0.0
1991,7,7,9,0,0,1.43144929409,3.59999990463
1991,7,8,9,0,0,0.388245850801,7.69999980927
1991,7,9,9,0,0,1.19647824764,0.0
1991,7,10,9,0,0,1.14108717442,0.0
1991,7,11,9,0,0,1.49919140339,0.0
1991,7,12,9,0,0,1.47858226299,0.0
1991,7,13,9,0,0,1.22536373138,0.0
1991,7,14,9,0,0,1.46277952194,0.0
1991,7,15,9,0,0,1.40950715542,0.0
1991,7,16,9,0,0,0.887939274311,2.09999990463
1991,7,17,9,0,0,0.401580661535,2.40000009537
1991,7,18,9,0,0,0.632845342159,0.0
1991,7,19,9,0,0,1.17861926556,4.5
1991,7,20,9,0,0,0.934254050255,10.6999998093
1991,7,21,9,0,0,0.75199753046,10.6999998093
1991,7,22,9,0,0,1.1113666296,5.80000019073
1991,7,23,9,0,0,0.889047384262,22.3999996185
1991,7,24,9,0,0,0.699501335621,24.2999992371
1991,7,25,9,0,0,0.416408419609,8.30000019073
1991,7,26,9,0,0,1.23814952374,7.80000019073
1991,7,27,9,0,0,1.42984414101,3.59999990463
1991,7,28,9,0,0,1.50088894367,0.0
1991,7,29,9,0,0,1.02485787868,18.2999992371
1991,7,30,9,0,0,1.46101272106,13.5
1991,7,31,9,0,0,1.05194878578,18.0
1991,8,1,9,0,0,1.05322813988,13.3999996185
1991,8,2,9,0,0,1.64287412167,0.0
1991,8,3,9,0,0,1.41992735863,2.0
1991,8,4,9,0,0,1.43711602688,2.0
1991,8,5,9,0,0,1.45181667805,2.79999995232
1991,8,6,9,0,0,0.503706455231,17.2000007629
1991,8,7,9,0,0,0.952906727791,23.1000003815
1991,8,8,9,0,0,0.853994011879,29.6000003815
1991,8,9,9,0,0,0.66963416338,13.3000001907
1991,8,10,9,0,0,1.19240319729,7.40000009537
1991,8,11,9,0,0,1.90516495705,0.0
1991,8,12,9,0,0,0.654797136784,10.6000003815
1991,8,13,9,0,0,1.01764416695,16.6000003815
1991,8,14,9,0,0,0.621851205826,11.8000001907
1991,8,15,9,0,0,1.08076119423,17.2000007629
1991,8,16,9,0,0,0.717376172543,65.0
1991,8,17,9,0,0,0.954742431641,17.5
1991,8,18,9,0,0,1.8560333252,9.80000019073
1991,8,19,9,0,0,1.73602414131,6.09999990463
1991,8,20,9,0,0,1.62486088276,4.69999980927
1991,8,21,9,0,0,1.57419884205,8.89999961853
1991,8,22,9,0,0,0.977856636047,17.6000003815
1991,8,23,9,0,0,1.47027623653,2.09999990463
1991,8,24,9,0,0,2.25793433189,2.70000004768
1991,8,25,9,0,0,0.786280870438,0.0
1991,8,26,9,0,0,1.64957141876,0.0
1991,8,27,9,0,0,1.86310493946,0.0
1991,8,28,9,0,0,1.2557117939,0.0
1991,8,29,9,0,0,0.888282895088,4.40000009537
1991,8,30,9,0,0,1.27293181419,12.1000003815
1991,8,31,9,0,0,1.11204731464,2.5
1991,9,1,9,0,0,0.728421747684,19.0
1991,9,2,9,0,0,2.60698318481,13.3000001907
1991,9,3,9,0,0,1.49800860882,13.8999996185
1991,9,4,9,0,0,2.54655146599,0.0
1991,9,5,9,0,0,2.30729722977,0.0
1991,9,6,9,0,0,1.91762948036,0.0
1991,9,7,9,0,0,2.64374685287,0.0
1991,9,8,9,0,0,2.14656352997,0.0
1991,9,9,9,0,0,2.27444124222,0.0
1991,9,10,9,0,0,0.678742587566,2.20000004768
1991,9,11,9,0,0,0.961001157761,3.90000009537
1991,9,12,9,0,0,0.635789275169,25.7000007629
1991,9,13,9,0,0,0.35849916935,7.30000019073
1991,9,14,9,0,0,1.92784559727,3.20000004768
1991,9,15,9,0,0,1.38882946968,10.8000001907
1991,9,16,9,0,0,1.79960072041,2.20000004768
1991,9,17,9,0,0,3.11943483353,0.0
1991,9,18,9,0,0,3.08433151245,4.40000009537
1991,9,19,9,0,0,2.17851233482,6.09999990463
1991,9,20,9,0,0,1.96959888935,13.3999996185
1991,9,21,9,0,0,2.21269750595,7.30000019073
1991,9,22,9,0,0,2.3475921154,17.1000003815
1991,9,23,9,0,0,2.00159978867,6.90000009537
1991,9,24,9,0,0,2.237596035,0.0
1991,9,25,9,0,0,2.92742037773,0.0
1991,9,26,9,0,0,1.93260657787,6.80000019073
1991,9,27,9,0,0,2.78438353539,0.0
1991,9,28,9,0,0,3.5087621212,0.0
1991,9,29,9,0,0,1.93339550495,14.0
1991,9,30,9,0,0,1.49907064438,16.5
1991,10,1,9,0,0,2.61877465248,0.0
1991,10,2,9,0,0,2.40599608421,4.09999990463
1991,10,3,9,0,0,3.590747118,5.80000019073
1991,10,4,9,0,0,2.53857469559,7.80000019073
1991,10,5,9,0,0,3.77478694916,3.59999990463
1991,10,6,9,0,0,2.93851423264,0.0
1991,10,7,9,0,0,0.979896664619,5.19999980927
1991,10,8,9,0,0,2.74513697624,13.8000001907
1991,10,9,9,0,0,2.28061103821,13.6999998093
1991,10,10,9,0,0,2.9759042263,0.0
1991,10,11,9,0,0,3.04103422165,0.0
1991,10,12,9,0,0,3.47749018669,2.09999990463
1991,10,13,9,0,0,0.980252206326,23.3999996185
1991,10,14,9,0,0,2.23851275444,7.59999990463
1991,10,15,9,0,0,1.9742846489,0.0
1991,10,16,9,0,0,1.63559556007,0.0
1991,10,17,9,0,0,0.966929316521,29.3999996185
1991,10,18,9,0,0,2.93626737595,2.20000004768
1991,10,19,9,0,0,3.15654444695,0.0
1991,10,20,9,0,0,3.46182227135,0.0
1991,10,21,9,0,0,3.76527762413,0.0
1991,10,22,9,0,0,1.70456242561,2.0
1991,10,23,9,0,0,1.42441356182,3.0
1991,10,24,9,0,0,4.16021442413,0.0
1991,10,25,9,0,0,4.08624219894,0.0
1991,10,26,9,0,0,4.18408298492,0.0
1991,10,27,9,0,0,1.58331787586,19.7999992371
1991,10,28,9,0,0,3.14141654968,2.29999995232
1991,10,29,9,0,0,3.60367178917,0.0
1991,10,30,9,0,0,4.06562280655,0.0
1991,10,31,9,0,0,4.3310084343,0.0
1991,11,1,9,0,0,3.26118969917,4.5
1991,11,2,9,0,0,1.37769210339,3.5
1991,11,3,9,0,0,2.32620453835,0.0
1991,11,4,9,0,0,4.45029354095,0.0
1991,11,5,9,0,0,4.70107364655,0.0
1991,11,6,9,0,0,4.5293674469,0.0
1991,11,7,9,0,0,2.34247612953,0.0
1991,11,8,9,0,0,4.37338638306,0.0
1991,11,9,9,0,0,3.8959543705,2.09999990463
1991,11,10,9,0,0,1.65263569355,19.5
1991,11,11,9,0,0,3.13175582886,19.7000007629
1991,11,12,9,0,0,2.51190018654,16.3999996185
1991,11,13,9,0,0,2.71306920052,12.3999996185
1991,11,14,9,0,0,3.63571238518,0.0
1991,11,15,9,0,0,4.23210906982,0.0
1991,11,16,9,0,0,4.69722652435,0.0
1991,11,17,9,0,0,3.02142262459,0.0
1991,11,18,9,0,0,4.00522947311,2.40000009537
1991,11,19,9,0,0,3.38263964653,0.0
1991,11,20,9,0,0,2.32982301712,13.1999998093
1991,11,21,9,0,0,4.03477430344,2.90000009537
1991,11,22,9,0,0,2.68235683441,5.09999990463
1991,11,23,9,0,0,3.28212690353,8.89999961853
1991,11,24,9,0,0,3.94072961807,3.59999990463
1991,11,25,9,0,0,3.5402674675,5.90000009537
1991,11,26,9,0,0,3.71617627144,0.0
1991,11,27,9,0,0,1.90705597401,0.0
1991,11,28,9,0,0,1.45252966881,0.0
1991,11,29,9,0,0,5.31253051758,0.0
1991,11,30,9,0,0,5.01074552536,0.0
1991,12,1,9,0,0,0.877759635448,10.6000003815
1991,12,2,9,0,0,3.69283676147,15.1000003815
1991,12,3,9,0,0,2.6107904911,10.6999998093
1991,12,4,9,0,0,5.15241289139,0.0
1991,12,5,9,0,0,3.85907649994,2.09999990463
1991,12,6,9,0,0,2.98743438721,2.70000004768
1991,12,7,9,0,0,5.3985247612,0.0
1991,12,8,9,0,0,3.90144896507,0.0
1991,12,9,9,0,0,3.56644940376,0.0
1991,12,10,9,0,0,4.40103149414,0.0
1991,12,11,9,0,0,3.27998137474,0.0
1991,12,12,9,0,0,3.09739208221,2.40000009537
1991,12,13,9,0,0,5.87499809265,0.0
1991,12,14,9,0,0,4.68761301041,0.0
1991,12,15,9,0,0,5.55883836746,0.0
1991,12,16,9,0,0,5.7730255127,0.0
1991,12,17,9,0,0,5.76829051971,0.0
1991,12,18,9,0,0,4.42333126068,0.0
1991,12,19,9,0,0,4.75106334686,0.0
1991,12,20,9,0,0,0.616241812706,6.90000009537
1991,12,21,9,0,0,1.87217056751,32.2000007629
1991,12,22,9,0,0,4.15118503571,0.0
1991,12,23,9,0,0,6.16422319412,0.0
1991,12,24,9,0,0,6.4864025116,0.0
1991,12,25,9,0,0,3.96085166931,5.09999990463
1991,12,26,9,0,0,1.40409314632,2.79999995232
1991,12,27,9,0,0,2.6891283989,0.0
1991,12,28,9,0,0,2.02777457237,3.90000009537
1991,12,29,9,0,0,1.49291038513,19.6000003815
1991,12,30,9,0,0,0.908013999462,34.0999984741
1991,12,31,9,0,0,4.10141038895,0.0
1992,1,1,9,0,0,5.6694393158,0.0
1992,1,2,9,0,0,6.12667942047,0.0
1992,1,3,9,0,0,3.86664700508,0.0
1992,1,4,9,0,0,5.66965007782,0.0
1992,1,5,9,0,0,5.91515398026,0.0
1992,1,6,9,0,0,2.00660467148,8.19999980927
1992,1,7,9,0,0,4.80360460281,3.40000009537
1992,1,8,9,0,0,3.46200060844,6.80000019073
1992,1,9,9,0,0,4.50573921204,0.0
1992,1,10,9,0,0,4.45609283447,0.0
1992,1,11,9,0,0,3.12469267845,0.0
1992,1,12,9,0,0,1.10711324215,17.2999992371
1992,1,13,9,0,0,4.27226161957,0.0
1992,1,14,9,0,0,5.67333602905,0.0
1992,1,15,9,0,0,5.92371511459,0.0
1992,1,16,9,0,0,5.97764587402,0.0
1992,1,17,9,0,0,2.2711493969,2.0
1992,1,18,9,0,0,4.19535827637,5.09999990463
1992,1,19,9,0,0,4.49296760559,2.79999995232
1992,1,20,9,0,0,5.64720201492,0.0
1992,1,21,9,0,0,5.21025753021,2.29999995232
1992,1,22,9,0,0,5.32621097565,0.0
1992,1,23,9,0,0,4.41107225418,0.0
1992,1,24,9,0,0,2.3862259388,2.0
1992,1,25,9,0,0,1.02149498463,20.3999996185
1992,1,26,9,0,0,5.12440538406,4.19999980927
1992,1,27,9,0,0,5.38532447815,0.0
1992,1,28,9,0,0,5.16444253922,0.0
1992,1,29,9,0,0,2.95700526237,2.5
1992,1,30,9,0,0,5.00144529343,0.0
1992,1,31,9,0,0,5.41035461426,0.0
1992,2,1,9,0,0,2.17680168152,15.3999996185
1992,2,2,9,0,0,4.66706085205,0.0
1992,2,3,9,0,0,3.8079521656,4.0
1992,2,4,9,0,0,1.46252441406,25.2000007629
1992,2,5,9,0,0,2.84608459473,0.0
1992,2,6,9,0,0,5.19724988937,4.09999990463
1992,2,7,9,0,0,5.41482639313,0.0
1992,2,8,9,0,0,5.00849628448,0.0
1992,2,9,9,0,0,4.72189378738,0.0
1992,2,10,9,0,0,5.06874036789,0.0
1992,2,11,9,0,0,3.76243758202,0.0
1992,2,12,9,0,0,3.42981863022,0.0
1992,2,13,9,0,0,4.94924640656,4.5
1992,2,14,9,0,0,0.693593502045,27.8999996185
1992,2,15,9,0,0,1.05981051922,3.29999995232
1992,2,16,9,0,0,4.43588781357,0.0
1992,2,17,9,0,0,4.53743839264,0.0
1992,2,18,9,0,0,3.48052120209,0.0
1992,2,19,9,0,0,2.21460056305,3.20000004768
1992,2,20,9,0,0,4.57105827332,0.0
1992,2,21,9,0,0,2.23157167435,2.59999990463
1992,2,22,9,0,0,4.49978780746,0.0
1992,2,23,9,0,0,3.53514266014,6.09999990463
1992,2,24,9,0,0,1.65373659134,3.90000009537
1992,2,25,9,0,0,1.99124968052,0.0
1992,2,26,9,0,0,3.39811253548,7.80000019073
1992,2,27,9,0,0,2.10253787041,24.7999992371
1992,2,28,9,0,0,3.51747822762,0.0
1992,2,29,9,0,0,4.03631973267,0.0
1992,3,1,9,0,0,4.18057155609,0.0
1992,3,2,9,0,0,3.51420521736,0.0
1992,3,3,9,0,0,4.00029850006,0.0
1992,3,4,9,0,0,3.03113770485,0.0
1992,3,5,9,0,0,3.79630541801,0.0
1992,3,6,9,0,0,2.17525529861,0.0
1992,3,7,9,0,0,2.16235113144,4.80000019073
1992,3,8,9,0,0,2.03616476059,2.5
1992,3,9,9,0,0,3.0172688961,0.0
1992,3,10,9,0,0,2.07444834709,2.29999995232
1992,3,11,9,0,0,2.59843015671,0.0
1992,3,12,9,0,0,2.66281676292,0.0
1992,3,13,9,0,0,3.65923213959,0.0
1992,3,14,9,0,0,2.27828884125,2.59999990463
1992,3,15,9,0,0,1.45653641224,28.3999996185
1992,3,16,9,0,0,1.47605443001,29.8999996185
1992,3,17,9,0,0,2.48584222794,12.8000001907
1992,3,18,9,0,0,2.0686109066,30.3999996185
1992,3,19,9,0,0,3.06432914734,0.0
1992,3,20,9,0,0,1.26994431019,15.1000003815
1992,3,21,9,0,0,0.914465129375,12.8000001907
1992,3,22,9,0,0,2.14483976364,8.39999961853
1992,3,23,9,0,0,3.10142612457,0.0
1992,3,24,9,0,0,2.36806964874,0.0
1992,3,25,9,0,0,1.89824807644,0.0
1992,3,26,9,0,0,3.2507853508,0.0
1992,3,27,9,0,0,3.2048971653,0.0
1992,3,28,9,0,0,2.40212225914,6.69999980927
1992,3,29,9,0,0,1.27757644653,3.59999990463
1992,3,30,9,0,0,2.17861771584,0.0
1992,3,31,9,0,0,2.38108372688,0.0
1992,4,1,9,0,0,1.46615684032,7.0
1992,4,2,9,0,0,1.51493048668,10.5
1992,4,3,9,0,0,2.55907797813,0.0
1992,4,4,9,0,0,2.44530248642,0.0
1992,4,5,9,0,0,2.37546396255,0.0
1992,4,6,9,0,0,2.41937947273,0.0
1992,4,7,9,0,0,1.16237294674,0.0
1992,4,8,9,0,0,1.02136325836,3.40000009537
1992,4,9,9,0,0,2.50898361206,0.0
1992,4,10,9,0,0,1.81547617912,0.0
1992,4,11,9,0,0,2.46739029884,0.0
1992,4,12,9,0,0,2.35197401047,0.0
1992,4,13,9,0,0,1.50197315216,0.0
1992,4,14,9,0,0,2.13613057137,0.0
1992,4,15,9,0,0,2.12870597839,0.0
1992,4,16,9,0,0,2.00710320473,0.0
1992,4,17,9,0,0,1.39794421196,0.0
1992,4,18,9,0,0,1.65570282936,0.0
1992,4,19,9,0,0,2.16676950455,0.0
1992,4,20,9,0,0,1.98025906086,0.0
1992,4,21,9,0,0,2.28592848778,0.0
1992,4,22,9,0,0,1.67640435696,0.0
1992,4,23,9,0,0,0.706588327885,0.0
1992,4,24,9,0,0,1.63524365425,0.0
1992,4,25,9,0,0,0.614310383797,0.0
1992,4,26,9,0,0,0.134438589215,11.8999996185
1992,4,27,9,0,0,1.62395393848,2.0
1992,4,28,9,0,0,1.69480907917,0.0
1992,4,29,9,0,0,1.45846319199,0.0
1992,4,30,9,0,0,0.959094464779,0.0
1992,5,1,9,0,0,0.925530314445,2.0
1992,5,2,9,0,0,1.05078220367,0.0
1992,5,3,9,0,0,1.86621999741,0.0
1992,5,4,9,0,0,1.65689897537,0.0
1992,5,5,9,0,0,1.32597315311,0.0
1992,5,6,9,0,0,1.27135837078,5.80000019073
1992,5,7,9,0,0,1.0907791853,0.0
1992,5,8,9,0,0,1.58593928814,0.0
1992,5,9,9,0,0,1.70374977589,0.0
1992,5,10,9,0,0,1.75965750217,0.0
1992,5,11,9,0,0,1.55371069908,5.0
1992,5,12,9,0,0,1.61835122108,0.0
1992,5,13,9,0,0,1.17838406563,0.0
1992,5,14,9,0,0,0.263668864965,28.5
1992,5,15,9,0,0,1.23908948898,3.79999995232
1992,5,16,9,0,0,1.09303164482,3.79999995232
1992,5,17,9,0,0,1.18745577335,2.09999990463
1992,5,18,9,0,0,0.96642023325,3.09999990463
1992,5,19,9,0,0,0.871264338493,8.69999980927
1992,5,20,9,0,0,0.919829905033,7.30000019073
1992,5,21,9,0,0,0.653674781322,10.1999998093
1992,5,22,9,0,0,1.21258354187,0.0
1992,5,23,9,0,0,1.09758400917,0.0
1992,5,24,9,0,0,1.28353261948,0.0
1992,5,25,9,0,0,1.07853269577,0.0
1992,5,26,9,0,0,0.679925918579,0.0
1992,5,27,9,0,0,0.937768816948,0.0
1992,5,28,9,0,0,0.891509056091,0.0
1992,5,29,9,0,0,1.20010852814,0.0
1992,5,30,9,0,0,1.14606130123,0.0
1992,5,31,9,0,0,1.09955430031,0.0
1992,6,1,9,0,0,0.716051340103,0.0
1992,6,2,9,0,0,0.983371794224,0.0
1992,6,3,9,0,0,1.08173012733,0.0
1992,6,4,9,0,0,0.846706628799,0.0
1992,6,5,9,0,0,1.14270663261,0.0
1992,6,6,9,0,0,0.886774003506,0.0
1992,6,7,9,0,0,0.75826561451,2.59999990463
1992,6,8,9,0,0,0.384470492601,0.0
1992,6,9,9,0,0,0.792019128799,20.1000003815
1992,6,10,9,0,0,0.557462692261,11.1000003815
1992,6,11,9,0,0,1.09521973133,3.20000004768
1992,6,12,9,0,0,0.235377326608,21.2999992371
1992,6,13,9,0,0,0.512699186802,22.2000007629
1992,6,14,9,0,0,0.479362517595,9.80000019073
1992,6,15,9,0,0,0.516682803631,16.2000007629
1992,6,16,9,0,0,0.608884990215,13.8999996185
1992,6,17,9,0,0,0.75711119175,14.5
1992,6,18,9,0,0,0.596129953861,9.39999961853
1992,6,19,9,0,0,0.360354810953,0.0
1992,6,20,9,0,0,0.934731423855,0.0
1992,6,21,9,0,0,0.919683218002,0.0
1992,6,22,9,0,0,0.801062464714,0.0
1992,6,23,9,0,0,1.05368638039,0.0
1992,6,24,9,0,0,1.03461444378,0.0
1992,6,25,9,0,0,1.0023342371,0.0
1992,6,26,9,0,0,0.792378008366,0.0
1992,6,27,9,0,0,0.842009246349,0.0
1992,6,28,9,0,0,0.935098171234,0.0
1992,6,29,9,0,0,1.00060403347,0.0
1992,6,30,9,0,0,0.692353546619,0.0
1992,7,1,9,0,0,0.476921379566,0.0
1992,7,2,9,0,0,0.617405593395,25.3999996185
1992,7,3,9,0,0,0.860663473606,4.90000009537
1992,7,4,9,0,0,0.989751338959,2.20000004768
1992,7,5,9,0,0,0.512039899826,21.5
1992,7,6,9,0,0,0.878234982491,13.1000003815
1992,7,7,9,0,0,0.323486059904,41.0999984741
1992,7,8,9,0,0,0.433131784201,3.70000004768
1992,7,9,9,0,0,1.14545202255,0.0
1992,7,10,9,0,0,1.15110778809,0.0
1992,7,11,9,0,0,1.07371997833,0.0
1992,7,12,9,0,0,0.713747918606,0.0
1992,7,13,9,0,0,1.16423809528,0.0
1992,7,14,9,0,0,1.18119764328,0.0
1992,7,15,9,0,0,1.24050533772,0.0
1992,7,16,9,0,0,0.970686614513,0.0
1992,7,17,9,0,0,1.10389864445,0.0
1992,7,18,9,0,0,1.28878748417,0.0
1992,7,19,9,0,0,0.727937161922,25.2000007629
1992,7,20,9,0,0,0.960559546947,0.0
1992,7,21,9,0,0,1.34443116188,0.0
1992,7,22,9,0,0,1.15970635414,0.0
1992,7,23,9,0,0,1.13351821899,11.3999996185
1992,7,24,9,0,0,0.880598127842,13.3000001907
1992,7,25,9,0,0,0.916675329208,15.8999996185
1992,7,26,9,0,0,0.749493658543,4.5
1992,7,27,9,0,0,0.793704032898,7.59999990463
1992,7,28,9,0,0,0.466596901417,11.8999996185
1992,7,29,9,0,0,0.294112831354,27.1000003815
1992,7,30,9,0,0,0.723336815834,12.8000001907
1992,7,31,9,0,0,0.669797182083,5.5
1992,8,1,9,0,0,1.47278249264,0.0
1992,8,2,9,0,0,0.899801552296,17.7000007629
1992,8,3,9,0,0,1.00808942318,13.0
1992,8,4,9,0,0,0.704553425312,8.5
1992,8,5,9,0,0,1.18021070957,3.0
1992,8,6,9,0,0,1.03299236298,8.30000019073
1992,8,7,9,0,0,0.455812603235,13.8000001907
1992,8,8,9,0,0,0.356613069773,46.5
1992,8,9,9,0,0,0.946805000305,10.8000001907
1992,8,10,9,0,0,1.25386071205,12.6000003815
1992,8,11,9,0,0,1.40278661251,10.8000001907
1992,8,12,9,0,0,0.276921629906,8.30000019073
1992,8,13,9,0,0,1.54654717445,27.5
1992,8,14,9,0,0,0.627866148949,21.7999992371
1992,8,15,9,0,0,1.23146402836,7.09999990463
1992,8,16,9,0,0,1.61426734924,2.29999995232
1992,8,17,9,0,0,1.827480793,0.0
1992,8,18,9,0,0,1.37315535545,36.0
1992,8,19,9,0,0,0.264510571957,34.7999992371
1992,8,20,9,0,0,1.57492446899,10.1999998093
1992,8,21,9,0,0,1.50222671032,2.29999995232
1992,8,22,9,0,0,1.98360419273,0.0
1992,8,23,9,0,0,2.14358186722,0.0
1992,8,24,9,0,0,1.46740579605,0.0
1992,8,25,9,0,0,0.679960489273,43.2999992371
1992,8,26,9,0,0,0.244324296713,18.6000003815
1992,8,27,9,0,0,1.51725125313,0.0
1992,8,28,9,0,0,1.33206439018,0.0
1992,8,29,9,0,0,2.12760233879,0.0
1992,8,30,9,0,0,2.37425923347,0.0
1992,8,31,9,0,0,2.53668665886,2.09999990463
1992,9,1,9,0,0,0.95931237936,20.8999996185
1992,9,2,9,0,0,1.99084699154,0.0
1992,9,3,9,0,0,2.30760908127,0.0
1992,9,4,9,0,0,1.81680941582,2.5
1992,9,5,9,0,0,1.35238409042,3.29999995232
1992,9,6,9,0,0,1.09349298477,4.0
1992,9,7,9,0,0,2.19195532799,3.0
1992,9,8,9,0,0,1.80467903614,0.0
1992,9,9,9,0,0,2.08398842812,0.0
1992,9,10,9,0,0,1.67411577702,2.29999995232
1992,9,11,9,0,0,2.35021901131,0.0
1992,9,12,9,0,0,2.44051456451,0.0
1992,9,13,9,0,0,1.99414014816,0.0
1992,9,14,9,0,0,1.32815897465,0.0
1992,9,15,9,0,0,2.38051271439,0.0
1992,9,16,9,0,0,3.04123091698,0.0
1992,9,17,9,0,0,3.36431312561,0.0
1992,9,18,9,0,0,2.22934341431,0.0
1992,9,19,9,0,0,3.02799034119,0.0
1992,9,20,9,0,0,2.69251084328,0.0
1992,9,21,9,0,0,2.53884840012,3.20000004768
1992,9,22,9,0,0,2.14223790169,5.90000009537
1992,9,23,9,0,0,0.873956799507,4.5
1992,9,24,9,0,0,2.13030219078,0.0
1992,9,25,9,0,0,1.26908683777,18.1000003815
1992,9,26,9,0,0,2.86134576797,0.0
1992,9,27,9,0,0,3.67205953598,0.0
1992,9,28,9,0,0,3.35249376297,0.0
1992,9,29,9,0,0,3.37935972214,0.0
1992,9,30,9,0,0,3.66781449318,0.0
1992,10,1,9,0,0,1.71951699257,3.20000004768
1992,10,2,9,0,0,2.35727620125,0.0
1992,10,3,9,0,0,4.06565666199,0.0
1992,10,4,9,0,0,4.28703451157,0.0
1992,10,5,9,0,0,3.64710950851,0.0
1992,10,6,9,0,0,2.60632443428,0.0
1992,10,7,9,0,0,0.615934729576,19.3999996185
1992,10,8,9,0,0,0.983437359333,11.1000003815
1992,10,9,9,0,0,1.58839380741,0.0
1992,10,10,9,0,0,2.30668950081,6.59999990463
1992,10,11,9,0,0,1.65673220158,5.59999990463
1992,10,12,9,0,0,1.61899995804,4.69999980927
1992,10,13,9,0,0,1.88899385929,0.0
1992,10,14,9,0,0,3.70594453812,0.0
1992,10,15,9,0,0,2.800604105,0.0
1992,10,16,9,0,0,4.05524539948,0.0
1992,10,17,9,0,0,3.20614218712,0.0
1992,10,18,9,0,0,2.98916578293,0.0
1992,10,19,9,0,0,1.48820853233,5.5
1992,10,20,9,0,0,1.268689394,8.60000038147
1992,10,21,9,0,0,1.89786839485,6.5
1992,10,22,9,0,0,1.15999126434,9.30000019073
1992,10,23,9,0,0,1.63543462753,2.40000009537
1992,10,24,9,0,0,3.12961554527,0.0
1992,10,25,9,0,0,4.52917051315,2.5
1992,10,26,9,0,0,3.0838034153,2.79999995232
1992,10,27,9,0,0,3.24964475632,0.0
1992,10,28,9,0,0,3.75704145432,2.0
1992,10,29,9,0,0,3.72027254105,0.0
1992,10,30,9,0,0,3.3868689537,0.0
1992,10,31,9,0,0,3.94905424118,0.0
1992,11,1,9,0,0,4.56245708466,0.0
1992,11,2,9,0,0,3.2132332325,0.0
1992,11,3,9,0,0,2.90246796608,0.0
1992,11,4,9,0,0,1.57078325748,5.09999990463
1992,11,5,9,0,0,4.63699674606,0.0
1992,11,6,9,0,0,3.69909477234,0.0
1992,11,7,9,0,0,4.68651533127,0.0
1992,11,8,9,0,0,2.92709732056,0.0
1992,11,9,9,0,0,2.78615808487,0.0
1992,11,10,9,0,0,3.79224491119,0.0
1992,11,11,9,0,0,3.02553868294,0.0
1992,11,12,9,0,0,1.66514360905,5.90000009537
1992,11,13,9,0,0,1.32438457012,8.60000038147
1992,11,14,9,0,0,0.388096511364,50.7000007629
1992,11,15,9,0,0,3.57956814766,8.10000038147
1992,11,16,9,0,0,4.12970924377,9.0
1992,11,17,9,0,0,4.61737298965,6.5
1992,11,18,9,0,0,3.26165223122,0.0
1992,11,19,9,0,0,5.26656103134,0.0
1992,11,20,9,0,0,5.53757762909,0.0
1992,11,21,9,0,0,5.47353315353,0.0
1992,11,22,9,0,0,5.92452573776,0.0
1992,11,23,9,0,0,5.77134132385,0.0
1992,11,24,9,0,0,5.60281991959,0.0
1992,11,25,9,0,0,4.67972803116,0.0
1992,11,26,9,0,0,4.7342414856,3.5
1992,11,27,9,0,0,3.12280964851,0.0
1992,11,28,9,0,0,5.39891052246,0.0
1992,11,29,9,0,0,3.15709686279,4.19999980927
1992,11,30,9,0,0,4.89517450333,9.30000019073
1992,12,1,9,0,0,4.12790870667,5.40000009537
1992,12,2,9,0,0,1.38457727432,11.8000001907
1992,12,3,9,0,0,3.16963768005,0.0
1992,12,4,9,0,0,2.01264405251,11.6999998093
1992,12,5,9,0,0,3.4699177742,0.0
1992,12,6,9,0,0,6.01214885712,0.0
1992,12,7,9,0,0,2.64084482193,7.69999980927
1992,12,8,9,0,0,4.39916467667,0.0
1992,12,9,9,0,0,2.93304204941,13.3999996185
1992,12,10,9,0,0,2.76121687889,0.0
1992,12,11,9,0,0,3.38459730148,6.59999990463
1992,12,12,9,0,0,2.32768797874,2.0
1992,12,13,9,0,0,5.96485900879,0.0
1992,12,14,9,0,0,3.89303684235,0.0
1992,12,15,9,0,0,5.52262544632,0.0
1992,12,16,9,0,0,4.97833585739,0.0
1992,12,17,9,0,0,5.33629083633,13.6999998093
1992,12,18,9,0,0,4.97204351425,10.8999996185
1992,12,19,9,0,0,4.7163567543,0.0
1992,12,20,9,0,0,4.84093427658,0.0
1992,12,21,9,0,0,4.86760473251,0.0
1992,12,22,9,0,0,4.10935211182,0.0
1992,12,23,9,0,0,2.04908275604,7.5
1992,12,24,9,0,0,3.02159118652,5.5
1992,12,25,9,0,0,4.63467359543,5.59999990463
1992,12,26,9,0,0,1.07755804062,24.0
1992,12,27,9,0,0,4.68923377991,0.0
1992,12,28,9,0,0,6.63491153717,9.80000019073
1992,12,29,9,0,0,1.05775892735,42.5999984741
1992,12,30,9,0,0,2.50844478607,21.6000003815
1992,12,31,9,0,0,5.21538496017,0.0
1993,1,1,9,0,0,5.30336284637,0.0
1993,1,2,9,0,0,3.83335018158,2.5
1993,1,3,9,0,0,5.28160047531,3.20000004768
1993,1,4,9,0,0,4.08868551254,3.5
1993,1,5,9,0,0,1.70632219315,6.40000009537
1993,1,6,9,0,0,3.01023221016,5.19999980927
1993,1,7,9,0,0,2.09342122078,25.7000007629
1993,1,8,9,0,0,4.89677524567,2.59999990463
1993,1,9,9,0,0,4.69077444077,0.0
1993,1,10,9,0,0,2.00772047043,11.8999996185
1993,1,11,9,0,0,5.35927915573,0.0
1993,1,12,9,0,0,3.62842154503,16.2000007629
1993,1,13,9,0,0,4.21575927734,2.20000004768
1993,1,14,9,0,0,5.21582078934,0.0
1993,1,15,9,0,0,1.63638687134,2.09999990463
1993,1,16,9,0,0,5.56733322144,0.0
1993,1,17,9,0,0,5.2190823555,0.0
1993,1,18,9,0,0,0.876410186291,45.0
1993,1,19,9,0,0,5.85589313507,0.0
1993,1,20,9,0,0,5.80394506454,0.0
1993,1,21,9,0,0,3.15467166901,23.7999992371
1993,1,22,9,0,0,3.78552341461,0.0
1993,1,23,9,0,0,5.29513120651,0.0
1993,1,24,9,0,0,5.09857606888,0.0
1993,1,25,9,0,0,1.00480127335,34.2000007629
1993,1,26,9,0,0,4.32555866241,4.09999990463
1993,1,27,9,0,0,4.73749351501,0.0
1993,1,28,9,0,0,4.14476251602,0.0
1993,1,29,9,0,0,5.09080648422,0.0
1993,1,30,9,0,0,2.78090548515,3.0
1993,1,31,9,0,0,4.1554608345,3.20000004768
1993,2,1,9,0,0,1.59006512165,18.7999992371
1993,2,2,9,0,0,4.17788076401,0.0
1993,2,3,9,0,0,4.25501775742,0.0
1993,2,4,9,0,0,1.25570619106,16.2000007629
1993,2,5,9,0,0,2.96761393547,0.0
1993,2,6,9,0,0,4.70406103134,0.0
1993,2,7,9,0,0,5.10552024841,0.0
1993,2,8,9,0,0,4.77295780182,0.0
1993,2,9,9,0,0,4.5485367775,0.0
1993,2,10,9,0,0,2.16063690186,6.5
1993,2,11,9,0,0,2.42243456841,8.60000038147
1993,2,12,9,0,0,4.96969509125,0.0
1993,2,13,9,0,0,3.0028386116,0.0
1993,2,14,9,0,0,2.47952389717,0.0
1993,2,15,9,0,0,4.28082275391,0.0
1993,2,16,9,0,0,4.03681182861,0.0
1993,2,17,9,0,0,4.64081716537,0.0
1993,2,18,9,0,0,4.80203008652,0.0
1993,2,19,9,0,0,4.32732248306,2.40000009537
1993,2,20,9,0,0,1.56548166275,3.79999995232
1993,2,21,9,0,0,2.64998841286,3.90000009537
1993,2,22,9,0,0,3.37896585464,0.0
1993,2,23,9,0,0,4.71019363403,2.29999995232
1993,2,24,9,0,0,2.99259305,0.0
1993,2,25,9,0,0,1.79871344566,2.29999995232
1993,2,26,9,0,0,4.1932721138,0.0
1993,2,27,9,0,0,4.35595846176,0.0
1993,2,28,9,0,0,4.17555952072,0.0
1993,3,1,9,0,0,2.20017647743,0.0
1993,3,2,9,0,0,1.34437680244,15.1000003815
1993,3,3,9,0,0,0.890104711056,18.0
1993,3,4,9,0,0,3.93164634705,3.20000004768
1993,3,5,9,0,0,2.22884821892,4.5
1993,3,6,9,0,0,2.78450489044,0.0
1993,3,7,9,0,0,2.30447030067,0.0
1993,3,8,9,0,0,3.77744555473,0.0
1993,3,9,9,0,0,3.37912750244,0.0
1993,3,10,9,0,0,3.51804089546,0.0
1993,3,11,9,0,0,2.65763640404,10.5
1993,3,12,9,0,0,3.3162150383,0.0
1993,3,13,9,0,0,3.74825716019,0.0
1993,3,14,9,0,0,3.35757279396,0.0
1993,3,15,9,0,0,3.06749677658,0.0
1993,3,16,9,0,0,3.57104301453,0.0
1993,3,17,9,0,0,2.25638794899,4.80000019073
1993,3,18,9,0,0,3.47573947906,0.0
1993,3,19,9,0,0,3.91354680061,0.0
1993,3,20,9,0,0,3.0821955204,0.0
1993,3,21,9,0,0,1.81250333786,4.80000019073
1993,3,22,9,0,0,3.15985512733,0.0
1993,3,23,9,0,0,3.136957407,0.0
1993,3,24,9,0,0,3.33507156372,0.0
1993,3,25,9,0,0,1.33194005489,2.40000009537
1993,3,26,9,0,0,2.10382223129,2.70000004768
1993,3,27,9,0,0,2.54557061195,0.0
1993,3,28,9,0,0,3.22497868538,0.0
1993,3,29,9,0,0,3.00878572464,8.10000038147
1993,3,30,9,0,0,0.741548955441,17.7999992371
1993,3,31,9,0,0,2.03448534012,2.5
1993,4,1,9,0,0,2.31907010078,0.0
1993,4,2,9,0,0,3.15778756142,0.0
1993,4,3,9,0,0,1.67287611961,4.80000019073
1993,4,4,9,0,0,0.582420527935,14.5
1993,4,5,9,0,0,2.15600705147,4.19999980927
1993,4,6,9,0,0,1.95402860641,3.09999990463
1993,4,7,9,0,0,1.13509726524,14.3999996185
1993,4,8,9,0,0,2.12514615059,23.8999996185
1993,4,9,9,0,0,1.69150102139,10.6000003815
1993,4,10,9,0,0,2.0045940876,0.0
1993,4,11,9,0,0,2.52191090584,0.0
1993,4,12,9,0,0,2.5208003521,0.0
1993,4,13,9,0,0,1.03623306751,8.89999961853
1993,4,14,9,0,0,2.52749705315,0.0
1993,4,15,9,0,0,2.40385913849,0.0
1993,4,16,9,0,0,2.15730428696,2.29999995232
1993,4,17,9,0,0,2.07653093338,0.0
1993,4,18,9,0,0,1.92197751999,0.0
1993,4,19,9,0,0,2.03866791725,0.0
1993,4,20,9,0,0,0.587349951267,7.69999980927
1993,4,21,9,0,0,1.74302911758,2.09999990463
1993,4,22,9,0,0,2.12445998192,0.0
1993,4,23,9,0,0,2.24077606201,0.0
1993,4,24,9,0,0,1.94783270359,0.0
1993,4,25,9,0,0,0.928270876408,0.0
1993,4,26,9,0,0,1.68390071392,0.0
1993,4,27,9,0,0,0.992502987385,0.0
1993,4,28,9,0,0,1.21347796917,6.80000019073
1993,4,29,9,0,0,1.11022830009,0.0
1993,4,30,9,0,0,1.86740911007,0.0
1993,5,1,9,0,0,2.00804448128,0.0
1993,5,2,9,0,0,1.95900607109,0.0
1993,5,3,9,0,0,1.55043578148,0.0
1993,5,4,9,0,0,0.782477796078,14.1000003815
1993,5,5,9,0,0,1.74671185017,4.0
1993,5,6,9,0,0,1.29952192307,2.5
1993,5,7,9,0,0,1.06176066399,4.40000009537
1993,5,8,9,0,0,0.901798129082,5.09999990463
1993,5,9,9,0,0,0.475929379463,10.0
1993,5,10,9,0,0,1.42584657669,4.90000009537
1993,5,11,9,0,0,0.360572487116,21.0
1993,5,12,9,0,0,0.97697031498,2.59999990463
1993,5,13,9,0,0,1.53815472126,0.0
1993,5,14,9,0,0,1.13229227066,14.0
1993,5,15,9,0,0,0.121413901448,21.7999992371
1993,5,16,9,0,0,0.687683820724,7.69999980927
1993,5,17,9,0,0,0.458750933409,0.0
1993,5,18,9,0,0,1.67371833324,8.69999980927
1993,5,19,9,0,0,1.14514327049,19.5
1993,5,20,9,0,0,0.952843010426,0.0
1993,5,21,9,0,0,1.08097231388,0.0
1993,5,22,9,0,0,1.61483860016,0.0
1993,5,23,9,0,0,1.3444160223,0.0
1993,5,24,9,0,0,0.938711762428,0.0
1993,5,25,9,0,0,0.439661026001,20.2000007629
1993,5,26,9,0,0,0.355357080698,7.69999980927
1993,5,27,9,0,0,0.761130452156,3.59999990463
1993,5,28,9,0,0,1.10895597935,4.5
1993,5,29,9,0,0,0.721835255623,2.40000009537
1993,5,30,9,0,0,0.656596362591,0.0
1993,5,31,9,0,0,0.967486441135,2.0
1993,6,1,9,0,0,0.214429110289,13.8000001907
1993,6,2,9,0,0,0.58836877346,0.0
1993,6,3,9,0,0,0.605163991451,2.20000004768
1993,6,4,9,0,0,0.275570005178,20.2999992371
1993,6,5,9,0,0,0.598429501057,2.90000009537
1993,6,6,9,0,0,0.609346330166,7.80000019073
1993,6,7,9,0,0,0.944121301174,7.80000019073
1993,6,8,9,0,0,0.505123436451,21.7999992371
1993,6,9,9,0,0,0.99810051918,4.5
1993,6,10,9,0,0,0.99686396122,2.29999995232
1993,6,11,9,0,0,0.353039562702,31.7999992371
1993,6,12,9,0,0,0.159912362695,79.0
1993,6,13,9,0,0,0.540235996246,14.3999996185
1993,6,14,9,0,0,0.395379990339,11.1999998093
1993,6,15,9,0,0,0.645813286304,9.69999980927
1993,6,16,9,0,0,0.840254366398,4.0
1993,6,17,9,0,0,0.865394771099,0.0
1993,6,18,9,0,0,0.82151478529,0.0
1993,6,19,9,0,0,0.280219197273,21.1000003815
1993,6,20,9,0,0,0.37838062644,4.80000019073
1993,6,21,9,0,0,1.17947459221,8.5
1993,6,22,9,0,0,1.19496047497,3.5
1993,6,23,9,0,0,1.21284532547,12.1000003815
1993,6,24,9,0,0,0.895820319653,14.3999996185
1993,6,25,9,0,0,0.709255516529,2.40000009537
1993,6,26,9,0,0,1.00801491737,0.0
1993,6,27,9,0,0,0.805261552334,6.59999990463
1993,6,28,9,0,0,1.40010678768,0.0
1993,6,29,9,0,0,1.00023889542,0.0
1993,6,30,9,0,0,1.06152069569,0.0
1993,7,1,9,0,0,1.17954730988,0.0
1993,7,2,9,0,0,0.721828937531,0.0
1993,7,3,9,0,0,0.921685814857,0.0
1993,7,4,9,0,0,0.86128872633,3.29999995232
1993,7,5,9,0,0,0.858045876026,3.79999995232
1993,7,6,9,0,0,1.1187813282,0.0
1993,7,7,9,0,0,1.06893014908,0.0
1993,7,8,9,0,0,1.12634336948,0.0
1993,7,9,9,0,0,1.04064965248,0.0
1993,7,10,9,0,0,1.18192303181,0.0
1993,7,11,9,0,0,1.08390700817,0.0
1993,7,12,9,0,0,1.29065835476,0.0
1993,7,13,9,0,0,1.13940167427,0.0
1993,7,14,9,0,0,1.02299809456,0.0
1993,7,15,9,0,0,1.09757804871,0.0
1993,7,16,9,0,0,0.792934834957,0.0
1993,7,17,9,0,0,1.04478514194,0.0
1993,7,18,9,0,0,0.909769713879,0.0
1993,7,19,9,0,0,0.354796588421,7.19999980927
1993,7,20,9,0,0,1.09744012356,0.0
1993,7,21,9,0,0,0.870397925377,4.5
1993,7,22,9,0,0,1.14457476139,5.19999980927
1993,7,23,9,0,0,0.632274270058,12.3000001907
1993,7,24,9,0,0,1.21044921875,0.0
1993,7,25,9,0,0,1.38865637779,0.0
1993,7,26,9,0,0,0.357494801283,16.5
1993,7,27,9,0,0,0.564652264118,5.19999980927
1993,7,28,9,0,0,1.13590192795,0.0
1993,7,29,9,0,0,0.857368767262,0.0
1993,7,30,9,0,0,1.59617555141,0.0
1993,7,31,9,0,0,1.48309648037,0.0
1993,8,1,9,0,0,1.08842039108,5.80000019073
1993,8,2,9,0,0,0.57092320919,16.8999996185
1993,8,3,9,0,0,0.935219049454,2.40000009537
1993,8,4,9,0,0,1.43385004997,0.0
1993,8,5,9,0,0,1.19660210609,0.0
1993,8,6,9,0,0,1.64357697964,0.0
1993,8,7,9,0,0,1.5778311491,0.0
1993,8,8,9,0,0,1.80104005337,0.0
1993,8,9,9,0,0,1.76019763947,0.0
1993,8,10,9,0,0,1.27265393734,0.0
1993,8,11,9,0,0,1.56934165955,0.0
1993,8,12,9,0,0,1.6261087656,0.0
1993,8,13,9,0,0,1.81446158886,0.0
1993,8,14,9,0,0,1.11713707447,18.5
1993,8,15,9,0,0,1.61537957191,0.0
1993,8,16,9,0,0,1.97027444839,0.0
1993,8,17,9,0,0,0.658984959126,5.40000009537
1993,8,18,9,0,0,1.4959346056,3.20000004768
1993,8,19,9,0,0,2.06769275665,2.20000004768
1993,8,20,9,0,0,1.18306720257,3.5
1993,8,21,9,0,0,1.29672420025,13.3999996185
1993,8,22,9,0,0,1.79758739471,3.09999990463
1993,8,23,9,0,0,1.51703333855,0.0
1993,8,24,9,0,0,1.47670161724,0.0
1993,8,25,9,0,0,1.96701061726,0.0
1993,8,26,9,0,0,1.48097741604,0.0
1993,8,27,9,0,0,0.328928679228,7.09999990463
1993,8,28,9,0,0,2.17294931412,0.0
1993,8,29,9,0,0,2.36723136902,0.0
1993,8,30,9,0,0,2.38924074173,0.0
1993,8,31,9,0,0,1.85825788975,0.0
1993,9,1,9,0,0,1.77078533173,0.0
1993,9,2,9,0,0,1.77234172821,0.0
1993,9,3,9,0,0,0.888781189919,24.8999996185
1993,9,4,9,0,0,1.46735286713,2.5
1993,9,5,9,0,0,2.51069617271,0.0
1993,9,6,9,0,0,2.72680711746,0.0
1993,9,7,9,0,0,2.78532457352,0.0
1993,9,8,9,0,0,2.69690060616,0.0
1993,9,9,9,0,0,2.40671300888,0.0
1993,9,10,9,0,0,1.37707054615,0.0
1993,9,11,9,0,0,1.17229831219,24.1000003815
1993,9,12,9,0,0,1.64544212818,15.6999998093
1993,9,13,9,0,0,1.8488701582,8.39999961853
1993,9,14,9,0,0,2.32468748093,0.0
1993,9,15,9,0,0,1.78389465809,3.20000004768
1993,9,16,9,0,0,2.59980297089,0.0
1993,9,17,9,0,0,2.68900489807,0.0
1993,9,18,9,0,0,2.02550005913,0.0
1993,9,19,9,0,0,3.25025057793,0.0
1993,9,20,9,0,0,3.38514995575,2.59999990463
1993,9,21,9,0,0,0.887640953064,42.5999984741
1993,9,22,9,0,0,1.47511708736,11.1999998093
1993,9,23,9,0,0,2.32622385025,4.5
1993,9,24,9,0,0,1.50806462765,0.0
1993,9,25,9,0,0,1.75929236412,2.0
1993,9,26,9,0,0,2.36461520195,4.80000019073
1993,9,27,9,0,0,2.91325855255,0.0
1993,9,28,9,0,0,2.80383133888,0.0
1993,9,29,9,0,0,3.22638130188,0.0
1993,9,30,9,0,0,2.49684476852,0.0
1993,10,1,9,0,0,3.16650104523,0.0
1993,10,2,9,0,0,3.74184441566,0.0
1993,10,3,9,0,0,1.49824416637,3.0
1993,10,4,9,0,0,0.988221466541,5.5
1993,10,5,9,0,0,0.576044201851,22.5
1993,10,6,9,0,0,0.904987931252,14.6000003815
1993,10,7,9,0,0,1.82126533985,2.59999990463
1993,10,8,9,0,0,3.47247838974,0.0
1993,10,9,9,0,0,3.40431475639,0.0
1993,10,10,9,0,0,2.04912471771,27.7000007629
1993,10,11,9,0,0,3.11862635612,7.19999980927
1993,10,12,9,0,0,2.92308568954,4.5
1993,10,13,9,0,0,3.18830060959,13.5
1993,10,14,9,0,0,2.33004784584,4.5
1993,10,15,9,0,0,3.02439856529,2.40000009537
1993,10,16,9,0,0,3.57330036163,0.0
1993,10,17,9,0,0,3.91218042374,0.0
1993,10,18,9,0,0,2.44687509537,8.19999980927
1993,10,19,9,0,0,1.55035221577,29.2999992371
1993,10,20,9,0,0,2.7825114727,15.5
1993,10,21,9,0,0,1.2445949316,19.1000003815
1993,10,22,9,0,0,3.44060873985,12.3999996185
1993,10,23,9,0,0,2.80881381035,6.40000009537
1993,10,24,9,0,0,4.28420305252,0.0
1993,10,25,9,0,0,3.08107185364,0.0
1993,10,26,9,0,0,3.61960864067,0.0
1993,10,27,9,0,0,3.86837077141,0.0
1993,10,28,9,0,0,4.89350891113,0.0
1993,10,29,9,0,0,5.15119743347,0.0
1993,10,30,9,0,0,2.18878412247,4.0
1993,10,31,9,0,0,1.84326589108,4.40000009537
1993,11,1,9,0,0,2.27804470062,0.0
1993,11,2,9,0,0,4.50027608871,0.0
1993,11,3,9,0,0,4.38546848297,0.0
1993,11,4,9,0,0,3.68094468117,0.0
1993,11,5,9,0,0,2.96451401711,0.0
1993,11,6,9,0,0,2.51516890526,11.3000001907
1993,11,7,9,0,0,1.51616454124,2.29999995232
1993,11,8,9,0,0,2.19808030128,6.0
1993,11,9,9,0,0,4.02557039261,2.40000009537
1993,11,10,9,0,0,1.43960464001,10.8999996185
1993,11,11,9,0,0,4.37161779404,2.40000009537
1993,11,12,9,0,0,4.86171913147,0.0
1993,11,13,9,0,0,5.04175138474,0.0
1993,11,14,9,0,0,4.76366376877,0.0
1993,11,15,9,0,0,2.46154975891,0.0
1993,11,16,9,0,0,5.07469511032,0.0
1993,11,17,9,0,0,4.41217660904,0.0
1993,11,18,9,0,0,4.90624141693,0.0
1993,11,19,9,0,0,2.73306083679,16.5
1993,11,20,9,0,0,0.700511455536,10.5
1993,11,21,9,0,0,1.27074062824,2.5
1993,11,22,9,0,0,4.06698989868,4.30000019073
1993,11,23,9,0,0,3.14561605453,7.30000019073
1993,11,24,9,0,0,3.88261294365,3.0
1993,11,25,9,0,0,2.77889418602,3.70000004768
1993,11,26,9,0,0,4.20189332962,0.0
1993,11,27,9,0,0,5.64490270615,0.0
1993,11,28,9,0,0,4.20524644852,11.3999996185
1993,11,29,9,0,0,3.857006073,4.0
1993,11,30,9,0,0,3.52053904533,4.90000009537
1993,12,1,9,0,0,4.29112005234,3.70000004768
1993,12,2,9,0,0,0.505520701408,38.0999984741
1993,12,3,9,0,0,3.5504899025,0.0
1993,12,4,9,0,0,3.98586916924,2.09999990463
1993,12,5,9,0,0,1.20567440987,27.2000007629
1993,12,6,9,0,0,3.02574467659,2.59999990463
1993,12,7,9,0,0,2.7345662117,0.0
1993,12,8,9,0,0,4.41634225845,5.80000019073
1993,12,9,9,0,0,4.87035989761,0.0
1993,12,10,9,0,0,4.10064935684,0.0
1993,12,11,9,0,0,4.357878685,0.0
1993,12,12,9,0,0,5.70088672638,0.0
1993,12,13,9,0,0,6.1236243248,0.0
1993,12,14,9,0,0,2.43146896362,5.69999980927
1993,12,15,9,0,0,4.84380435944,0.0
1993,12,16,9,0,0,3.56873631477,2.20000004768
1993,12,17,9,0,0,3.20819807053,6.69999980927
1993,12,18,9,0,0,2.46308350563,5.09999990463
1993,12,19,9,0,0,4.3422460556,6.5
1993,12,20,9,0,0,2.66076803207,15.3000001907
1993,12,21,9,0,0,3.45057296753,8.39999961853
1993,12,22,9,0,0,5.36567401886,11.8000001907
1993,12,23,9,0,0,3.70234942436,0.0
1993,12,24,9,0,0,6.60005903244,0.0
1993,12,25,9,0,0,6.05615520477,0.0
1993,12,26,9,0,0,5.36755609512,0.0
1993,12,27,9,0,0,2.85030007362,3.20000004768
1993,12,28,9,0,0,2.74975180626,3.5
1993,12,29,9,0,0,1.74361300468,5.80000019073
1993,12,30,9,0,0,2.70313191414,4.0
1993,12,31,9,0,0,2.22922897339,11.6999998093
1994,1,1,9,0,0,3.97706842422,11.1000003815
1994,1,2,9,0,0,4.01734924316,10.6000003815
1994,1,3,9,0,0,3.22775936127,33.5999984741
1994,1,4,9,0,0,0.521329283714,84.5999984741
1994,1,5,9,0,0,4.08664417267,5.5
1994,1,6,9,0,0,6.06123399734,26.7000007629
1994,1,7,9,0,0,0.562501728535,21.8999996185
1994,1,8,9,0,0,0.950569748878,2.5
1994,1,9,9,0,0,1.18666219711,43.0999984741
1994,1,10,9,0,0,6.17509222031,0.0
1994,1,11,9,0,0,5.94834327698,0.0
1994,1,12,9,0,0,5.50302505493,0.0
1994,1,13,9,0,0,5.74373531342,0.0
1994,1,14,9,0,0,5.63275146484,0.0
1994,1,15,9,0,0,2.02923417091,11.8000001907
1994,1,16,9,0,0,4.33952331543,0.0
1994,1,17,9,0,0,5.09776639938,0.0
1994,1,18,9,0,0,1.22932469845,27.7000007629
1994,1,19,9,0,0,1.15647625923,7.40000009537
1994,1,20,9,0,0,4.17967653275,4.69999980927
1994,1,21,9,0,0,1.47301280499,5.30000019073
1994,1,22,9,0,0,0.996564209461,7.69999980927
1994,1,23,9,0,0,0.739504158497,5.19999980927
1994,1,24,9,0,0,3.58568835258,0.0
1994,1,25,9,0,0,5.37949228287,0.0
1994,1,26,9,0,0,5.17862892151,0.0
1994,1,27,9,0,0,5.81526517868,0.0
1994,1,28,9,0,0,2.96778845787,0.0
1994,1,29,9,0,0,3.91094088554,0.0
1994,1,30,9,0,0,5.32715463638,0.0
1994,1,31,9,0,0,5.00284528732,0.0
1994,2,1,9,0,0,5.35176324844,0.0
1994,2,2,9,0,0,4.73117876053,0.0
1994,2,3,9,0,0,4.42896461487,6.5
1994,2,4,9,0,0,3.42366075516,5.5
1994,2,5,9,0,0,5.43560934067,0.0
1994,2,6,9,0,0,4.80545663834,0.0
1994,2,7,9,0,0,5.26506567001,0.0
1994,2,8,9,0,0,3.68736052513,0.0
1994,2,9,9,0,0,3.8210504055,0.0
1994,2,10,9,0,0,4.36489486694,0.0
1994,2,11,9,0,0,4.86632156372,0.0
1994,2,12,9,0,0,4.25971031189,0.0
1994,2,13,9,0,0,5.25766038895,0.0
1994,2,14,9,0,0,4.11539125443,0.0
1994,2,15,9,0,0,5.03412485123,0.0
1994,2,16,9,0,0,5.16525316238,0.0
1994,2,17,9,0,0,4.32830381393,0.0
1994,2,18,9,0,0,4.75707149506,4.40000009537
1994,2,19,9,0,0,2.94063878059,24.6000003815
1994,2,20,9,0,0,2.2134335041,2.5
1994,2,21,9,0,0,1.31199479103,17.8999996185
1994,2,22,9,0,0,2.51636457443,5.90000009537
1994,2,23,9,0,0,4.50581550598,0.0
1994,2,24,9,0,0,4.87724733353,0.0
1994,2,25,9,0,0,4.38415193558,0.0
1994,2,26,9,0,0,4.64974451065,0.0
1994,2,27,9,0,0,4.37627506256,0.0
1994,2,28,9,0,0,3.43586182594,0.0
1994,3,1,9,0,0,1.20883572102,17.0
1994,3,2,9,0,0,3.90824341774,0.0
1994,3,3,9,0,0,3.96245932579,0.0
1994,3,4,9,0,0,3.11239480972,6.19999980927
1994,3,5,9,0,0,3.72709035873,2.90000009537
1994,3,6,9,0,0,1.50376951694,9.10000038147
1994,3,7,9,0,0,1.64625871181,6.09999990463
1994,3,8,9,0,0,3.29125571251,0.0
1994,3,9,9,0,0,3.46045422554,0.0
1994,3,10,9,0,0,3.84980177879,0.0
1994,3,11,9,0,0,2.89382171631,0.0
1994,3,12,9,0,0,2.91851019859,0.0
1994,3,13,9,0,0,2.86017584801,0.0
1994,3,14,9,0,0,0.618174135685,21.1000003815
1994,3,15,9,0,0,2.30908918381,11.6000003815
1994,3,16,9,0,0,1.87727165222,16.5
1994,3,17,9,0,0,2.56953716278,3.20000004768
1994,3,18,9,0,0,1.53767621517,5.19999980927
1994,3,19,9,0,0,3.04010009766,0.0
1994,3,20,9,0,0,2.25439500809,0.0
1994,3,21,9,0,0,3.61739611626,0.0
1994,3,22,9,0,0,3.63051843643,0.0
1994,3,23,9,0,0,2.58535242081,0.0
1994,3,24,9,0,0,3.09421443939,0.0
1994,3,25,9,0,0,3.34997916222,0.0
1994,3,26,9,0,0,3.2518901825,0.0
1994,3,27,9,0,0,3.18111753464,0.0
1994,3,28,9,0,0,2.46462869644,0.0
1994,3,29,9,0,0,2.88253569603,0.0
1994,3,30,9,0,0,2.88742518425,0.0
1994,3,31,9,0,0,3.03413915634,0.0
1994,4,1,9,0,0,2.45296049118,0.0
1994,4,2,9,0,0,1.92751657963,0.0
1994,4,3,9,0,0,0.970331430435,3.5
1994,4,4,9,0,0,2.48699879646,0.0
1994,4,5,9,0,0,2.73089528084,0.0
1994,4,6,9,0,0,1.81739580631,0.0
1994,4,7,9,0,0,2.76867032051,0.0
1994,4,8,9,0,0,1.58957910538,0.0
1994,4,9,9,0,0,1.2359495163,0.0
1994,4,10,9,0,0,2.47840929031,0.0
1994,4,11,9,0,0,2.88923096657,0.0
1994,4,12,9,0,0,1.26991117001,9.10000038147
1994,4,13,9,0,0,1.53281235695,6.5
1994,4,14,9,0,0,2.27745962143,0.0
1994,4,15,9,0,0,1.80801320076,0.0
1994,4,16,9,0,0,2.07386755943,0.0
1994,4,17,9,0,0,2.01482725143,0.0
1994,4,18,9,0,0,1.49688696861,0.0
1994,4,19,9,0,0,0.804916203022,11.1000003815
1994,4,20,9,0,0,1.06959033012,29.0
1994,4,21,9,0,0,0.698405265808,7.40000009537
1994,4,22,9,0,0,0.522518396378,14.1999998093
1994,4,23,9,0,0,0.912339806557,0.0
1994,4,24,9,0,0,0.807063996792,0.0
1994,4,25,9,0,0,0.768084704876,0.0
1994,4,26,9,0,0,1.05622172356,0.0
1994,4,27,9,0,0,0.742692351341,0.0
1994,4,28,9,0,0,0.536098718643,0.0
1994,4,29,9,0,0,0.883789181709,0.0
1994,4,30,9,0,0,0.945645928383,0.0
1994,5,1,9,0,0,0.884922325611,20.6000003815
1994,5,2,9,0,0,0.883554697037,8.0
1994,5,3,9,0,0,0.334139078856,18.6000003815
1994,5,4,9,0,0,1.99315547943,0.0
1994,5,5,9,0,0,1.85207223892,0.0
1994,5,6,9,0,0,1.73181092739,0.0
1994,5,7,9,0,0,1.75120353699,4.0
1994,5,8,9,0,0,0.982250213623,0.0
1994,5,9,9,0,0,1.95021402836,0.0
1994,5,10,9,0,0,1.17415785789,0.0
1994,5,11,9,0,0,0.871717751026,4.09999990463
1994,5,12,9,0,0,1.19275760651,0.0
1994,5,13,9,0,0,1.76018106937,0.0
1994,5,14,9,0,0,1.64464771748,0.0
1994,5,15,9,0,0,0.504726350307,24.7000007629
1994,5,16,9,0,0,0.968361377716,20.5
1994,5,17,9,0,0,0.685727238655,7.0
1994,5,18,9,0,0,1.01393508911,14.3000001907
1994,5,19,9,0,0,0.141075968742,33.0999984741
1994,5,20,9,0,0,0.537547826767,18.2999992371
1994,5,21,9,0,0,0.414741843939,15.6999998093
1994,5,22,9,0,0,1.06093883514,10.5
1994,5,23,9,0,0,0.462029486895,12.5
1994,5,24,9,0,0,0.574337542057,22.2000007629
1994,5,25,9,0,0,0.766032278538,6.30000019073
1994,5,26,9,0,0,0.293652653694,22.2000007629
1994,5,27,9,0,0,0.564236938953,31.6000003815
1994,5,28,9,0,0,0.372348964214,29.7000007629
1994,5,29,9,0,0,0.859111309052,12.5
1994,5,30,9,0,0,0.923596322536,2.5
1994,5,31,9,0,0,1.13852906227,0.0
1994,6,1,9,0,0,1.34987413883,0.0
1994,6,2,9,0,0,0.807434976101,0.0
1994,6,3,9,0,0,1.29698550701,0.0
1994,6,4,9,0,0,1.31111073494,0.0
1994,6,5,9,0,0,1.13088524342,0.0
1994,6,6,9,0,0,1.20619189739,0.0
1994,6,7,9,0,0,1.09947097301,2.5
1994,6,8,9,0,0,0.426057994366,5.19999980927
1994,6,9,9,0,0,0.921305596828,7.19999980927
1994,6,10,9,0,0,0.185730174184,30.2999992371
1994,6,11,9,0,0,0.424826800823,8.60000038147
1994,6,12,9,0,0,0.610744357109,0.0
1994,6,13,9,0,0,0.734299898148,0.0
1994,6,14,9,0,0,0.889540076256,0.0
1994,6,15,9,0,0,0.859166681767,5.90000009537
1994,6,16,9,0,0,0.565648496151,2.90000009537
1994,6,17,9,0,0,1.10772573948,0.0
1994,6,18,9,0,0,0.639912307262,23.7999992371
1994,6,19,9,0,0,0.839323341846,6.90000009537
1994,6,20,9,0,0,0.908344745636,17.2999992371
1994,6,21,9,0,0,0.295067161322,5.80000019073
1994,6,22,9,0,0,1.04831874371,0.0
1994,6,23,9,0,0,0.83717495203,2.29999995232
1994,6,24,9,0,0,0.50473934412,33.7000007629
1994,6,25,9,0,0,0.524696886539,21.0
1994,6,26,9,0,0,0.498057156801,18.2999992371
1994,6,27,9,0,0,0.458793640137,3.29999995232
1994,6,28,9,0,0,0.835791051388,0.0
1994,6,29,9,0,0,1.14126908779,0.0
1994,6,30,9,0,0,0.81832742691,12.3000001907
1994,7,1,9,0,0,0.483069658279,12.1000003815
1994,7,2,9,0,0,1.13750636578,0.0
1994,7,3,9,0,0,0.836207449436,0.0
1994,7,4,9,0,0,0.630241632462,9.80000019073
1994,7,5,9,0,0,0.376628160477,30.2999992371
1994,7,6,9,0,0,0.737984895706,10.6000003815
1994,7,7,9,0,0,0.762044131756,24.2000007629
1994,7,8,9,0,0,1.13166022301,3.70000004768
1994,7,9,9,0,0,1.47449743748,0.0
1994,7,10,9,0,0,0.693875968456,10.8999996185
1994,7,11,9,0,0,0.9484192729,6.30000019073
1994,7,12,9,0,0,1.37545108795,0.0
1994,7,13,9,0,0,1.51743960381,0.0
1994,7,14,9,0,0,1.56098854542,0.0
1994,7,15,9,0,0,1.01118838787,0.0
1994,7,16,9,0,0,0.592591941357,34.2000007629
1994,7,17,9,0,0,0.363550454378,4.09999990463
1994,7,18,9,0,0,0.606686770916,2.40000009537
1994,7,19,9,0,0,1.25337791443,4.40000009537
1994,7,20,9,0,0,0.909509778023,0.0
1994,7,21,9,0,0,0.616814553738,11.1999998093
1994,7,22,9,0,0,0.744076907635,3.59999990463
1994,7,23,9,0,0,0.449617892504,0.0
1994,7,24,9,0,0,1.65267300606,0.0
1994,7,25,9,0,0,0.591193199158,0.0
1994,7,26,9,0,0,0.513984441757,0.0
1994,7,27,9,0,0,1.26129412651,6.5
1994,7,28,9,0,0,0.885298192501,2.0
1994,7,29,9,0,0,0.990225732327,0.0
1994,7,30,9,0,0,1.16669678688,0.0
1994,7,31,9,0,0,1.18455040455,8.5
1994,8,1,9,0,0,0.873443067074,23.1000003815
1994,8,2,9,0,0,1.3080906868,4.40000009537
1994,8,3,9,0,0,0.404492110014,9.80000019073
1994,8,4,9,0,0,0.759604215622,6.09999990463
1994,8,5,9,0,0,0.723716557026,5.80000019073
1994,8,6,9,0,0,1.63348782063,0.0
1994,8,7,9,0,0,1.13557648659,12.1000003815
1994,8,8,9,0,0,0.788244664669,22.3999996185
1994,8,9,9,0,0,0.694668114185,9.0
1994,8,10,9,0,0,1.54213953018,0.0
1994,8,11,9,0,0,1.68504011631,0.0
1994,8,12,9,0,0,1.40408396721,0.0
1994,8,13,9,0,0,1.10834133625,23.3999996185
1994,8,14,9,0,0,0.428576052189,22.8999996185
1994,8,15,9,0,0,1.30059146881,17.1000003815
1994,8,16,9,0,0,1.77702593803,0.0
1994,8,17,9,0,0,1.72901761532,7.80000019073
1994,8,18,9,0,0,1.36207044125,3.79999995232
1994,8,19,9,0,0,1.6888487339,0.0
1994,8,20,9,0,0,1.7398160696,0.0
1994,8,21,9,0,0,2.02985525131,0.0
1994,8,22,9,0,0,1.86313819885,0.0
1994,8,23,9,0,0,1.47513365746,3.79999995232
1994,8,24,9,0,0,0.897411882877,3.79999995232
1994,8,25,9,0,0,1.40166699886,2.20000004768
1994,8,26,9,0,0,1.83770763874,0.0
1994,8,27,9,0,0,2.06640005112,0.0
1994,8,28,9,0,0,1.55841445923,0.0
1994,8,29,9,0,0,0.880484580994,23.7999992371
1994,8,30,9,0,0,1.6920362711,10.8000001907
1994,8,31,9,0,0,1.42640340328,9.80000019073
1994,9,1,9,0,0,1.77302646637,12.8999996185
1994,9,2,9,0,0,1.57904517651,0.0
1994,9,3,9,0,0,2.28737020493,0.0
1994,9,4,9,0,0,1.38219189644,2.20000004768
1994,9,5,9,0,0,1.97625017166,0.0
1994,9,6,9,0,0,1.18602490425,48.9000015259
1994,9,7,9,0,0,1.29371130466,10.1000003815
1994,9,8,9,0,0,2.5675368309,3.29999995232
1994,9,9,9,0,0,2.5276017189,2.0
1994,9,10,9,0,0,2.39219927788,6.5
1994,9,11,9,0,0,2.85243701935,10.3000001907
1994,9,12,9,0,0,1.71911716461,0.0
1994,9,13,9,0,0,1.57715547085,4.09999990463
1994,9,14,9,0,0,1.14561653137,3.70000004768
1994,9,15,9,0,0,0.904688477516,3.90000009537
1994,9,16,9,0,0,1.05588793755,0.0
1994,9,17,9,0,0,1.32081353664,5.40000009537
1994,9,18,9,0,0,3.07498288155,0.0
1994,9,19,9,0,0,1.90283000469,10.8000001907
1994,9,20,9,0,0,0.578538298607,15.1000003815
1994,9,21,9,0,0,2.79426670074,22.5
1994,9,22,9,0,0,1.32553243637,8.39999961853
1994,9,23,9,0,0,2.95478463173,0.0
1994,9,24,9,0,0,2.64291572571,0.0
1994,9,25,9,0,0,1.1718338728,11.3999996185
1994,9,26,9,0,0,2.46992301941,4.19999980927
1994,9,27,9,0,0,2.44739103317,5.69999980927
1994,9,28,9,0,0,2.16496753693,15.8999996185
1994,9,29,9,0,0,0.993837654591,2.5
1994,9,30,9,0,0,3.4289457798,0.0
1994,10,1,9,0,0,2.93958330154,0.0
1994,10,2,9,0,0,4.40225028992,0.0
1994,10,3,9,0,0,2.96276926994,2.09999990463
1994,10,4,9,0,0,1.19243454933,6.19999980927
1994,10,5,9,0,0,1.9276214838,2.29999995232
1994,10,6,9,0,0,3.61673092842,0.0
1994,10,7,9,0,0,3.92741394043,0.0
1994,10,8,9,0,0,3.12645244598,4.5
1994,10,9,9,0,0,1.37349450588,8.5
1994,10,10,9,0,0,2.25304102898,4.69999980927
1994,10,11,9,0,0,1.66096222401,22.3999996185
1994,10,12,9,0,0,1.68298900127,8.10000038147
1994,10,13,9,0,0,2.88257002831,9.89999961853
1994,10,14,9,0,0,3.20872092247,0.0
1994,10,15,9,0,0,1.93196809292,0.0
1994,10,16,9,0,0,3.71629166603,0.0
1994,10,17,9,0,0,3.68993854523,2.0
1994,10,18,9,0,0,1.67432785034,0.0
1994,10,19,9,0,0,2.53115773201,9.10000038147
1994,10,20,9,0,0,3.69036459923,2.5
1994,10,21,9,0,0,3.38450670242,0.0
1994,10,22,9,0,0,4.02099561691,0.0
1994,10,23,9,0,0,4.60489702225,0.0
1994,10,24,9,0,0,3.11447644234,0.0
1994,10,25,9,0,0,4.8414478302,0.0
1994,10,26,9,0,0,4.54221343994,0.0
1994,10,27,9,0,0,2.55314254761,0.0
1994,10,28,9,0,0,4.4001083374,0.0
1994,10,29,9,0,0,1.16410195827,7.19999980927
1994,10,30,9,0,0,1.14446163177,31.2999992371
1994,10,31,9,0,0,3.83222484589,0.0
1994,11,1,9,0,0,4.38216304779,0.0
1994,11,2,9,0,0,5.034075737,0.0
1994,11,3,9,0,0,5.09155464172,0.0
1994,11,4,9,0,0,1.82766747475,2.5
1994,11,5,9,0,0,1.00012099743,41.0999984741
1994,11,6,9,0,0,0.692176997662,66.0
1994,11,7,9,0,0,0.673968136311,52.5
1994,11,8,9,0,0,3.84796977043,35.5
1994,11,9,9,0,0,2.88323974609,13.8999996185
1994,11,10,9,0,0,2.13405251503,11.6999998093
1994,11,11,9,0,0,4.81654453278,4.0
1994,11,12,9,0,0,1.48737764359,8.80000019073
1994,11,13,9,0,0,2.2528014183,38.0999984741
1994,11,14,9,0,0,1.09130191803,12.1999998093
1994,11,15,9,0,0,1.60320401192,10.1999998093
1994,11,16,9,0,0,4.57070159912,3.90000009537
1994,11,17,9,0,0,2.06627130508,0.0
1994,11,18,9,0,0,2.89190649986,10.8000001907
1994,11,19,9,0,0,4.90540885925,0.0
1994,11,20,9,0,0,3.45968914032,4.5
1994,11,21,9,0,0,0.537552118301,61.0999984741
1994,11,22,9,0,0,2.9299519062,3.20000004768
1994,11,23,9,0,0,3.43775510788,4.40000009537
1994,11,24,9,0,0,4.69772815704,0.0
1994,11,25,9,0,0,4.09163999557,0.0
1994,11,26,9,0,0,4.88023376465,0.0
1994,11,27,9,0,0,3.9012761116,0.0
1994,11,28,9,0,0,3.29489850998,0.0
1994,11,29,9,0,0,2.82525849342,0.0
1994,11,30,9,0,0,2.74903583527,0.0
1994,12,1,9,0,0,3.74576854706,0.0
1994,12,2,9,0,0,5.41540575027,0.0
1994,12,3,9,0,0,3.46677470207,0.0
1994,12,4,9,0,0,5.77356338501,0.0
1994,12,5,9,0,0,4.29751682281,0.0
1994,12,6,9,0,0,5.15217971802,0.0
1994,12,7,9,0,0,3.07652139664,0.0
1994,12,8,9,0,0,4.83836841583,0.0
1994,12,9,9,0,0,1.54122459888,17.7000007629
1994,12,10,9,0,0,5.47337293625,0.0
1994,12,11,9,0,0,6.15213727951,0.0
1994,12,12,9,0,0,5.58282899857,0.0
1994,12,13,9,0,0,5.10546445847,0.0
1994,12,14,9,0,0,6.24106216431,0.0
1994,12,15,9,0,0,4.11005496979,0.0
1994,12,16,9,0,0,6.06155490875,0.0
1994,12,17,9,0,0,5.6369934082,0.0
1994,12,18,9,0,0,4.04389238358,0.0
1994,12,19,9,0,0,3.63754439354,0.0
1994,12,20,9,0,0,1.94057822227,9.30000019073
1994,12,21,9,0,0,4.71393585205,4.69999980927
1994,12,22,9,0,0,2.89878606796,7.19999980927
1994,12,23,9,0,0,5.31008577347,0.0
1994,12,24,9,0,0,2.88480043411,3.70000004768
1994,12,25,9,0,0,4.86329078674,0.0
1994,12,26,9,0,0,5.32590341568,0.0
1994,12,27,9,0,0,6.31820297241,0.0
1994,12,28,9,0,0,3.42595529556,4.80000019073
1994,12,29,9,0,0,0.690612673759,14.1999998093
1994,12,30,9,0,0,3.66816186905,2.90000009537
1994,12,31,9,0,0,4.48207521439,0.0
1995,1,1,9,0,0,5.8616771698,0.0
1995,1,2,9,0,0,4.7394618988,11.1000003815
1995,1,3,9,0,0,4.56199216843,6.40000009537
1995,1,4,9,0,0,5.85659885406,0.0
1995,1,5,9,0,0,5.14326381683,0.0
1995,1,6,9,0,0,5.15009260178,0.0
1995,1,7,9,0,0,3.96140670776,17.7999992371
1995,1,8,9,0,0,0.906613707542,12.1999998093
1995,1,9,9,0,0,5.25454950333,0.0
1995,1,10,9,0,0,5.60703325272,8.10000038147
1995,1,11,9,0,0,5.92697381973,0.0
1995,1,12,9,0,0,6.10477161407,0.0
1995,1,13,9,0,0,5.74629926682,0.0
1995,1,14,9,0,0,4.24753904343,0.0
1995,1,15,9,0,0,5.97175359726,0.0
1995,1,16,9,0,0,5.61428165436,0.0
1995,1,17,9,0,0,6.26089811325,0.0
1995,1,18,9,0,0,6.01577472687,0.0
1995,1,19,9,0,0,5.24003791809,0.0
1995,1,20,9,0,0,6.41645622253,0.0
1995,1,21,9,0,0,2.85618495941,0.0
1995,1,22,9,0,0,1.06351315975,32.5999984741
1995,1,23,9,0,0,0.576972901821,18.8999996185
1995,1,24,9,0,0,2.66574001312,0.0
1995,1,25,9,0,0,5.06107091904,0.0
1995,1,26,9,0,0,2.11663842201,17.8999996185
1995,1,27,9,0,0,3.4264934063,0.0
1995,1,28,9,0,0,5.1013841629,0.0
1995,1,29,9,0,0,5.29971551895,0.0
1995,1,30,9,0,0,4.85528898239,0.0
1995,1,31,9,0,0,3.70970439911,15.5
1995,2,1,9,0,0,0.55813062191,36.0
1995,2,2,9,0,0,3.6601421833,0.0
1995,2,3,9,0,0,4.71166610718,0.0
1995,2,4,9,0,0,3.16167974472,0.0
1995,2,5,9,0,0,4.84143447876,10.5
1995,2,6,9,0,0,5.35461425781,0.0
1995,2,7,9,0,0,3.14111471176,4.09999990463
1995,2,8,9,0,0,4.65995788574,0.0
1995,2,9,9,0,0,5.2122926712,0.0
1995,2,10,9,0,0,5.17018318176,0.0
1995,2,11,9,0,0,4.89619636536,0.0
1995,2,12,9,0,0,5.25695037842,0.0
1995,2,13,9,0,0,5.36450862885,0.0
1995,2,14,9,0,0,5.32366275787,0.0
1995,2,15,9,0,0,4.5314207077,0.0
1995,2,16,9,0,0,5.44551420212,0.0
1995,2,17,9,0,0,5.17092084885,0.0
1995,2,18,9,0,0,4.34816360474,0.0
1995,2,19,9,0,0,2.42994451523,0.0
1995,2,20,9,0,0,1.09137415886,3.5
1995,2,21,9,0,0,3.46796751022,0.0
1995,2,22,9,0,0,0.963428854942,64.0
1995,2,23,9,0,0,3.545981884,7.30000019073
1995,2,24,9,0,0,3.19721317291,0.0
1995,2,25,9,0,0,4.89257097244,0.0
1995,2,26,9,0,0,3.92424559593,0.0
1995,2,27,9,0,0,3.22085428238,0.0
1995,2,28,9,0,0,3.09986758232,0.0
1995,3,1,9,0,0,2.88999342918,0.0
1995,3,2,9,0,0,4.39864683151,0.0
1995,3,3,9,0,0,3.97840476036,0.0
1995,3,4,9,0,0,4.39934873581,0.0
1995,3,5,9,0,0,4.28887414932,0.0
1995,3,6,9,0,0,3.69970059395,0.0
1995,3,7,9,0,0,3.82585716248,0.0
1995,3,8,9,0,0,3.29235506058,0.0
1995,3,9,9,0,0,2.58642077446,0.0
1995,3,10,9,0,0,0.350132793188,46.5
1995,3,11,9,0,0,3.96532416344,0.0
1995,3,12,9,0,0,3.21507954597,11.3999996185
1995,3,13,9,0,0,1.82562220097,22.3999996185
1995,3,14,9,0,0,2.50189471245,7.0
1995,3,15,9,0,0,1.71003770828,20.3999996185
1995,3,16,9,0,0,1.75887751579,8.10000038147
1995,3,17,9,0,0,3.5520772934,0.0
1995,3,18,9,0,0,2.55265188217,13.0
1995,3,19,9,0,0,1.70418488979,13.1000003815
1995,3,20,9,0,0,2.53210020065,4.69999980927
1995,3,21,9,0,0,2.426227808,8.80000019073
1995,3,22,9,0,0,2.0889108181,0.0
1995,3,23,9,0,0,1.59245693684,7.0
1995,3,24,9,0,0,3.71835398674,4.09999990463
1995,3,25,9,0,0,1.68618345261,16.5
1995,3,26,9,0,0,3.55983090401,0.0
1995,3,27,9,0,0,3.37701773643,0.0
1995,3,28,9,0,0,1.68118870258,0.0
1995,3,29,9,0,0,2.5694000721,0.0
1995,3,30,9,0,0,1.6152920723,0.0
1995,3,31,9,0,0,3.09416151047,13.1000003815
1995,4,1,9,0,0,1.36884856224,16.7999992371
1995,4,2,9,0,0,2.81961965561,0.0
1995,4,3,9,0,0,2.56812000275,0.0
1995,4,4,9,0,0,2.42847537994,0.0
1995,4,5,9,0,0,1.14919114113,5.0
1995,4,6,9,0,0,2.37877297401,0.0
1995,4,7,9,0,0,2.78413105011,14.1000003815
1995,4,8,9,0,0,1.28447842598,2.70000004768
1995,4,9,9,0,0,0.48145288229,30.8999996185
1995,4,10,9,0,0,1.66744351387,7.09999990463
1995,4,11,9,0,0,0.656969666481,10.6000003815
1995,4,12,9,0,0,2.50018763542,0.0
1995,4,13,9,0,0,2.46884942055,0.0
1995,4,14,9,0,0,2.31873583794,0.0
1995,4,15,9,0,0,2.37023377419,0.0
1995,4,16,9,0,0,2.29494166374,0.0
1995,4,17,9,0,0,1.95389163494,0.0
1995,4,18,9,0,0,1.78583824635,0.0
1995,4,19,9,0,0,0.490716069937,33.0
1995,4,20,9,0,0,1.40355944633,0.0
1995,4,21,9,0,0,1.81253027916,5.80000019073
1995,4,22,9,0,0,1.93732917309,0.0
1995,4,23,9,0,0,2.26789426804,0.0
1995,4,24,9,0,0,0.685098052025,10.8999996185
1995,4,25,9,0,0,0.67725110054,21.1000003815
1995,4,26,9,0,0,1.27074742317,10.0
1995,4,27,9,0,0,1.49471640587,2.29999995232
1995,4,28,9,0,0,1.78503954411,0.0
1995,4,29,9,0,0,2.05365109444,0.0
1995,4,30,9,0,0,1.42070615292,0.0
1995,5,1,9,0,0,2.02010464668,0.0
1995,5,2,9,0,0,2.01306557655,0.0
1995,5,3,9,0,0,1.92719554901,0.0
1995,5,4,9,0,0,0.419319689274,2.79999995232
1995,5,5,9,0,0,0.755756258965,25.7000007629
1995,5,6,9,0,0,0.85709643364,4.40000009537
1995,5,7,9,0,0,1.61323642731,0.0
1995,5,8,9,0,0,1.68232953548,3.79999995232
1995,5,9,9,0,0,0.774608612061,2.40000009537
1995,5,10,9,0,0,1.35809028149,0.0
1995,5,11,9,0,0,0.970877349377,0.0
1995,5,12,9,0,0,0.56394547224,12.6999998093
1995,5,13,9,0,0,1.39363026619,0.0
1995,5,14,9,0,0,0.720515847206,2.5
1995,5,15,9,0,0,0.735122203827,26.2999992371
1995,5,16,9,0,0,1.2307600975,2.70000004768
1995,5,17,9,0,0,0.651206016541,19.0
1995,5,18,9,0,0,0.910350978374,8.0
1995,5,19,9,0,0,0.893204033375,0.0
1995,5,20,9,0,0,1.12342905998,0.0
1995,5,21,9,0,0,1.08724856377,0.0
1995,5,22,9,0,0,1.47768759727,0.0
1995,5,23,9,0,0,1.35544407368,0.0
1995,5,24,9,0,0,1.044688344,0.0
1995,5,25,9,0,0,1.35683238506,0.0
1995,5,26,9,0,0,0.844102084637,0.0
1995,5,27,9,0,0,0.368541687727,77.6999969482
1995,5,28,9,0,0,0.518674850464,10.6000003815
1995,5,29,9,0,0,0.993559718132,2.5
1995,5,30,9,0,0,1.30021846294,0.0
1995,5,31,9,0,0,0.822822928429,0.0
1995,6,1,9,0,0,0.926107048988,17.5
1995,6,2,9,0,0,0.39040479064,0.0
1995,6,3,9,0,0,0.692485749722,0.0
1995,6,4,9,0,0,0.871715188026,0.0
1995,6,5,9,0,0,0.949843287468,4.30000019073
1995,6,6,9,0,0,0.648910939693,3.40000009537
1995,6,7,9,0,0,0.706830620766,0.0
1995,6,8,9,0,0,0.709802865982,4.59999990463
1995,6,9,9,0,0,0.224620833993,13.1999998093
1995,6,10,9,0,0,0.653034925461,6.59999990463
1995,6,11,9,0,0,0.485820114613,9.60000038147
1995,6,12,9,0,0,0.326822072268,2.5
1995,6,13,9,0,0,0.749533295631,0.0
1995,6,14,9,0,0,0.50058567524,2.5
1995,6,15,9,0,0,0.582294583321,3.20000004768
1995,6,16,9,0,0,0.374172091484,3.29999995232
1995,6,17,9,0,0,0.804654657841,0.0
1995,6,18,9,0,0,0.666398525238,0.0
1995,6,19,9,0,0,0.687712371349,0.0
1995,6,20,9,0,0,0.818336546421,2.40000009537
1995,6,21,9,0,0,0.295943409204,9.80000019073
1995,6,22,9,0,0,0.666763782501,0.0
1995,6,23,9,0,0,0.559501051903,0.0
1995,6,24,9,0,0,0.580565989017,3.79999995232
1995,6,25,9,0,0,0.392653882504,8.10000038147
1995,6,26,9,0,0,0.369840711355,30.5
1995,6,27,9,0,0,0.564812481403,8.5
1995,6,28,9,0,0,0.213304832578,17.1000003815
1995,6,29,9,0,0,0.166258975863,31.6000003815
1995,6,30,9,0,0,0.450964272022,0.0
1995,7,1,9,0,0,0.443616747856,3.29999995232
1995,7,2,9,0,0,0.481947302818,0.0
1995,7,3,9,0,0,0.814996778965,0.0
1995,7,4,9,0,0,0.357885986567,12.6999998093
1995,7,5,9,0,0,0.743033349514,18.2999992371
1995,7,6,9,0,0,0.229792922735,29.7999992371
1995,7,7,9,0,0,0.503296375275,24.3999996185
1995,7,8,9,0,0,0.440028786659,16.0
1995,7,9,9,0,0,0.721058726311,15.3000001907
1995,7,10,9,0,0,0.665210425854,15.3999996185
1995,7,11,9,0,0,0.812843501568,5.80000019073
1995,7,12,9,0,0,0.354099184275,21.0
1995,7,13,9,0,0,0.373068422079,8.60000038147
1995,7,14,9,0,0,0.702291965485,4.90000009537
1995,7,15,9,0,0,0.820281147957,0.0
1995,7,16,9,0,0,0.763866484165,0.0
1995,7,17,9,0,0,0.889345765114,0.0
1995,7,18,9,0,0,0.998117983341,15.0
1995,7,19,9,0,0,0.634690284729,19.0
1995,7,20,9,0,0,0.716560482979,10.8000001907
1995,7,21,9,0,0,0.577763319016,13.8000001907
1995,7,22,9,0,0,0.670241773129,5.5
1995,7,23,9,0,0,0.715955853462,5.19999980927
1995,7,24,9,0,0,0.642644226551,5.90000009537
1995,7,25,9,0,0,0.863114953041,4.5
1995,7,26,9,0,0,0.636151850224,10.6000003815
1995,7,27,9,0,0,0.676451265812,10.1000003815
1995,7,28,9,0,0,0.740420460701,2.59999990463
1995,7,29,9,0,0,1.05010211468,0.0
1995,7,30,9,0,0,0.975208759308,0.0
1995,7,31,9,0,0,1.02058088779,0.0
1995,8,1,9,0,0,1.11237609386,0.0
1995,8,2,9,0,0,0.59785169363,0.0
1995,8,3,9,0,0,0.668918609619,0.0
1995,8,4,9,0,0,0.829552412033,0.0
1995,8,5,9,0,0,0.872324943542,0.0
1995,8,6,9,0,0,1.26730704308,0.0
1995,8,7,9,0,0,1.19240295887,0.0
1995,8,8,9,0,0,0.376145780087,29.6000003815
1995,8,9,9,0,0,0.896992564201,9.89999961853
1995,8,10,9,0,0,0.824188292027,0.0
1995,8,11,9,0,0,1.21905219555,0.0
1995,8,12,9,0,0,0.751761972904,2.40000009537
1995,8,13,9,0,0,0.61650031805,11.8000001907
1995,8,14,9,0,0,1.21867656708,0.0
1995,8,15,9,0,0,1.35290074348,0.0
1995,8,16,9,0,0,0.932351827621,3.0
1995,8,17,9,0,0,0.355625540018,40.2999992371
1995,8,18,9,0,0,1.17601597309,9.39999961853
1995,8,19,9,0,0,1.08545517921,8.10000038147
1995,8,20,9,0,0,1.06497502327,5.5
1995,8,21,9,0,0,0.349824905396,17.2000007629
1995,8,22,9,0,0,1.62715053558,0.0
1995,8,23,9,0,0,1.43163776398,13.3999996185
1995,8,24,9,0,0,0.851987242699,9.69999980927
1995,8,25,9,0,0,1.52442324162,0.0
1995,8,26,9,0,0,1.66938769817,0.0
1995,8,27,9,0,0,1.17707562447,11.6000003815
1995,8,28,9,0,0,0.332552194595,9.60000038147
1995,8,29,9,0,0,1.70057451725,0.0
1995,8,30,9,0,0,1.21805083752,2.90000009537
1995,8,31,9,0,0,0.299869030714,2.29999995232
1995,9,1,9,0,0,0.0973669067025,26.2999992371
1995,9,2,9,0,0,1.06077539921,12.6000003815
1995,9,3,9,0,0,1.62496292591,0.0
1995,9,4,9,0,0,0.974857032299,16.8999996185
1995,9,5,9,0,0,1.38780426979,3.59999990463
1995,9,6,9,0,0,0.606715083122,58.5999984741
1995,9,7,9,0,0,0.830411434174,15.0
1995,9,8,9,0,0,1.50895988941,0.0
1995,9,9,9,0,0,1.77641201019,0.0
1995,9,10,9,0,0,1.55959582329,0.0
1995,9,11,9,0,0,2.02777171135,0.0
1995,9,12,9,0,0,1.90108287334,0.0
1995,9,13,9,0,0,0.652719795704,6.59999990463
1995,9,14,9,0,0,0.679372251034,2.5
1995,9,15,9,0,0,0.66142141819,7.90000009537
1995,9,16,9,0,0,1.35398280621,0.0
1995,9,17,9,0,0,1.78808319569,0.0
1995,9,18,9,0,0,1.72125685215,0.0
1995,9,19,9,0,0,2.16038060188,0.0
1995,9,20,9,0,0,1.97985136509,0.0
1995,9,21,9,0,0,1.13473963737,0.0
1995,9,22,9,0,0,0.672419786453,19.3999996185
1995,9,23,9,0,0,2.08328557014,0.0
1995,9,24,9,0,0,0.883235216141,17.1000003815
1995,9,25,9,0,0,0.337757527828,55.2000007629
1995,9,26,9,0,0,0.385190010071,24.0
1995,9,27,9,0,0,1.19533085823,3.79999995232
1995,9,28,9,0,0,0.691655993462,14.5
1995,9,29,9,0,0,0.457437455654,3.29999995232
1995,9,30,9,0,0,1.7403293848,0.0
1995,10,1,9,0,0,2.30074620247,0.0
1995,10,2,9,0,0,2.89921760559,0.0
1995,10,3,9,0,0,1.86251604557,2.90000009537
1995,10,4,9,0,0,0.595159828663,39.2999992371
1995,10,5,9,0,0,1.66276216507,3.79999995232
1995,10,6,9,0,0,2.32352352142,0.0
1995,10,7,9,0,0,2.21627116203,0.0
1995,10,8,9,0,0,1.31260108948,4.5
1995,10,9,9,0,0,0.962403357029,15.6999998093
1995,10,10,9,0,0,1.36674952507,0.0
1995,10,11,9,0,0,2.38454556465,9.19999980927
1995,10,12,9,0,0,2.17036175728,5.0
1995,10,13,9,0,0,2.67317390442,4.80000019073
1995,10,14,9,0,0,0.632933735847,42.0999984741
1995,10,15,9,0,0,2.14726781845,9.80000019073
1995,10,16,9,0,0,1.96949481964,6.80000019073
1995,10,17,9,0,0,2.84183144569,0.0
1995,10,18,9,0,0,1.70116257668,10.3000001907
1995,10,19,9,0,0,2.67275643349,0.0
1995,10,20,9,0,0,2.29984951019,2.70000004768
1995,10,21,9,0,0,1.84789419174,0.0
1995,10,22,9,0,0,2.78273034096,0.0
1995,10,23,9,0,0,3.24757957458,0.0
1995,10,24,9,0,0,2.49173021317,0.0
1995,10,25,9,0,0,3.42885923386,0.0
1995,10,26,9,0,0,3.64348936081,0.0
1995,10,27,9,0,0,2.96136331558,0.0
1995,10,28,9,0,0,2.78167510033,0.0
1995,10,29,9,0,0,2.93818807602,0.0
1995,10,30,9,0,0,1.53962802887,31.7000007629
1995,10,31,9,0,0,1.38421583176,2.79999995232
1995,11,1,9,0,0,1.99715781212,6.19999980927
1995,11,2,9,0,0,3.04138040543,0.0
1995,11,3,9,0,0,2.54778647423,6.59999990463
1995,11,4,9,0,0,2.12306284904,11.6000003815
1995,11,5,9,0,0,2.20732092857,2.70000004768
1995,11,6,9,0,0,3.72615504265,0.0
1995,11,7,9,0,0,3.8664264679,0.0
1995,11,8,9,0,0,1.83366692066,10.8000001907
1995,11,9,9,0,0,0.472878217697,17.5
1995,11,10,9,0,0,2.84253168106,3.20000004768
1995,11,11,9,0,0,1.64226722717,12.1000003815
1995,11,12,9,0,0,3.12938213348,0.0
1995,11,13,9,0,0,3.54342055321,0.0
1995,11,14,9,0,0,3.8975110054,0.0
1995,11,15,9,0,0,3.95902132988,0.0
1995,11,16,9,0,0,3.66103816032,0.0
1995,11,17,9,0,0,4.24336528778,0.0
1995,11,18,9,0,0,3.89067792892,0.0
1995,11,19,9,0,0,0.733793199062,11.6000003815
1995,11,20,9,0,0,3.28271150589,3.90000009537
1995,11,21,9,0,0,2.93013691902,2.0
1995,11,22,9,0,0,2.14042282104,0.0
1995,11,23,9,0,0,4.01549339294,0.0
1995,11,24,9,0,0,2.93902134895,2.5
1995,11,25,9,0,0,1.04622292519,12.1999998093
1995,11,26,9,0,0,1.47960007191,17.1000003815
1995,11,27,9,0,0,2.63765001297,2.90000009537
1995,11,28,9,0,0,3.18910837173,0.0
1995,11,29,9,0,0,2.85980224609,0.0
1995,11,30,9,0,0,1.90717768669,0.0
1995,12,1,9,0,0,1.95089483261,0.0
1995,12,2,9,0,0,2.73116016388,0.0
1995,12,3,9,0,0,3.70633816719,0.0
1995,12,4,9,0,0,3.20402050018,0.0
1995,12,5,9,0,0,2.27786254883,0.0
1995,12,6,9,0,0,2.57006216049,0.0
1995,12,7,9,0,0,2.89043951035,2.59999990463
1995,12,8,9,0,0,3.41864109039,2.5
1995,12,9,9,0,0,3.66047286987,0.0
1995,12,10,9,0,0,3.67202210426,0.0
1995,12,11,9,0,0,1.9992607832,3.79999995232
1995,12,12,9,0,0,1.56962394714,24.2999992371
1995,12,13,9,0,0,1.12453496456,45.0999984741
1995,12,14,9,0,0,4.62619066238,0.0
1995,12,15,9,0,0,3.99214363098,0.0
1995,12,16,9,0,0,4.02210903168,0.0
1995,12,17,9,0,0,2.05934643745,12.8000001907
1995,12,18,9,0,0,3.8899512291,0.0
1995,12,19,9,0,0,4.08458948135,0.0
1995,12,20,9,0,0,4.64052915573,0.0
1995,12,21,9,0,0,1.37353491783,14.8999996185
1995,12,22,9,0,0,0.51802188158,39.0
1995,12,23,9,0,0,1.28107321262,18.3999996185
1995,12,24,9,0,0,2.71416592598,3.5
1995,12,25,9,0,0,1.74309539795,6.59999990463
1995,12,26,9,0,0,4.11370182037,3.29999995232
1995,12,27,9,0,0,2.86966538429,5.90000009537
1995,12,28,9,0,0,1.47820591927,30.7999992371
1995,12,29,9,0,0,3.87288856506,2.5
1995,12,30,9,0,0,2.56505489349,0.0
1995,12,31,9,0,0,4.57040643692,0.0
1996,1,1,9,0,0,4.56065225601,0.0
1996,1,2,9,0,0,4.24181413651,0.0
1996,1,3,9,0,0,2.35158014297,0.0
1996,1,4,9,0,0,2.76322102547,0.0
1996,1,5,9,0,0,2.67044353485,0.0
1996,1,6,9,0,0,3.77995991707,0.0
1996,1,7,9,0,0,4.65848112106,0.0
1996,1,8,9,0,0,4.8218126297,0.0
1996,1,9,9,0,0,1.8697924614,0.0
1996,1,10,9,0,0,2.23675084114,5.19999980927
1996,1,11,9,0,0,1.32232475281,2.20000004768
1996,1,12,9,0,0,1.37482142448,18.5
1996,1,13,9,0,0,1.54742360115,37.0999984741
1996,1,14,9,0,0,2.94213485718,6.59999990463
1996,1,15,9,0,0,3.73225998878,6.0
1996,1,16,9,0,0,2.45095443726,0.0
1996,1,17,9,0,0,4.32261371613,0.0
1996,1,18,9,0,0,3.93489027023,0.0
1996,1,19,9,0,0,4.86729478836,0.0
1996,1,20,9,0,0,4.73920631409,0.0
1996,1,21,9,0,0,4.68770074844,0.0
1996,1,22,9,0,0,3.86199522018,0.0
1996,1,23,9,0,0,1.79932117462,16.5
1996,1,24,9,0,0,3.73993754387,0.0
1996,1,25,9,0,0,4.14181470871,0.0
1996,1,26,9,0,0,4.32695770264,0.0
1996,1,27,9,0,0,4.36120557785,0.0
1996,1,28,9,0,0,4.53703308105,0.0
1996,1,29,9,0,0,4.40426492691,0.0
1996,1,30,9,0,0,4.56788015366,0.0
1996,1,31,9,0,0,4.45224332809,0.0
1996,2,1,9,0,0,4.44967222214,0.0
1996,2,2,9,0,0,1.6333925724,22.7999992371
1996,2,3,9,0,0,2.97930407524,9.89999961853
1996,2,4,9,0,0,2.63324427605,6.09999990463
1996,2,5,9,0,0,2.91214489937,0.0
1996,2,6,9,0,0,1.94912457466,8.5
1996,2,7,9,0,0,1.68443584442,9.5
1996,2,8,9,0,0,3.50193595886,0.0
1996,2,9,9,0,0,2.59189963341,0.0
1996,2,10,9,0,0,3.77977895737,0.0
1996,2,11,9,0,0,1.3408100605,23.7999992371
1996,2,12,9,0,0,1.86279654503,17.7999992371
1996,2,13,9,0,0,3.57860660553,8.0
1996,2,14,9,0,0,2.63727712631,3.09999990463
1996,2,15,9,0,0,4.0583486557,0.0
1996,2,16,9,0,0,3.86361432076,0.0
1996,2,17,9,0,0,2.83802366257,0.0
1996,2,18,9,0,0,1.84135377407,44.7000007629
1996,2,19,9,0,0,1.44739711285,14.5
1996,2,20,9,0,0,3.00007891655,0.0
1996,2,21,9,0,0,2.96153569221,0.0
1996,2,22,9,0,0,3.6013917923,0.0
1996,2,23,9,0,0,3.05792379379,0.0
1996,2,24,9,0,0,3.14641857147,0.0
1996,2,25,9,0,0,3.47336411476,0.0
1996,2,26,9,0,0,3.45442414284,0.0
1996,2,27,9,0,0,3.03388547897,0.0
1996,2,28,9,0,0,3.74061512947,0.0
1996,2,29,9,0,0,2.3898870945,0.0
1996,3,1,9,0,0,1.47306060791,0.0
1996,3,2,9,0,0,0.761218905449,24.7999992371
1996,3,3,9,0,0,1.31741786003,2.70000004768
1996,3,4,9,0,0,1.80025529861,5.19999980927
1996,3,5,9,0,0,2.39096999168,0.0
1996,3,6,9,0,0,3.33956694603,0.0
1996,3,7,9,0,0,3.32595491409,0.0
1996,3,8,9,0,0,3.00293946266,0.0
1996,3,9,9,0,0,3.12178444862,0.0
1996,3,10,9,0,0,2.00511431694,0.0
1996,3,11,9,0,0,3.35729026794,0.0
1996,3,12,9,0,0,3.75941944122,0.0
1996,3,13,9,0,0,2.29384803772,0.0
1996,3,14,9,0,0,2.03141117096,15.8000001907
1996,3,15,9,0,0,1.7190527916,14.1000003815
1996,3,16,9,0,0,2.32715415955,16.1000003815
1996,3,17,9,0,0,0.743184864521,37.7999992371
1996,3,18,9,0,0,2.44559979439,19.1000003815
1996,3,19,9,0,0,1.62633228302,13.6000003815
1996,3,20,9,0,0,2.24199342728,0.0
1996,3,21,9,0,0,1.79363799095,5.19999980927
1996,3,22,9,0,0,0.655575335026,5.59999990463
1996,3,23,9,0,0,1.63821589947,0.0
1996,3,24,9,0,0,2.65441608429,0.0
1996,3,25,9,0,0,1.77316534519,0.0
1996,3,26,9,0,0,2.75841212273,0.0
1996,3,27,9,0,0,1.48255932331,0.0
1996,3,28,9,0,0,1.66179656982,0.0
1996,3,29,9,0,0,2.24058318138,0.0
1996,3,30,9,0,0,2.37579369545,0.0
1996,3,31,9,0,0,1.65720462799,0.0
1996,4,1,9,0,0,1.54095077515,0.0
1996,4,2,9,0,0,1.00623726845,27.6000003815
1996,4,3,9,0,0,1.02134180069,15.6000003815
1996,4,4,9,0,0,0.829410016537,17.3999996185
1996,4,5,9,0,0,1.28216791153,4.69999980927
1996,4,6,9,0,0,2.02192568779,0.0
1996,4,7,9,0,0,2.02161622047,0.0
1996,4,8,9,0,0,1.23281943798,15.3000001907
1996,4,9,9,0,0,1.70910131931,7.90000009537
1996,4,10,9,0,0,1.82801771164,0.0
1996,4,11,9,0,0,0.832064330578,14.6999998093
1996,4,12,9,0,0,1.15549719334,6.09999990463
1996,4,13,9,0,0,0.49132207036,14.3999996185
1996,4,14,9,0,0,1.49421846867,9.5
1996,4,15,9,0,0,0.935218989849,17.6000003815
1996,4,16,9,0,0,1.36291372776,0.0
1996,4,17,9,0,0,1.99213254452,0.0
1996,4,18,9,0,0,2.0594727993,0.0
1996,4,19,9,0,0,0.275618106127,21.7999992371
1996,4,20,9,0,0,1.09920251369,0.0
1996,4,21,9,0,0,1.21146440506,0.0
1996,4,22,9,0,0,1.99434125423,0.0
1996,4,23,9,0,0,1.93859565258,0.0
1996,4,24,9,0,0,1.8009711504,0.0
1996,4,25,9,0,0,0.908062756062,0.0
1996,4,26,9,0,0,1.07661616802,0.0
1996,4,27,9,0,0,1.55851078033,2.40000009537
1996,4,28,9,0,0,0.540695548058,2.70000004768
1996,4,29,9,0,0,0.480018794537,13.1000003815
1996,4,30,9,0,0,0.708577811718,5.69999980927
1996,5,1,9,0,0,1.45765662193,0.0
1996,5,2,9,0,0,1.44266140461,0.0
1996,5,3,9,0,0,1.54014086723,0.0
1996,5,4,9,0,0,1.32281327248,0.0
1996,5,5,9,0,0,1.25030696392,0.0
1996,5,6,9,0,0,1.06293594837,0.0
1996,5,7,9,0,0,1.21021473408,4.19999980927
1996,5,8,9,0,0,0.513573765755,26.2999992371
1996,5,9,9,0,0,1.62887024879,0.0
1996,5,10,9,0,0,1.49647593498,0.0
1996,5,11,9,0,0,0.89230453968,7.30000019073
1996,5,12,9,0,0,1.13663733006,0.0
1996,5,13,9,0,0,1.17686545849,2.29999995232
1996,5,14,9,0,0,0.868724644184,0.0
1996,5,15,9,0,0,1.30069184303,0.0
1996,5,16,9,0,0,0.653883635998,9.19999980927
1996,5,17,9,0,0,1.42254006863,0.0
1996,5,18,9,0,0,1.31455588341,0.0
1996,5,19,9,0,0,0.693364083767,0.0
1996,5,20,9,0,0,0.851444780827,0.0
1996,5,21,9,0,0,0.692140758038,23.3999996185
1996,5,22,9,0,0,0.532430768013,9.19999980927
1996,5,23,9,0,0,0.956648826599,4.0
1996,5,24,9,0,0,0.738447785378,5.80000019073
1996,5,25,9,0,0,0.411794096231,16.7000007629
1996,5,26,9,0,0,0.908537447453,0.0
1996,5,27,9,0,0,1.05839157104,0.0
1996,5,28,9,0,0,0.608789503574,0.0
1996,5,29,9,0,0,0.511559188366,4.80000019073
1996,5,30,9,0,0,0.821822166443,21.7000007629
1996,5,31,9,0,0,0.785712301731,14.5
1996,6,1,9,0,0,0.884866416454,3.40000009537
1996,6,2,9,0,0,1.10657835007,0.0
1996,6,3,9,0,0,0.933237195015,0.0
1996,6,4,9,0,0,0.701773405075,0.0
1996,6,5,9,0,0,0.485011309385,14.5
1996,6,6,9,0,0,0.790412187576,0.0
1996,6,7,9,0,0,1.15044331551,8.39999961853
1996,6,8,9,0,0,0.488699257374,15.8999996185
1996,6,9,9,0,0,0.956319749355,4.19999980927
1996,6,10,9,0,0,0.652828395367,10.0
1996,6,11,9,0,0,0.558994054794,0.0
1996,6,12,9,0,0,0.88100618124,0.0
1996,6,13,9,0,0,0.995004892349,0.0
1996,6,14,9,0,0,1.04614627361,0.0
1996,6,15,9,0,0,0.746290266514,9.89999961853
1996,6,16,9,0,0,0.904263854027,0.0
1996,6,17,9,0,0,0.924729049206,0.0
1996,6,18,9,0,0,1.0369284153,0.0
1996,6,19,9,0,0,0.69627481699,0.0
1996,6,20,9,0,0,0.814624428749,0.0
1996,6,21,9,0,0,0.811394453049,0.0
1996,6,22,9,0,0,0.660915076733,0.0
1996,6,23,9,0,0,0.719871461391,0.0
1996,6,24,9,0,0,0.698998451233,0.0
1996,6,25,9,0,0,0.987030565739,4.59999990463
1996,6,26,9,0,0,0.49355879426,7.30000019073
1996,6,27,9,0,0,0.679102301598,7.19999980927
1996,6,28,9,0,0,0.883167028427,8.89999961853
1996,6,29,9,0,0,0.717678546906,22.2000007629
1996,6,30,9,0,0,0.571953475475,10.3000001907
1996,7,1,9,0,0,0.756899178028,3.79999995232
1996,7,2,9,0,0,0.873182058334,0.0
1996,7,3,9,0,0,0.998720049858,0.0
1996,7,4,9,0,0,0.896217644215,0.0
1996,7,5,9,0,0,0.917225718498,0.0
1996,7,6,9,0,0,0.993695020676,0.0
1996,7,7,9,0,0,1.06392502785,0.0
1996,7,8,9,0,0,1.03604745865,0.0
1996,7,9,9,0,0,0.948104321957,0.0
1996,7,10,9,0,0,0.391311556101,12.6000003815
1996,7,11,9,0,0,0.139212280512,2.0
1996,7,12,9,0,0,0.592764437199,2.90000009537
1996,7,13,9,0,0,0.82965028286,0.0
1996,7,14,9,0,0,0.481784880161,7.30000019073
1996,7,15,9,0,0,0.528374910355,3.79999995232
1996,7,16,9,0,0,0.844838917255,0.0
1996,7,17,9,0,0,1.20686745644,0.0
1996,7,18,9,0,0,0.786604940891,0.0
1996,7,19,9,0,0,1.34978830814,0.0
1996,7,20,9,0,0,1.17315483093,0.0
1996,7,21,9,0,0,0.635776638985,12.3999996185
1996,7,22,9,0,0,0.550242006779,5.80000019073
1996,7,23,9,0,0,1.03840768337,3.20000004768
1996,7,24,9,0,0,0.973261654377,2.20000004768
1996,7,25,9,0,0,0.684303462505,8.30000019073
1996,7,26,9,0,0,0.775310277939,0.0
1996,7,27,9,0,0,1.37633919716,0.0
1996,7,28,9,0,0,1.34359121323,0.0
1996,7,29,9,0,0,0.76155936718,5.59999990463
1996,7,30,9,0,0,1.32982695103,0.0
1996,7,31,9,0,0,1.46803641319,0.0
1996,8,1,9,0,0,0.642847657204,6.19999980927
1996,8,2,9,0,0,0.4171243608,13.3999996185
1996,8,3,9,0,0,1.14741933346,8.5
1996,8,4,9,0,0,1.08752155304,19.7999992371
1996,8,5,9,0,0,0.705370724201,11.8000001907
1996,8,6,9,0,0,1.08756816387,2.5
1996,8,7,9,0,0,1.45374202728,0.0
1996,8,8,9,0,0,0.910977303982,2.5
1996,8,9,9,0,0,0.500806450844,5.0
1996,8,10,9,0,0,1.4703836441,0.0
1996,8,11,9,0,0,1.03741037846,0.0
1996,8,12,9,0,0,1.72699058056,0.0
1996,8,13,9,0,0,0.797439932823,0.0
1996,8,14,9,0,0,1.60038304329,23.2999992371
1996,8,15,9,0,0,0.370325565338,18.7999992371
1996,8,16,9,0,0,1.21028757095,0.0
1996,8,17,9,0,0,1.21706926823,0.0
1996,8,18,9,0,0,1.85953128338,0.0
1996,8,19,9,0,0,1.53164231777,7.40000009537
1996,8,20,9,0,0,0.377593487501,46.4000015259
1996,8,21,9,0,0,1.06039524078,11.3999996185
1996,8,22,9,0,0,1.7649627924,0.0
1996,8,23,9,0,0,1.90228378773,0.0
1996,8,24,9,0,0,1.5415661335,0.0
1996,8,25,9,0,0,1.85765111446,2.79999995232
1996,8,26,9,0,0,1.2316505909,5.80000019073
1996,8,27,9,0,0,1.5289003849,19.6000003815
1996,8,28,9,0,0,0.79039722681,25.2000007629
1996,8,29,9,0,0,1.42118024826,3.0
1996,8,30,9,0,0,2.3609931469,0.0
1996,8,31,9,0,0,1.95970666409,0.0
1996,9,1,9,0,0,2.25675559044,0.0
1996,9,2,9,0,0,1.39741885662,0.0
1996,9,3,9,0,0,1.38540887833,8.60000038147
1996,9,4,9,0,0,0.553749084473,14.5
1996,9,5,9,0,0,0.8150203228,14.1000003815
1996,9,6,9,0,0,1.56680011749,2.70000004768
1996,9,7,9,0,0,0.662505984306,18.0
1996,9,8,9,0,0,1.45043563843,17.8999996185
1996,9,9,9,0,0,1.14106869698,15.1000003815
1996,9,10,9,0,0,2.16135001183,3.90000009537
1996,9,11,9,0,0,2.19035291672,5.90000009537
1996,9,12,9,0,0,1.30577635765,2.59999990463
1996,9,13,9,0,0,0.820910036564,19.2000007629
1996,9,14,9,0,0,1.22675800323,21.7000007629
1996,9,15,9,0,0,2.53008985519,0.0
1996,9,16,9,0,0,1.78651022911,0.0
1996,9,17,9,0,0,2.78819918633,0.0
1996,9,18,9,0,0,0.661646485329,2.90000009537
1996,9,19,9,0,0,3.08948779106,0.0
1996,9,20,9,0,0,2.82779359818,0.0
1996,9,21,9,0,0,3.28903865814,0.0
1996,9,22,9,0,0,3.20921683311,0.0
1996,9,23,9,0,0,3.31323981285,0.0
1996,9,24,9,0,0,3.3823466301,0.0
1996,9,25,9,0,0,2.99797010422,0.0
1996,9,26,9,0,0,2.29345846176,0.0
1996,9,27,9,0,0,1.56353080273,8.0
1996,9,28,9,0,0,2.21064209938,17.6000003815
1996,9,29,9,0,0,1.89565110207,2.20000004768
1996,9,30,9,0,0,2.80702662468,0.0
1996,10,1,9,0,0,1.0429276228,54.9000015259
1996,10,2,9,0,0,2.39019560814,4.90000009537
1996,10,3,9,0,0,2.70985555649,4.09999990463
1996,10,4,9,0,0,2.9779522419,0.0
1996,10,5,9,0,0,2.99402070045,0.0
1996,10,6,9,0,0,1.66116285324,6.19999980927
1996,10,7,9,0,0,0.768504142761,37.2000007629
1996,10,8,9,0,0,2.70255494118,0.0
1996,10,9,9,0,0,2.31877541542,2.0
1996,10,10,9,0,0,2.15569543839,2.09999990463
1996,10,11,9,0,0,2.79498958588,4.40000009537
1996,10,12,9,0,0,0.69857609272,43.9000015259
1996,10,13,9,0,0,1.76859879494,15.8000001907
1996,10,14,9,0,0,2.55730009079,4.30000019073
1996,10,15,9,0,0,2.87187957764,2.70000004768
1996,10,16,9,0,0,3.83995103836,0.0
1996,10,17,9,0,0,2.73728990555,0.0
1996,10,18,9,0,0,1.23836398125,2.5
1996,10,19,9,0,0,1.06648766994,0.0
1996,10,20,9,0,0,1.57734024525,0.0
1996,10,21,9,0,0,1.60231924057,23.1000003815
1996,10,22,9,0,0,1.84125697613,4.40000009537
1996,10,23,9,0,0,3.93844175339,0.0
1996,10,24,9,0,0,3.87504601479,0.0
1996,10,25,9,0,0,4.39225196838,0.0
1996,10,26,9,0,0,3.95702552795,0.0
1996,10,27,9,0,0,2.48563218117,11.8000001907
1996,10,28,9,0,0,1.39934241772,5.69999980927
1996,10,29,9,0,0,2.34918475151,4.09999990463
1996,10,30,9,0,0,4.68201732635,3.09999990463
1996,10,31,9,0,0,3.04790019989,4.90000009537
1996,11,1,9,0,0,3.86222982407,0.0
1996,11,2,9,0,0,4.39720010757,0.0
1996,11,3,9,0,0,3.48699355125,2.0
1996,11,4,9,0,0,4.13091039658,0.0
1996,11,5,9,0,0,4.2356095314,0.0
1996,11,6,9,0,0,3.73669576645,3.79999995232
1996,11,7,9,0,0,3.65866494179,2.0
1996,11,8,9,0,0,3.27120113373,5.0
1996,11,9,9,0,0,3.9126098156,2.79999995232
1996,11,10,9,0,0,3.95519042015,0.0
1996,11,11,9,0,0,1.80424010754,29.2000007629
1996,11,12,9,0,0,2.79579257965,21.0
1996,11,13,9,0,0,2.26789450645,22.2000007629
1996,11,14,9,0,0,1.60453402996,9.80000019073
1996,11,15,9,0,0,3.17164826393,2.5
1996,11,16,9,0,0,3.3166809082,13.8999996185
1996,11,17,9,0,0,3.56831240654,0.0
1996,11,18,9,0,0,1.60888576508,28.6000003815
1996,11,19,9,0,0,1.52010643482,26.2000007629
1996,11,20,9,0,0,3.71822357178,5.5
1996,11,21,9,0,0,1.60513985157,21.0
1996,11,22,9,0,0,4.17803096771,2.29999995232
1996,11,23,9,0,0,3.90900325775,3.79999995232
1996,11,24,9,0,0,1.77582371235,5.0
1996,11,25,9,0,0,3.09049010277,0.0
1996,11,26,9,0,0,4.009806633,13.5
1996,11,27,9,0,0,4.13278436661,0.0
1996,11,28,9,0,0,3.0540573597,17.1000003815
1996,11,29,9,0,0,2.45939064026,11.6000003815
1996,11,30,9,0,0,4.19172096252,0.0
1996,12,1,9,0,0,4.55101633072,3.90000009537
1996,12,2,9,0,0,1.64681661129,31.1000003815
1996,12,3,9,0,0,3.12892484665,7.09999990463
1996,12,4,9,0,0,3.77569103241,10.8999996185
1996,12,5,9,0,0,3.97479462624,8.0
1996,12,6,9,0,0,4.37198257446,0.0
1996,12,7,9,0,0,5.52942323685,0.0
1996,12,8,9,0,0,5.05830192566,0.0
1996,12,9,9,0,0,4.79995584488,0.0
1996,12,10,9,0,0,3.23894762993,8.5
1996,12,11,9,0,0,4.16929721832,0.0
1996,12,12,9,0,0,5.11289787292,0.0
1996,12,13,9,0,0,5.2411108017,0.0
1996,12,14,9,0,0,4.44386339188,3.79999995232
1996,12,15,9,0,0,3.50024390221,13.1999998093
1996,12,16,9,0,0,5.04432296753,2.59999990463
1996,12,17,9,0,0,2.85030126572,15.8999996185
1996,12,18,9,0,0,2.48117518425,2.0
1996,12,19,9,0,0,3.8084628582,0.0
1996,12,20,9,0,0,1.88221001625,3.59999990463
1996,12,21,9,0,0,4.49062728882,4.5
1996,12,22,9,0,0,4.1253657341,0.0
1996,12,23,9,0,0,4.96179008484,0.0
1996,12,24,9,0,0,2.7671649456,0.0
1996,12,25,9,0,0,5.82225131989,0.0
1996,12,26,9,0,0,5.98186683655,0.0
1996,12,27,9,0,0,4.53744935989,0.0
1996,12,28,9,0,0,4.58417844772,0.0
1996,12,29,9,0,0,5.89802217484,0.0
1996,12,30,9,0,0,5.04934358597,0.0
1996,12,31,9,0,0,5.23321628571,0.0
1997,1,1,9,0,0,5.45703125,0.0
1997,1,2,9,0,0,5.85796117783,0.0
1997,1,3,9,0,0,3.99030399323,4.30000019073
1997,1,4,9,0,0,4.03411769867,0.0
1997,1,5,9,0,0,4.98085832596,0.0
1997,1,6,9,0,0,5.31527519226,0.0
1997,1,7,9,0,0,4.79976701736,0.0
1997,1,8,9,0,0,4.60976028442,0.0
1997,1,9,9,0,0,5.24781513214,0.0
1997,1,10,9,0,0,1.63298606873,26.7000007629
1997,1,11,9,0,0,1.44077312946,10.8000001907
1997,1,12,9,0,0,2.84636712074,6.69999980927
1997,1,13,9,0,0,3.18772578239,0.0
1997,1,14,9,0,0,4.25755977631,9.80000019073
1997,1,15,9,0,0,5.18621253967,9.19999980927
1997,1,16,9,0,0,5.28910112381,0.0
1997,1,17,9,0,0,3.98286819458,12.5
1997,1,18,9,0,0,2.86382341385,18.7999992371
1997,1,19,9,0,0,4.54038906097,2.09999990463
1997,1,20,9,0,0,4.98849582672,0.0
1997,1,21,9,0,0,3.08053517342,0.0
1997,1,22,9,0,0,2.8832244873,0.0
1997,1,23,9,0,0,4.91287612915,0.0
1997,1,24,9,0,0,5.44310331345,0.0
1997,1,25,9,0,0,3.9836935997,0.0
1997,1,26,9,0,0,5.10745811462,0.0
1997,1,27,9,0,0,5.15890789032,0.0
1997,1,28,9,0,0,5.53306484222,0.0
1997,1,29,9,0,0,5.36752414703,0.0
1997,1,30,9,0,0,5.10975265503,0.0
1997,1,31,9,0,0,5.18885135651,0.0
1997,2,1,9,0,0,4.26400184631,0.0
1997,2,2,9,0,0,4.78332710266,0.0
1997,2,3,9,0,0,2.26599860191,2.40000009537
1997,2,4,9,0,0,1.35258054733,14.3000001907
1997,2,5,9,0,0,3.06221795082,3.0
1997,2,6,9,0,0,5.08620595932,38.2000007629
1997,2,7,9,0,0,5.04560661316,0.0
1997,2,8,9,0,0,4.43540239334,0.0
1997,2,9,9,0,0,1.6240926981,2.0
1997,2,10,9,0,0,1.36713051796,38.7000007629
1997,2,11,9,0,0,3.13491344452,2.0
1997,2,12,9,0,0,4.12181615829,0.0
1997,2,13,9,0,0,5.25769281387,0.0
1997,2,14,9,0,0,4.46848106384,0.0
1997,2,15,9,0,0,3.77920532227,0.0
1997,2,16,9,0,0,4.30085897446,0.0
1997,2,17,9,0,0,5.35992860794,0.0
1997,2,18,9,0,0,5.20136928558,0.0
1997,2,19,9,0,0,4.67497587204,0.0
1997,2,20,9,0,0,5.20809650421,0.0
1997,2,21,9,0,0,2.40299916267,0.0
1997,2,22,9,0,0,3.02276873589,0.0
1997,2,23,9,0,0,1.66824018955,10.0
1997,2,24,9,0,0,3.12708520889,11.6999998093
1997,2,25,9,0,0,2.82056474686,2.90000009537
1997,2,26,9,0,0,2.99161720276,16.8999996185
1997,2,27,9,0,0,3.35432553291,0.0
1997,2,28,9,0,0,4.15970611572,0.0
1997,3,1,9,0,0,3.59976315498,0.0
1997,3,2,9,0,0,3.2817363739,0.0
1997,3,3,9,0,0,4.11366844177,0.0
1997,3,4,9,0,0,4.11156368256,0.0
1997,3,5,9,0,0,1.40626215935,31.2999992371
1997,3,6,9,0,0,1.84055602551,0.0
1997,3,7,9,0,0,3.88890743256,0.0
1997,3,8,9,0,0,4.08213758469,0.0
1997,3,9,9,0,0,2.52616477013,3.5
1997,3,10,9,0,0,3.49345612526,0.0
1997,3,11,9,0,0,3.81214666367,0.0
1997,3,12,9,0,0,3.66090869904,0.0
1997,3,13,9,0,0,3.91420722008,0.0
1997,3,14,9,0,0,2.12569308281,0.0
1997,3,15,9,0,0,2.28021860123,9.10000038147
1997,3,16,9,0,0,2.63039565086,0.0
1997,3,17,9,0,0,3.18906140327,0.0
1997,3,18,9,0,0,3.25665402412,0.0
1997,3,19,9,0,0,2.66377186775,0.0
1997,3,20,9,0,0,0.877638339996,10.1999998093
1997,3,21,9,0,0,0.518074989319,25.5
1997,3,22,9,0,0,2.73437571526,5.59999990463
1997,3,23,9,0,0,2.30225658417,0.0
1997,3,24,9,0,0,3.04812288284,0.0
1997,3,25,9,0,0,2.243247509,0.0
1997,3,26,9,0,0,1.906930089,0.0
1997,3,27,9,0,0,3.16102218628,0.0
1997,3,28,9,0,0,3.13821172714,0.0
1997,3,29,9,0,0,3.18567752838,0.0
1997,3,30,9,0,0,3.15873432159,0.0
1997,3,31,9,0,0,3.16322851181,0.0
1997,4,1,9,0,0,2.52956652641,0.0
1997,4,2,9,0,0,2.25211834908,0.0
1997,4,3,9,0,0,1.97267484665,0.0
1997,4,4,9,0,0,1.11947321892,10.5
1997,4,5,9,0,0,1.8371591568,12.8000001907
1997,4,6,9,0,0,2.32458877563,0.0
1997,4,7,9,0,0,1.47463083267,31.0
1997,4,8,9,0,0,1.2720618248,9.39999961853
1997,4,9,9,0,0,2.05688285828,4.59999990463
1997,4,10,9,0,0,2.0445022583,0.0
1997,4,11,9,0,0,2.2229642868,2.09999990463
1997,4,12,9,0,0,2.29702734947,0.0
1997,4,13,9,0,0,0.552079975605,3.79999995232
1997,4,14,9,0,0,2.60307073593,0.0
1997,4,15,9,0,0,1.23551988602,5.69999980927
1997,4,16,9,0,0,1.45960497856,0.0
1997,4,17,9,0,0,1.11706674099,9.19999980927
1997,4,18,9,0,0,1.09786844254,40.2000007629
1997,4,19,9,0,0,0.809276819229,8.30000019073
1997,4,20,9,0,0,1.44721364975,0.0
1997,4,21,9,0,0,2.0129506588,0.0
1997,4,22,9,0,0,1.83293008804,2.5
1997,4,23,9,0,0,1.46186935902,0.0
1997,4,24,9,0,0,1.80224943161,0.0
1997,4,25,9,0,0,0.517349421978,3.09999990463
1997,4,26,9,0,0,1.91911232471,6.19999980927
1997,4,27,9,0,0,1.6609057188,0.0
1997,4,28,9,0,0,0.628251731396,0.0
1997,4,29,9,0,0,1.82898879051,0.0
1997,4,30,9,0,0,1.65239584446,0.0
1997,5,1,9,0,0,1.63886106014,0.0
1997,5,2,9,0,0,1.81311571598,0.0
1997,5,3,9,0,0,1.67167639732,0.0
1997,5,4,9,0,0,1.83566641808,0.0
1997,5,5,9,0,0,1.8641242981,0.0
1997,5,6,9,0,0,1.81029272079,0.0
1997,5,7,9,0,0,1.79582500458,0.0
1997,5,8,9,0,0,0.944161951542,0.0
1997,5,9,9,0,0,1.43929243088,0.0
1997,5,10,9,0,0,1.43242204189,0.0
1997,5,11,9,0,0,0.902757823467,0.0
1997,5,12,9,0,0,0.62028336525,0.0
1997,5,13,9,0,0,1.11848604679,7.5
1997,5,14,9,0,0,0.90831053257,11.1999998093
1997,5,15,9,0,0,1.19704926014,2.5
1997,5,16,9,0,0,1.45477986336,0.0
1997,5,17,9,0,0,1.39834976196,0.0
1997,5,18,9,0,0,1.34915494919,0.0
1997,5,19,9,0,0,0.693020761013,3.79999995232
1997,5,20,9,0,0,0.579358935356,13.3999996185
1997,5,21,9,0,0,0.297160387039,22.1000003815
1997,5,22,9,0,0,0.732343733311,2.0
1997,5,23,9,0,0,0.708376765251,0.0
1997,5,24,9,0,0,0.6004332304,3.40000009537
1997,5,25,9,0,0,0.596105098724,15.6000003815
1997,5,26,9,0,0,0.511145472527,7.80000019073
1997,5,27,9,0,0,1.02414917946,0.0
1997,5,28,9,0,0,1.32823741436,0.0
1997,5,29,9,0,0,1.05951023102,0.0
1997,5,30,9,0,0,0.322886914015,13.1000003815
1997,5,31,9,0,0,1.0162127018,11.1000003815
1997,6,1,9,0,0,1.25351202488,0.0
1997,6,2,9,0,0,1.10816669464,0.0
1997,6,3,9,0,0,1.18001639843,0.0
1997,6,4,9,0,0,0.583974540234,2.0
1997,6,5,9,0,0,1.21131157875,0.0
1997,6,6,9,0,0,0.999739527702,0.0
1997,6,7,9,0,0,0.789708435535,0.0
1997,6,8,9,0,0,0.59691631794,0.0
1997,6,9,9,0,0,0.996235847473,2.09999990463
1997,6,10,9,0,0,0.678882420063,6.30000019073
1997,6,11,9,0,0,1.20671129227,0.0
1997,6,12,9,0,0,1.09572601318,0.0
1997,6,13,9,0,0,1.2010256052,0.0
1997,6,14,9,0,0,0.754438638687,0.0
1997,6,15,9,0,0,0.774780929089,2.90000009537
1997,6,16,9,0,0,0.401249617338,51.7999992371
1997,6,17,9,0,0,0.147156909108,42.4000015259
1997,6,18,9,0,0,0.573354065418,0.0
1997,6,19,9,0,0,0.877742290497,0.0
1997,6,20,9,0,0,0.815251290798,4.69999980927
1997,6,21,9,0,0,0.785385251045,6.09999990463
1997,6,22,9,0,0,0.558051049709,0.0
1997,6,23,9,0,0,0.705701470375,6.09999990463
1997,6,24,9,0,0,0.949891209602,0.0
1997,6,25,9,0,0,1.18625342846,0.0
1997,6,26,9,0,0,0.459537893534,4.0
1997,6,27,9,0,0,0.971254646778,0.0
1997,6,28,9,0,0,1.0340256691,0.0
1997,6,29,9,0,0,0.947908401489,0.0
1997,6,30,9,0,0,0.895897090435,6.30000019073
1997,7,1,9,0,0,0.676635563374,0.0
1997,7,2,9,0,0,1.12926220894,0.0
1997,7,3,9,0,0,1.20757091045,0.0
1997,7,4,9,0,0,1.00631141663,0.0
1997,7,5,9,0,0,0.961153566837,0.0
1997,7,6,9,0,0,0.621376156807,0.0
1997,7,7,9,0,0,0.825744986534,2.79999995232
1997,7,8,9,0,0,0.845826148987,3.5
1997,7,9,9,0,0,0.637915551662,42.5
1997,7,10,9,0,0,0.717032909393,2.5
1997,7,11,9,0,0,1.10564005375,0.0
1997,7,12,9,0,0,0.838261067867,3.5
1997,7,13,9,0,0,0.421361386776,7.80000019073
1997,7,14,9,0,0,1.12811350822,0.0
1997,7,15,9,0,0,1.16922712326,0.0
1997,7,16,9,0,0,0.607007741928,0.0
1997,7,17,9,0,0,0.750826239586,17.1000003815
1997,7,18,9,0,0,0.970531702042,9.19999980927
1997,7,19,9,0,0,0.955974698067,0.0
1997,7,20,9,0,0,1.10710990429,0.0
1997,7,21,9,0,0,1.07437813282,0.0
1997,7,22,9,0,0,0.808489143848,0.0
1997,7,23,9,0,0,0.867161154747,5.19999980927
1997,7,24,9,0,0,1.02351593971,2.70000004768
1997,7,25,9,0,0,1.14063858986,0.0
1997,7,26,9,0,0,1.20648539066,0.0
1997,7,27,9,0,0,1.10642027855,0.0
1997,7,28,9,0,0,0.985463798046,0.0
1997,7,29,9,0,0,1.16292273998,2.70000004768
1997,7,30,9,0,0,0.531048119068,6.30000019073
1997,7,31,9,0,0,0.664637982845,18.2999992371
1997,8,1,9,0,0,0.685258328915,4.0
1997,8,2,9,0,0,0.846228599548,0.0
1997,8,3,9,0,0,1.3732560873,0.0
1997,8,4,9,0,0,1.12443447113,0.0
1997,8,5,9,0,0,1.68413710594,0.0
1997,8,6,9,0,0,1.5378985405,0.0
1997,8,7,9,0,0,1.59128451347,0.0
1997,8,8,9,0,0,1.56509876251,0.0
1997,8,9,9,0,0,1.08516395092,0.0
1997,8,10,9,0,0,0.915513396263,5.19999980927
1997,8,11,9,0,0,1.35401129723,0.0
1997,8,12,9,0,0,0.734568953514,10.6999998093
1997,8,13,9,0,0,0.710934638977,22.0
1997,8,14,9,0,0,0.769712328911,8.19999980927
1997,8,15,9,0,0,0.859859347343,7.5
1997,8,16,9,0,0,1.34100914001,4.30000019073
1997,8,17,9,0,0,0.935057520866,18.5
1997,8,18,9,0,0,0.533922672272,27.1000003815
1997,8,19,9,0,0,1.51799440384,0.0
1997,8,20,9,0,0,0.7615686059,0.0
1997,8,21,9,0,0,0.88466501236,0.0
1997,8,22,9,0,0,1.69642066956,0.0
1997,8,23,9,0,0,2.05355548859,0.0
1997,8,24,9,0,0,2.12569355965,0.0
1997,8,25,9,0,0,1.31760299206,0.0
1997,8,26,9,0,0,1.21448981762,19.3999996185
1997,8,27,9,0,0,0.937378585339,14.3999996185
1997,8,28,9,0,0,2.07098174095,0.0
1997,8,29,9,0,0,1.67139458656,0.0
1997,8,30,9,0,0,2.07568836212,2.20000004768
1997,8,31,9,0,0,1.85184776783,4.5
1997,9,1,9,0,0,1.73030722141,0.0
1997,9,2,9,0,0,0.68412309885,2.79999995232
1997,9,3,9,0,0,2.16083097458,3.20000004768
1997,9,4,9,0,0,1.85035669804,0.0
1997,9,5,9,0,0,2.07123494148,0.0
1997,9,6,9,0,0,2.25617551804,0.0
1997,9,7,9,0,0,2.53414463997,0.0
1997,9,8,9,0,0,2.21140217781,0.0
1997,9,9,9,0,0,1.69504857063,0.0
1997,9,10,9,0,0,1.10641980171,0.0
1997,9,11,9,0,0,1.02520608902,6.30000019073
1997,9,12,9,0,0,2.09366703033,0.0
1997,9,13,9,0,0,2.90236592293,0.0
1997,9,14,9,0,0,2.44326853752,2.29999995232
1997,9,15,9,0,0,2.46925234795,0.0
1997,9,16,9,0,0,1.8571625948,9.30000019073
1997,9,17,9,0,0,1.01861047745,2.79999995232
1997,9,18,9,0,0,2.15800595284,0.0
1997,9,19,9,0,0,2.53343391418,0.0
1997,9,20,9,0,0,2.56249594688,0.0
1997,9,21,9,0,0,2.2810614109,0.0
1997,9,22,9,0,0,2.0529460907,2.70000004768
1997,9,23,9,0,0,0.896866381168,0.0
1997,9,24,9,0,0,3.44186997414,0.0
1997,9,25,9,0,0,3.45352292061,0.0
1997,9,26,9,0,0,3.32124733925,0.0
1997,9,27,9,0,0,1.74345076084,5.80000019073
1997,9,28,9,0,0,1.87600624561,2.90000009537
1997,9,29,9,0,0,2.33753347397,3.59999990463
1997,9,30,9,0,0,2.11392831802,3.79999995232
1997,10,1,9,0,0,2.35092020035,2.90000009537
1997,10,2,9,0,0,3.16145205498,0.0
1997,10,3,9,0,0,1.6831305027,22.5
1997,10,4,9,0,0,0.525650978088,26.6000003815
1997,10,5,9,0,0,3.18995571136,0.0
1997,10,6,9,0,0,1.81094908714,13.1000003815
1997,10,7,9,0,0,1.82350599766,7.80000019073
1997,10,8,9,0,0,2.65451574326,0.0
1997,10,9,9,0,0,2.06814527512,0.0
1997,10,10,9,0,0,1.84050881863,0.0
1997,10,11,9,0,0,3.85176992416,0.0
1997,10,12,9,0,0,2.46183729172,2.0
1997,10,13,9,0,0,2.46383118629,0.0
1997,10,14,9,0,0,2.05903959274,0.0
1997,10,15,9,0,0,3.68407392502,3.70000004768
1997,10,16,9,0,0,3.13707470894,0.0
1997,10,17,9,0,0,2.47911500931,8.60000038147
1997,10,18,9,0,0,3.19918942451,0.0
1997,10,19,9,0,0,3.04568529129,0.0
1997,10,20,9,0,0,2.77974295616,8.10000038147
1997,10,21,9,0,0,3.13689041138,0.0
1997,10,22,9,0,0,3.60676193237,3.09999990463
1997,10,23,9,0,0,3.89784026146,0.0
1997,10,24,9,0,0,3.98981261253,2.09999990463
1997,10,25,9,0,0,3.79667687416,0.0
1997,10,26,9,0,0,3.93980550766,0.0
1997,10,27,9,0,0,4.05011034012,0.0
1997,10,28,9,0,0,3.47207570076,0.0
1997,10,29,9,0,0,2.80984544754,0.0
1997,10,30,9,0,0,3.73235559464,0.0
1997,10,31,9,0,0,3.06663441658,0.0
1997,11,1,9,0,0,3.40198922157,0.0
1997,11,2,9,0,0,2.88588023186,0.0
1997,11,3,9,0,0,2.99317502975,0.0
1997,11,4,9,0,0,4.23023366928,0.0
1997,11,5,9,0,0,3.70631790161,0.0
1997,11,6,9,0,0,3.98199772835,0.0
1997,11,7,9,0,0,4.17017745972,11.5
1997,11,8,9,0,0,2.32691383362,10.8000001907
1997,11,9,9,0,0,2.97479653358,16.3999996185
1997,11,10,9,0,0,3.84740614891,0.0
1997,11,11,9,0,0,3.89721798897,17.7999992371
1997,11,12,9,0,0,1.69308137894,11.8000001907
1997,11,13,9,0,0,3.95925664902,0.0
1997,11,14,9,0,0,3.76685762405,11.1000003815
1997,11,15,9,0,0,1.04558110237,20.1000003815
1997,11,16,9,0,0,4.08416414261,0.0
1997,11,17,9,0,0,2.29308104515,18.0
1997,11,18,9,0,0,3.1562871933,13.0
1997,11,19,9,0,0,3.54136562347,9.60000038147
1997,11,20,9,0,0,1.74326384068,19.7999992371
1997,11,21,9,0,0,3.6882185936,3.09999990463
1997,11,22,9,0,0,4.08484840393,0.0
1997,11,23,9,0,0,4.32491445541,0.0
1997,11,24,9,0,0,4.65451574326,11.5
1997,11,25,9,0,0,2.77773118019,0.0
1997,11,26,9,0,0,2.08465480804,0.0
1997,11,27,9,0,0,3.56814527512,8.89999961853
1997,11,28,9,0,0,0.556728124619,33.5999984741
1997,11,29,9,0,0,4.63782405853,0.0
1997,11,30,9,0,0,1.1569647789,46.5
1997,12,1,9,0,0,4.37395763397,0.0
1997,12,2,9,0,0,1.38431274891,17.2999992371
1997,12,3,9,0,0,2.74876117706,10.5
1997,12,4,9,0,0,4.43645143509,0.0
1997,12,5,9,0,0,2.79285669327,3.70000004768
1997,12,6,9,0,0,4.49064302444,0.0
1997,12,7,9,0,0,4.79081583023,0.0
1997,12,8,9,0,0,3.71256256104,0.0
1997,12,9,9,0,0,5.52403259277,0.0
1997,12,10,9,0,0,1.76348638535,3.20000004768
1997,12,11,9,0,0,5.48407697678,0.0
1997,12,12,9,0,0,5.08380651474,0.0
1997,12,13,9,0,0,1.34016525745,0.0
1997,12,14,9,0,0,5.39242982864,17.2999992371
1997,12,15,9,0,0,1.22498929501,68.8000030518
1997,12,16,9,0,0,2.66295623779,6.59999990463
1997,12,17,9,0,0,5.18476009369,0.0
1997,12,18,9,0,0,1.78060162067,9.19999980927
1997,12,19,9,0,0,4.2681388855,8.0
1997,12,20,9,0,0,0.87471473217,23.3999996185
1997,12,21,9,0,0,4.0567779541,0.0
1997,12,22,9,0,0,5.82131671906,0.0
1997,12,23,9,0,0,2.25866675377,5.90000009537
1997,12,24,9,0,0,2.438539505,34.9000015259
1997,12,25,9,0,0,4.54311704636,2.29999995232
1997,12,26,9,0,0,5.17703104019,0.0
1997,12,27,9,0,0,4.2785949707,9.0
1997,12,28,9,0,0,3.22553539276,9.0
1997,12,29,9,0,0,3.76681089401,3.0
1997,12,30,9,0,0,3.50312709808,0.0
1997,12,31,9,0,0,5.82920360565,0.0
1998,1,1,9,0,0,5.69115257263,0.0
1998,1,2,9,0,0,5.68188905716,0.0
1998,1,3,9,0,0,5.97622251511,0.0
1998,1,4,9,0,0,4.69696235657,0.0
1998,1,5,9,0,0,1.37974917889,12.3000001907
1998,1,6,9,0,0,2.92005324364,0.0
1998,1,7,9,0,0,5.57145166397,0.0
1998,1,8,9,0,0,2.84356212616,0.0
1998,1,9,9,0,0,4.14649438858,0.0
1998,1,10,9,0,0,5.95480203629,0.0
1998,1,11,9,0,0,2.89455676079,0.0
1998,1,12,9,0,0,4.64633893967,0.0
1998,1,13,9,0,0,4.73968315125,0.0
1998,1,14,9,0,0,5.43619203568,0.0
1998,1,15,9,0,0,2.45298266411,18.7999992371
1998,1,16,9,0,0,3.70597553253,0.0
1998,1,17,9,0,0,4.87013483047,0.0
1998,1,18,9,0,0,5.5326666832,0.0
1998,1,19,9,0,0,3.55073332787,0.0
1998,1,20,9,0,0,3.7957201004,0.0
1998,1,21,9,0,0,4.27305984497,0.0
1998,1,22,9,0,0,5.36178064346,0.0
1998,1,23,9,0,0,1.55390930176,4.30000019073
1998,1,24,9,0,0,2.49212193489,6.59999990463
1998,1,25,9,0,0,4.95869636536,0.0
1998,1,26,9,0,0,3.60496497154,2.0
1998,1,27,9,0,0,2.274518013,6.30000019073
1998,1,28,9,0,0,1.67797577381,3.90000009537
1998,1,29,9,0,0,2.6477766037,9.5
1998,1,30,9,0,0,1.50029301643,9.0
1998,1,31,9,0,0,4.85914421082,0.0
1998,2,1,9,0,0,5.14262723923,3.0
1998,2,2,9,0,0,2.73203921318,0.0
1998,2,3,9,0,0,1.71391022205,4.69999980927
1998,2,4,9,0,0,3.1195306778,0.0
1998,2,5,9,0,0,5.49745416641,0.0
1998,2,6,9,0,0,4.22818565369,0.0
1998,2,7,9,0,0,5.68329715729,0.0
1998,2,8,9,0,0,3.04607367516,0.0
1998,2,9,9,0,0,2.4573097229,8.5
1998,2,10,9,0,0,5.12465763092,0.0
1998,2,11,9,0,0,4.60463476181,0.0
1998,2,12,9,0,0,4.3047504425,0.0
1998,2,13,9,0,0,2.81706523895,6.0
1998,2,14,9,0,0,3.91353988647,0.0
1998,2,15,9,0,0,4.34675645828,0.0
1998,2,16,9,0,0,2.36590003967,0.0
1998,2,17,9,0,0,1.83945143223,32.7000007629
1998,2,18,9,0,0,3.01167154312,0.0
1998,2,19,9,0,0,3.79116487503,0.0
1998,2,20,9,0,0,5.09245443344,3.59999990463
1998,2,21,9,0,0,2.31019806862,8.89999961853
1998,2,22,9,0,0,3.18381237984,10.1000003815
1998,2,23,9,0,0,1.38896560669,21.1000003815
1998,2,24,9,0,0,3.90533256531,0.0
1998,2,25,9,0,0,3.37645816803,0.0
1998,2,26,9,0,0,4.47862005234,0.0
1998,2,27,9,0,0,3.54751324654,0.0
1998,2,28,9,0,0,2.20174574852,4.30000019073
1998,3,1,9,0,0,3.53238630295,0.0
1998,3,2,9,0,0,4.06046056747,0.0
1998,3,3,9,0,0,4.08596134186,0.0
1998,3,4,9,0,0,4.08155679703,0.0
1998,3,5,9,0,0,3.4803712368,0.0
1998,3,6,9,0,0,2.07687687874,39.7000007629
1998,3,7,9,0,0,1.90785515308,18.0
1998,3,8,9,0,0,2.01108002663,0.0
1998,3,9,9,0,0,2.86223912239,6.90000009537
1998,3,10,9,0,0,1.05699658394,16.2999992371
1998,3,11,9,0,0,1.13472223282,4.59999990463
1998,3,12,9,0,0,3.98371958733,0.0
1998,3,13,9,0,0,4.22616004944,0.0
1998,3,14,9,0,0,2.0968003273,10.8999996185
1998,3,15,9,0,0,1.92178487778,13.3999996185
1998,3,16,9,0,0,2.76350712776,0.0
1998,3,17,9,0,0,2.35194301605,0.0
1998,3,18,9,0,0,2.44088339806,5.90000009537
1998,3,19,9,0,0,2.17951369286,0.0
1998,3,20,9,0,0,2.00247263908,0.0
1998,3,21,9,0,0,2.10526490211,9.5
1998,3,22,9,0,0,3.30797600746,0.0
1998,3,23,9,0,0,3.22077155113,0.0
1998,3,24,9,0,0,3.68525409698,0.0
1998,3,25,9,0,0,1.59517526627,0.0
1998,3,26,9,0,0,3.0675880909,0.0
1998,3,27,9,0,0,2.93659877777,0.0
1998,3,28,9,0,0,1.59755647182,32.0
1998,3,29,9,0,0,1.35341000557,7.19999980927
1998,3,30,9,0,0,1.5893791914,9.60000038147
1998,3,31,9,0,0,2.41802191734,6.5
1998,4,1,9,0,0,0.99070507288,25.1000003815
1998,4,2,9,0,0,1.94530689716,8.10000038147
1998,4,3,9,0,0,0.815734148026,16.6000003815
1998,4,4,9,0,0,1.31645560265,5.90000009537
1998,4,5,9,0,0,2.31372594833,0.0
1998,4,6,9,0,0,1.45953857899,2.5
1998,4,7,9,0,0,2.82898163795,0.0
1998,4,8,9,0,0,2.81465268135,0.0
1998,4,9,9,0,0,2.12065315247,0.0
1998,4,10,9,0,0,2.47829198837,0.0
1998,4,11,9,0,0,2.64763855934,0.0
1998,4,12,9,0,0,2.24935150146,0.0
1998,4,13,9,0,0,2.68126177788,0.0
1998,4,14,9,0,0,0.737035393715,17.1000003815
1998,4,15,9,0,0,2.49837660789,0.0
1998,4,16,9,0,0,1.80110812187,0.0
1998,4,17,9,0,0,2.21517562866,6.90000009537
1998,4,18,9,0,0,2.10768270493,0.0
1998,4,19,9,0,0,1.91634774208,0.0
1998,4,20,9,0,0,2.09203290939,0.0
1998,4,21,9,0,0,2.40438723564,0.0
1998,4,22,9,0,0,2.09957742691,0.0
1998,4,23,9,0,0,0.275520950556,12.8999996185
1998,4,24,9,0,0,1.92002427578,0.0
1998,4,25,9,0,0,2.2073943615,0.0
1998,4,26,9,0,0,1.50445413589,0.0
1998,4,27,9,0,0,0.817183315754,17.2999992371
1998,4,28,9,0,0,0.73594558239,13.8000001907
1998,4,29,9,0,0,1.59862005711,5.30000019073
1998,4,30,9,0,0,1.90357720852,0.0
1998,5,1,9,0,0,0.43986082077,4.30000019073
1998,5,2,9,0,0,1.43751168251,2.59999990463
1998,5,3,9,0,0,1.51999890804,0.0
1998,5,4,9,0,0,1.46486794949,0.0
1998,5,5,9,0,0,1.55111324787,0.0
1998,5,6,9,0,0,1.61921346188,2.90000009537
1998,5,7,9,0,0,0.348024189472,28.2000007629
1998,5,8,9,0,0,1.30058729649,0.0
1998,5,9,9,0,0,1.10324466228,8.19999980927
1998,5,10,9,0,0,1.55902397633,4.30000019073
1998,5,11,9,0,0,1.53923916817,0.0
1998,5,12,9,0,0,1.11368644238,2.09999990463
1998,5,13,9,0,0,0.832665920258,0.0
1998,5,14,9,0,0,1.34254920483,0.0
1998,5,15,9,0,0,1.47218298912,0.0
1998,5,16,9,0,0,0.598239839077,0.0
1998,5,17,9,0,0,1.03804337978,0.0
1998,5,18,9,0,0,1.40063452721,0.0
1998,5,19,9,0,0,1.32879292965,0.0
1998,5,20,9,0,0,0.820067346096,0.0
1998,5,21,9,0,0,0.657334327698,0.0
1998,5,22,9,0,0,0.488933980465,3.5
1998,5,23,9,0,0,0.623543202877,2.79999995232
1998,5,24,9,0,0,1.03592967987,0.0
1998,5,25,9,0,0,0.29154214263,17.2000007629
1998,5,26,9,0,0,0.931759357452,0.0
1998,5,27,9,0,0,1.11604654789,0.0
1998,5,28,9,0,0,1.0877122879,0.0
1998,5,29,9,0,0,1.01377725601,0.0
1998,5,30,9,0,0,0.315989375114,18.2000007629
1998,5,31,9,0,0,1.28136050701,6.59999990463
1998,6,1,9,0,0,0.860104560852,8.60000038147
1998,6,2,9,0,0,0.424380242825,11.1999998093
1998,6,3,9,0,0,1.1713258028,0.0
1998,6,4,9,0,0,1.07300150394,0.0
1998,6,5,9,0,0,1.07418072224,0.0
1998,6,6,9,0,0,0.672212064266,8.5
1998,6,7,9,0,0,0.39396417141,7.09999990463
1998,6,8,9,0,0,0.673835873604,0.0
1998,6,9,9,0,0,0.722054064274,0.0
1998,6,10,9,0,0,1.02732360363,0.0
1998,6,11,9,0,0,0.931240737438,0.0
1998,6,12,9,0,0,0.962545752525,0.0
1998,6,13,9,0,0,0.595121324062,10.8000001907
1998,6,14,9,0,0,0.986515879631,0.0
1998,6,15,9,0,0,0.95942902565,0.0
1998,6,16,9,0,0,0.563702404499,0.0
1998,6,17,9,0,0,0.479008883238,7.40000009537
1998,6,18,9,0,0,1.007858634,8.19999980927
1998,6,19,9,0,0,0.774637281895,2.59999990463
1998,6,20,9,0,0,0.960418403149,0.0
1998,6,21,9,0,0,0.724061787128,0.0
1998,6,22,9,0,0,0.379037886858,3.90000009537
1998,6,23,9,0,0,0.624607861042,0.0
1998,6,24,9,0,0,0.551314651966,4.5
1998,6,25,9,0,0,0.641605615616,12.6999998093
1998,6,26,9,0,0,0.746181964874,11.6000003815
1998,6,27,9,0,0,1.15781402588,0.0
1998,6,28,9,0,0,1.01028382778,0.0
1998,6,29,9,0,0,0.97237598896,0.0
1998,6,30,9,0,0,0.488123059273,75.0
1998,7,1,9,0,0,0.191634252667,58.4000015259
1998,7,2,9,0,0,0.300931572914,8.39999961853
1998,7,3,9,0,0,1.05569767952,0.0
1998,7,4,9,0,0,0.724139094353,0.0
1998,7,5,9,0,0,0.803058564663,0.0
1998,7,6,9,0,0,1.08927118778,0.0
1998,7,7,9,0,0,0.716403782368,7.09999990463
1998,7,8,9,0,0,0.873458385468,5.80000019073
1998,7,9,9,0,0,0.563134610653,17.2999992371
1998,7,10,9,0,0,0.773772239685,15.1000003815
1998,7,11,9,0,0,0.563729166985,6.40000009537
1998,7,12,9,0,0,0.706145644188,2.0
1998,7,13,9,0,0,1.18188929558,0.0
1998,7,14,9,0,0,0.97389882803,0.0
1998,7,15,9,0,0,1.24672353268,0.0
1998,7,16,9,0,0,0.673413693905,0.0
1998,7,17,9,0,0,1.20159482956,0.0
1998,7,18,9,0,0,1.07168281078,0.0
1998,7,19,9,0,0,1.15065348148,0.0
1998,7,20,9,0,0,0.875539958477,3.20000004768
1998,7,21,9,0,0,0.60497367382,6.90000009537
1998,7,22,9,0,0,0.54280090332,28.3999996185
1998,7,23,9,0,0,0.953200697899,5.80000019073
1998,7,24,9,0,0,1.26689767838,0.0
1998,7,25,9,0,0,1.33951759338,0.0
1998,7,26,9,0,0,1.36008501053,0.0
1998,7,27,9,0,0,1.44952559471,0.0
1998,7,28,9,0,0,1.35790789127,2.09999990463
1998,7,29,9,0,0,0.540716767311,42.7999992371
1998,7,30,9,0,0,0.872508406639,15.5
1998,7,31,9,0,0,1.06863486767,5.0
1998,8,1,9,0,0,0.910307049751,9.5
1998,8,2,9,0,0,0.88425129652,8.10000038147
1998,8,3,9,0,0,1.35200631618,0.0
1998,8,4,9,0,0,1.16878724098,0.0
1998,8,5,9,0,0,1.01565909386,0.0
1998,8,6,9,0,0,0.425082504749,12.8000001907
1998,8,7,9,0,0,1.37623953819,0.0
1998,8,8,9,0,0,1.60811603069,0.0
1998,8,9,9,0,0,1.346118927,0.0
1998,8,10,9,0,0,0.476898372173,23.8999996185
1998,8,11,9,0,0,0.715634584427,10.3999996185
1998,8,12,9,0,0,0.905777156353,4.59999990463
1998,8,13,9,0,0,1.36225557327,0.0
1998,8,14,9,0,0,1.71509170532,0.0
1998,8,15,9,0,0,1.48278665543,7.90000009537
1998,8,16,9,0,0,1.74137067795,2.40000009537
1998,8,17,9,0,0,1.16247785091,0.0
1998,8,18,9,0,0,1.72113037109,0.0
1998,8,19,9,0,0,1.73478519917,0.0
1998,8,20,9,0,0,1.07103788853,7.09999990463
1998,8,21,9,0,0,1.83015418053,0.0
1998,8,22,9,0,0,1.26952838898,0.0
1998,8,23,9,0,0,1.06954717636,19.8999996185
1998,8,24,9,0,0,0.491262704134,13.8000001907
1998,8,25,9,0,0,0.365279436111,12.5
1998,8,26,9,0,0,0.991959393024,11.3999996185
1998,8,27,9,0,0,2.07034659386,0.0
1998,8,28,9,0,0,2.30482602119,0.0
1998,8,29,9,0,0,1.11518239975,7.19999980927
1998,8,30,9,0,0,2.22940564156,0.0
1998,8,31,9,0,0,1.70870041847,0.0
1998,9,1,9,0,0,2.09561085701,0.0
1998,9,2,9,0,0,2.11277747154,13.6999998093
1998,9,3,9,0,0,1.25227940083,4.0
1998,9,4,9,0,0,2.35964512825,2.09999990463
1998,9,5,9,0,0,2.04540252686,13.3999996185
1998,9,6,9,0,0,1.67567741871,6.59999990463
1998,9,7,9,0,0,1.40745162964,12.3999996185
1998,9,8,9,0,0,1.9755614996,7.19999980927
1998,9,9,9,0,0,2.2803413868,0.0
1998,9,10,9,0,0,1.97183096409,6.59999990463
1998,9,11,9,0,0,2.29354190826,0.0
1998,9,12,9,0,0,1.7616751194,0.0
1998,9,13,9,0,0,2.44342017174,0.0
1998,9,14,9,0,0,1.97536873817,17.3999996185
1998,9,15,9,0,0,1.83729064465,39.9000015259
1998,9,16,9,0,0,1.08170795441,10.1000003815
1998,9,17,9,0,0,1.34047198296,2.40000009537
1998,9,18,9,0,0,2.72412109375,2.79999995232
1998,9,19,9,0,0,2.48284626007,0.0
1998,9,20,9,0,0,2.42912983894,4.5
1998,9,21,9,0,0,2.96775150299,3.20000004768
1998,9,22,9,0,0,2.95692706108,0.0
1998,9,23,9,0,0,2.91603350639,0.0
1998,9,24,9,0,0,1.26203429699,4.69999980927
1998,9,25,9,0,0,0.668917953968,0.0
1998,9,26,9,0,0,1.21907174587,15.1999998093
1998,9,27,9,0,0,1.50058066845,4.69999980927
1998,9,28,9,0,0,2.91979122162,0.0
1998,9,29,9,0,0,3.31494164467,0.0
1998,9,30,9,0,0,3.25999927521,12.5
1998,10,1,9,0,0,2.63818335533,11.8999996185
1998,10,2,9,0,0,0.897952079773,18.0
1998,10,3,9,0,0,3.02500724792,0.0
1998,10,4,9,0,0,2.18955802917,16.8999996185
1998,10,5,9,0,0,2.09147238731,12.5
1998,10,6,9,0,0,3.29396867752,0.0
1998,10,7,9,0,0,1.93126344681,25.3999996185
1998,10,8,9,0,0,1.03730356693,24.0
1998,10,9,9,0,0,2.2229218483,0.0
1998,10,10,9,0,0,2.92568540573,0.0
1998,10,11,9,0,0,2.06774783134,7.19999980927
1998,10,12,9,0,0,1.98367857933,19.2999992371
1998,10,13,9,0,0,1.11047101021,17.3999996185
1998,10,14,9,0,0,2.15586614609,9.80000019073
1998,10,15,9,0,0,3.09443044662,7.09999990463
1998,10,16,9,0,0,2.23559570312,7.69999980927
1998,10,17,9,0,0,3.12070846558,2.5
1998,10,18,9,0,0,3.60140395164,27.7999992371
1998,10,19,9,0,0,0.279007554054,41.7000007629
1998,10,20,9,0,0,0.817418754101,18.2000007629
1998,10,21,9,0,0,2.47727274895,24.2999992371
1998,10,22,9,0,0,2.41131353378,12.1999998093
1998,10,23,9,0,0,2.69657683372,5.69999980927
1998,10,24,9,0,0,3.59382128716,0.0
1998,10,25,9,0,0,3.23019886017,0.0
1998,10,26,9,0,0,1.41271853447,49.0
1998,10,27,9,0,0,1.1731351614,33.7999992371
1998,10,28,9,0,0,1.26470947266,10.5
1998,10,29,9,0,0,1.6006616354,14.5
1998,10,30,9,0,0,3.58538413048,5.40000009537
1998,10,31,9,0,0,3.88046479225,0.0
1998,11,1,9,0,0,3.25734734535,4.5
1998,11,2,9,0,0,2.38326358795,4.0
1998,11,3,9,0,0,3.95981144905,8.89999961853
1998,11,4,9,0,0,3.95093679428,2.0
1998,11,5,9,0,0,4.53493785858,0.0
1998,11,6,9,0,0,3.74598956108,0.0
1998,11,7,9,0,0,5.15117263794,0.0
1998,11,8,9,0,0,5.07445001602,0.0
1998,11,9,9,0,0,2.4121055603,0.0
1998,11,10,9,0,0,4.85754776001,0.0
1998,11,11,9,0,0,4.84901332855,0.0
1998,11,12,9,0,0,3.81242799759,0.0
1998,11,13,9,0,0,5.19497585297,0.0
1998,11,14,9,0,0,4.98244428635,0.0
1998,11,15,9,0,0,4.79824352264,0.0
1998,11,16,9,0,0,5.18650770187,0.0
1998,11,17,9,0,0,5.45412969589,0.0
1998,11,18,9,0,0,5.08407831192,0.0
1998,11,19,9,0,0,5.08362913132,0.0
1998,11,20,9,0,0,4.0830578804,0.0
1998,11,21,9,0,0,5.02862596512,0.0
1998,11,22,9,0,0,5.2563624382,0.0
1998,11,23,9,0,0,2.68537068367,0.0
1998,11,24,9,0,0,4.85669755936,0.0
1998,11,25,9,0,0,4.91963005066,0.0
1998,11,26,9,0,0,3.97117853165,0.0
1998,11,27,9,0,0,4.90227174759,0.0
1998,11,28,9,0,0,5.66582012177,0.0
1998,11,29,9,0,0,2.87051391602,3.40000009537
1998,11,30,9,0,0,2.58816289902,0.0
1998,12,1,9,0,0,3.21869111061,8.0
1998,12,2,9,0,0,5.18316030502,3.90000009537
1998,12,3,9,0,0,5.12023353577,0.0
1998,12,4,9,0,0,1.89302134514,6.5
1998,12,5,9,0,0,4.32233095169,4.19999980927
1998,12,6,9,0,0,0.968208491802,27.5
1998,12,7,9,0,0,2.41431379318,10.6999998093
1998,12,8,9,0,0,3.12833571434,16.3999996185
1998,12,9,9,0,0,3.08303546906,8.5
1998,12,10,9,0,0,3.81401324272,4.30000019073
1998,12,11,9,0,0,5.14665126801,0.0
1998,12,12,9,0,0,3.22625470161,0.0
1998,12,13,9,0,0,2.09579873085,5.0
1998,12,14,9,0,0,5.36480236053,0.0
1998,12,15,9,0,0,5.11823511124,0.0
1998,12,16,9,0,0,5.36045074463,0.0
1998,12,17,9,0,0,4.15589332581,0.0
1998,12,18,9,0,0,1.83984267712,19.6000003815
1998,12,19,9,0,0,1.92725276947,2.20000004768
1998,12,20,9,0,0,2.3181116581,3.79999995232
1998,12,21,9,0,0,3.61783909798,0.0
1998,12,22,9,0,0,3.35893106461,0.0
1998,12,23,9,0,0,5.72189807892,0.0
1998,12,24,9,0,0,6.19355392456,0.0
1998,12,25,9,0,0,5.87340688705,0.0
1998,12,26,9,0,0,4.70423364639,0.0
1998,12,27,9,0,0,6.15564775467,0.0
1998,12,28,9,0,0,4.19901514053,0.0
1998,12,29,9,0,0,2.62807250023,0.0
1998,12,30,9,0,0,1.53188705444,3.20000004768
1998,12,31,9,0,0,5.9923377037,0.0
1999,1,1,9,0,0,5.10268545151,0.0
1999,1,2,9,0,0,5.93415975571,0.0
1999,1,3,9,0,0,6.48704528809,0.0
1999,1,4,9,0,0,6.35453367233,0.0
1999,1,5,9,0,0,6.07157945633,0.0
1999,1,6,9,0,0,5.57246351242,0.0
1999,1,7,9,0,0,4.36152887344,10.8999996185
1999,1,8,9,0,0,2.47250962257,3.20000004768
1999,1,9,9,0,0,5.55533695221,0.0
1999,1,10,9,0,0,5.12149810791,0.0
1999,1,11,9,0,0,3.60144782066,0.0
1999,1,12,9,0,0,3.7130753994,0.0
1999,1,13,9,0,0,5.2698431015,6.09999990463
1999,1,14,9,0,0,1.34218156338,18.2999992371
1999,1,15,9,0,0,4.14429187775,2.09999990463
1999,1,16,9,0,0,5.79171228409,3.0
1999,1,17,9,0,0,5.15802431107,0.0
1999,1,18,9,0,0,5.04443788528,0.0
1999,1,19,9,0,0,5.75745820999,0.0
1999,1,20,9,0,0,6.19330406189,0.0
1999,1,21,9,0,0,5.27989530563,0.0
1999,1,22,9,0,0,2.75936722755,0.0
1999,1,23,9,0,0,5.6807308197,0.0
1999,1,24,9,0,0,5.99091148376,0.0
1999,1,25,9,0,0,6.00777339935,0.0
1999,1,26,9,0,0,6.05994462967,0.0
1999,1,27,9,0,0,6.00537633896,0.0
1999,1,28,9,0,0,5.70503997803,0.0
1999,1,29,9,0,0,4.60783672333,0.0
1999,1,30,9,0,0,3.17746520042,34.2999992371
1999,1,31,9,0,0,1.36262023449,14.3999996185
1999,2,1,9,0,0,5.25789785385,0.0
1999,2,2,9,0,0,5.41567182541,0.0
1999,2,3,9,0,0,5.26408624649,0.0
1999,2,4,9,0,0,5.59627008438,0.0
1999,2,5,9,0,0,4.62548923492,0.0
1999,2,6,9,0,0,4.89043283463,0.0
1999,2,7,9,0,0,5.05301618576,0.0
1999,2,8,9,0,0,5.85731840134,0.0
1999,2,9,9,0,0,5.37684631348,0.0
1999,2,10,9,0,0,5.01479196548,0.0
1999,2,11,9,0,0,5.68079948425,0.0
1999,2,12,9,0,0,4.03428077698,0.0
1999,2,13,9,0,0,5.32612037659,0.0
1999,2,14,9,0,0,3.51548552513,0.0
1999,2,15,9,0,0,2.5975458622,0.0
1999,2,16,9,0,0,2.5152258873,0.0
1999,2,17,9,0,0,2.44097566605,0.0
1999,2,18,9,0,0,4.56243753433,0.0
1999,2,19,9,0,0,3.33658957481,13.3000001907
1999,2,20,9,0,0,4.15163040161,0.0
1999,2,21,9,0,0,5.1092748642,0.0
1999,2,22,9,0,0,4.3798699379,0.0
1999,2,23,9,0,0,4.41178321838,0.0
1999,2,24,9,0,0,4.74129867554,0.0
1999,2,25,9,0,0,1.63547587395,9.5
1999,2,26,9,0,0,1.18531596661,47.5999984741
1999,2,27,9,0,0,2.24541282654,2.29999995232
1999,2,28,9,0,0,3.11920213699,3.20000004768
1999,3,1,9,0,0,3.49364447594,2.20000004768
1999,3,2,9,0,0,3.5015194416,0.0
1999,3,3,9,0,0,4.45705509186,0.0
1999,3,4,9,0,0,3.96543335915,0.0
1999,3,5,9,0,0,2.08885765076,7.69999980927
1999,3,6,9,0,0,2.3191382885,5.30000019073
1999,3,7,9,0,0,4.20728063583,0.0
1999,3,8,9,0,0,3.59796071053,0.0
1999,3,9,9,0,0,2.66682434082,5.80000019073
1999,3,10,9,0,0,0.770013511181,17.1000003815
1999,3,11,9,0,0,2.99844431877,2.5
1999,3,12,9,0,0,2.56307601929,0.0
1999,3,13,9,0,0,2.20289802551,0.0
1999,3,14,9,0,0,3.14766049385,0.0
1999,3,15,9,0,0,4.06414890289,0.0
1999,3,16,9,0,0,3.80097794533,0.0
1999,3,17,9,0,0,2.42125105858,0.0
1999,3,18,9,0,0,3.59204769135,0.0
1999,3,19,9,0,0,2.3308236599,0.0
1999,3,20,9,0,0,3.64087677002,0.0
1999,3,21,9,0,0,3.91131973267,0.0
1999,3,22,9,0,0,2.69039154053,0.0
1999,3,23,9,0,0,1.41444313526,19.5
1999,3,24,9,0,0,2.03215479851,0.0
1999,3,25,9,0,0,3.51586341858,0.0
1999,3,26,9,0,0,3.38590526581,0.0
1999,3,27,9,0,0,1.26208758354,0.0
1999,3,28,9,0,0,1.61846470833,0.0
1999,3,29,9,0,0,1.59642994404,5.80000019073
1999,3,30,9,0,0,1.1105389595,10.5
1999,3,31,9,0,0,3.2044711113,0.0
1999,4,1,9,0,0,1.67940735817,2.09999990463
1999,4,2,9,0,0,1.37771761417,4.69999980927
1999,4,3,9,0,0,2.85232234001,0.0
1999,4,4,9,0,0,3.05758786201,0.0
1999,4,5,9,0,0,2.98022675514,0.0
1999,4,6,9,0,0,1.07886397839,26.6000003815
1999,4,7,9,0,0,2.53293347359,10.1999998093
1999,4,8,9,0,0,1.94340968132,0.0
1999,4,9,9,0,0,2.65198087692,0.0
1999,4,10,9,0,0,2.20845580101,0.0
1999,4,11,9,0,0,2.62461209297,0.0
1999,4,12,9,0,0,2.24272036552,0.0
1999,4,13,9,0,0,0.986426115036,7.09999990463
1999,4,14,9,0,0,0.948555469513,47.7000007629
1999,4,15,9,0,0,1.81951010227,15.8000001907
1999,4,16,9,0,0,1.11587750912,21.7999992371
1999,4,17,9,0,0,2.08000564575,2.09999990463
1999,4,18,9,0,0,2.10360074043,0.0
1999,4,19,9,0,0,2.39421653748,0.0
1999,4,20,9,0,0,2.3302385807,0.0
1999,4,21,9,0,0,1.75542378426,0.0
1999,4,22,9,0,0,2.01383161545,0.0
1999,4,23,9,0,0,2.08559465408,0.0
1999,4,24,9,0,0,2.37636566162,0.0
1999,4,25,9,0,0,2.0504989624,0.0
1999,4,26,9,0,0,2.39784455299,0.0
1999,4,27,9,0,0,2.06451272964,0.0
1999,4,28,9,0,0,2.0173869133,0.0
1999,4,29,9,0,0,2.06904220581,0.0
1999,4,30,9,0,0,0.933150410652,3.90000009537
1999,5,1,9,0,0,1.83948409557,0.0
1999,5,2,9,0,0,1.6709382534,0.0
1999,5,3,9,0,0,2.12789297104,0.0
1999,5,4,9,0,0,1.95881557465,3.59999990463
1999,5,5,9,0,0,0.767306447029,4.59999990463
1999,5,6,9,0,0,1.57052767277,0.0
1999,5,7,9,0,0,1.80405950546,0.0
1999,5,8,9,0,0,1.42430877686,0.0
1999,5,9,9,0,0,0.815798580647,4.80000019073
1999,5,10,9,0,0,1.33074355125,0.0
1999,5,11,9,0,0,1.62768232822,0.0
1999,5,12,9,0,0,1.27422273159,0.0
1999,5,13,9,0,0,0.643315255642,9.60000038147
1999,5,14,9,0,0,1.35209035873,2.20000004768
1999,5,15,9,0,0,0.832486569881,4.90000009537
1999,5,16,9,0,0,0.709587216377,20.0
1999,5,17,9,0,0,1.18809306622,0.0
1999,5,18,9,0,0,1.27864670753,0.0
1999,5,19,9,0,0,1.17469775677,0.0
1999,5,20,9,0,0,0.808666169643,0.0
1999,5,21,9,0,0,0.803662240505,0.0
1999,5,22,9,0,0,0.847424030304,0.0
1999,5,23,9,0,0,1.11705946922,0.0
1999,5,24,9,0,0,0.757546424866,0.0
1999,5,25,9,0,0,0.943211555481,3.5
1999,5,26,9,0,0,0.483819156885,14.1999998093
1999,5,27,9,0,0,0.657153964043,12.1999998093
1999,5,28,9,0,0,0.688884139061,0.0
1999,5,29,9,0,0,0.717668116093,10.3000001907
1999,5,30,9,0,0,0.509822010994,6.40000009537
1999,5,31,9,0,0,0.686005949974,19.2999992371
1999,6,1,9,0,0,0.927241921425,5.69999980927
1999,6,2,9,0,0,0.520608603954,13.3999996185
1999,6,3,9,0,0,1.10166966915,0.0
1999,6,4,9,0,0,0.62570810318,0.0
1999,6,5,9,0,0,1.23130977154,0.0
1999,6,6,9,0,0,0.879068076611,0.0
1999,6,7,9,0,0,0.552604615688,0.0
1999,6,8,9,0,0,0.346763193607,18.7999992371
1999,6,9,9,0,0,0.70998698473,0.0
1999,6,10,9,0,0,0.849954783916,0.0
1999,6,11,9,0,0,0.569011092186,0.0
1999,6,12,9,0,0,0.45437681675,24.8999996185
1999,6,13,9,0,0,0.418132662773,4.5
1999,6,14,9,0,0,0.679695188999,23.2999992371
1999,6,15,9,0,0,0.442181438208,22.5
1999,6,16,9,0,0,0.498325735331,9.5
1999,6,17,9,0,0,0.681624174118,5.19999980927
1999,6,18,9,0,0,0.567617893219,0.0
1999,6,19,9,0,0,0.671208918095,0.0
1999,6,20,9,0,0,0.691532075405,0.0
1999,6,21,9,0,0,0.684852778912,0.0
1999,6,22,9,0,0,0.866980135441,0.0
1999,6,23,9,0,0,0.734383404255,0.0
1999,6,24,9,0,0,0.540190935135,0.0
1999,6,25,9,0,0,0.652647256851,0.0
1999,6,26,9,0,0,0.565379440784,0.0
1999,6,27,9,0,0,1.06824839115,0.0
1999,6,28,9,0,0,0.72549623251,0.0
1999,6,29,9,0,0,0.800893545151,0.0
1999,6,30,9,0,0,0.714671254158,0.0
1999,7,1,9,0,0,0.785065293312,2.29999995232
1999,7,2,9,0,0,0.661326527596,43.5999984741
1999,7,3,9,0,0,0.403147727251,4.5
1999,7,4,9,0,0,0.615975081921,0.0
1999,7,5,9,0,0,0.806078076363,0.0
1999,7,6,9,0,0,0.572371661663,5.30000019073
1999,7,7,9,0,0,0.586824893951,17.2999992371
1999,7,8,9,0,0,0.488716751337,0.0
1999,7,9,9,0,0,0.936650753021,0.0
1999,7,10,9,0,0,0.476944118738,0.0
1999,7,11,9,0,0,0.718871176243,0.0
1999,7,12,9,0,0,0.448007106781,18.5
1999,7,13,9,0,0,0.862564742565,0.0
1999,7,14,9,0,0,0.741421759129,0.0
1999,7,15,9,0,0,0.624543130398,0.0
1999,7,16,9,0,0,0.565104544163,3.40000009537
1999,7,17,9,0,0,0.801551997662,3.09999990463
1999,7,18,9,0,0,0.469465762377,5.0
1999,7,19,9,0,0,0.639062702656,4.40000009537
1999,7,20,9,0,0,0.82547223568,0.0
1999,7,21,9,0,0,0.712711811066,6.80000019073
1999,7,22,9,0,0,0.947169363499,0.0
1999,7,23,9,0,0,0.798479676247,0.0
1999,7,24,9,0,0,0.915257334709,0.0
1999,7,25,9,0,0,0.876550078392,9.19999980927
1999,7,26,9,0,0,0.58367317915,2.79999995232
1999,7,27,9,0,0,0.834306180477,0.0
1999,7,28,9,0,0,1.28885602951,0.0
1999,7,29,9,0,0,0.908072769642,0.0
1999,7,30,9,0,0,1.26070010662,0.0
1999,7,31,9,0,0,1.25547087193,0.0
1999,8,1,9,0,0,1.01753628254,0.0
1999,8,2,9,0,0,0.48610702157,9.60000038147
1999,8,3,9,0,0,0.484646499157,14.8999996185
1999,8,4,9,0,0,0.561183810234,2.90000009537
1999,8,5,9,0,0,1.10085630417,0.0
1999,8,6,9,0,0,1.40064871311,0.0
1999,8,7,9,0,0,1.33675336838,0.0
1999,8,8,9,0,0,1.4273597002,0.0
1999,8,9,9,0,0,0.834546089172,0.0
1999,8,10,9,0,0,1.41074061394,0.0
1999,8,11,9,0,0,0.858832120895,9.10000038147
1999,8,12,9,0,0,0.872341513634,2.59999990463
1999,8,13,9,0,0,1.24107241631,0.0
1999,8,14,9,0,0,1.11768913269,2.29999995232
1999,8,15,9,0,0,0.323267608881,33.7999992371
1999,8,16,9,0,0,1.18962001801,3.70000004768
1999,8,17,9,0,0,1.41706335545,0.0
1999,8,18,9,0,0,1.73651516438,0.0
1999,8,19,9,0,0,1.27362215519,9.89999961853
1999,8,20,9,0,0,0.419891268015,41.0999984741
1999,8,21,9,0,0,1.43526113033,8.19999980927
1999,8,22,9,0,0,0.795087099075,8.5
1999,8,23,9,0,0,1.26853883266,4.0
1999,8,24,9,0,0,0.893075585365,4.40000009537
1999,8,25,9,0,0,1.14727020264,2.09999990463
1999,8,26,9,0,0,1.35138690472,0.0
1999,8,27,9,0,0,2.18847680092,0.0
1999,8,28,9,0,0,2.07522273064,0.0
1999,8,29,9,0,0,2.04159426689,0.0
1999,8,30,9,0,0,1.17501950264,6.19999980927
1999,8,31,9,0,0,1.76966559887,3.40000009537
1999,9,1,9,0,0,0.933804988861,3.09999990463
1999,9,2,9,0,0,0.919768512249,3.0
1999,9,3,9,0,0,2.17809271812,0.0
1999,9,4,9,0,0,1.91306710243,0.0
1999,9,5,9,0,0,1.56076586246,4.19999980927
1999,9,6,9,0,0,1.14390993118,13.1999998093
1999,9,7,9,0,0,1.71983993053,3.20000004768
1999,9,8,9,0,0,1.6989082098,0.0
1999,9,9,9,0,0,2.48039722443,0.0
1999,9,10,9,0,0,1.54822528362,0.0
1999,9,11,9,0,0,1.81371819973,0.0
1999,9,12,9,0,0,1.47664749622,0.0
1999,9,13,9,0,0,0.858858287334,3.0
1999,9,14,9,0,0,2.31221675873,7.09999990463
1999,9,15,9,0,0,1.22770404816,9.69999980927
1999,9,16,9,0,0,2.57217264175,0.0
1999,9,17,9,0,0,2.37568855286,0.0
1999,9,18,9,0,0,1.15268862247,19.5
1999,9,19,9,0,0,2.08661770821,19.1000003815
1999,9,20,9,0,0,1.12812042236,10.6000003815
1999,9,21,9,0,0,2.79816532135,0.0
1999,9,22,9,0,0,2.19674658775,0.0
1999,9,23,9,0,0,2.94079589844,0.0
1999,9,24,9,0,0,1.61830878258,2.59999990463
1999,9,25,9,0,0,1.41485524178,9.80000019073
1999,9,26,9,0,0,1.9257465601,6.59999990463
1999,9,27,9,0,0,2.41181015968,2.5
1999,9,28,9,0,0,2.72909927368,0.0
1999,9,29,9,0,0,3.36841773987,0.0
1999,9,30,9,0,0,2.75994610786,0.0
1999,10,1,9,0,0,2.10185027122,0.0
1999,10,2,9,0,0,3.50741505623,0.0
1999,10,3,9,0,0,2.70618629456,0.0
1999,10,4,9,0,0,1.3308608532,15.6000003815
1999,10,5,9,0,0,0.619621157646,54.5999984741
1999,10,6,9,0,0,0.561143875122,41.9000015259
1999,10,7,9,0,0,1.15921473503,4.80000019073
1999,10,8,9,0,0,3.05689048767,0.0
1999,10,9,9,0,0,2.92513871193,0.0
1999,10,10,9,0,0,2.45882058144,0.0
1999,10,11,9,0,0,1.52399194241,5.80000019073
1999,10,12,9,0,0,1.11273777485,12.8999996185
1999,10,13,9,0,0,3.38321042061,0.0
1999,10,14,9,0,0,3.79851222038,0.0
1999,10,15,9,0,0,3.97277545929,0.0
1999,10,16,9,0,0,3.89251422882,0.0
1999,10,17,9,0,0,2.52348423004,0.0
1999,10,18,9,0,0,4.03093194962,0.0
1999,10,19,9,0,0,3.36489367485,2.90000009537
1999,10,20,9,0,0,1.07431364059,34.2999992371
1999,10,21,9,0,0,2.33752775192,7.80000019073
1999,10,22,9,0,0,3.75687384605,0.0
1999,10,23,9,0,0,1.11211848259,17.8999996185
1999,10,24,9,0,0,4.30339574814,0.0
1999,10,25,9,0,0,4.13243055344,0.0
1999,10,26,9,0,0,2.40536665916,5.19999980927
1999,10,27,9,0,0,1.85973715782,9.60000038147
1999,10,28,9,0,0,3.75180387497,4.0
1999,10,29,9,0,0,1.07816970348,11.1000003815
1999,10,30,9,0,0,2.12564253807,7.19999980927
1999,10,31,9,0,0,2.39081215858,8.10000038147
1999,11,1,9,0,0,1.65907263756,18.2000007629
1999,11,2,9,0,0,2.42598772049,0.0
1999,11,3,9,0,0,4.78608608246,0.0
1999,11,4,9,0,0,1.65968191624,8.10000038147
1999,11,5,9,0,0,2.42480301857,3.79999995232
1999,11,6,9,0,0,3.57372951508,0.0
1999,11,7,9,0,0,2.85293984413,0.0
1999,11,8,9,0,0,3.3056204319,0.0
1999,11,9,9,0,0,5.35561704636,2.90000009537
1999,11,10,9,0,0,1.71634697914,19.1000003815
1999,11,11,9,0,0,2.42736029625,25.5
1999,11,12,9,0,0,1.68011963367,6.80000019073
1999,11,13,9,0,0,3.85969138145,0.0
1999,11,14,9,0,0,3.28407621384,0.0
1999,11,15,9,0,0,2.50040745735,0.0
1999,11,16,9,0,0,2.75378370285,3.79999995232
1999,11,17,9,0,0,1.3591299057,39.2999992371
1999,11,18,9,0,0,3.73342514038,2.59999990463
1999,11,19,9,0,0,2.63617157936,6.19999980927
1999,11,20,9,0,0,2.97187256813,0.0
1999,11,21,9,0,0,5.12493515015,0.0
1999,11,22,9,0,0,5.48463916779,0.0
1999,11,23,9,0,0,4.17255210876,3.90000009537
1999,11,24,9,0,0,1.18916964531,10.0
1999,11,25,9,0,0,4.89656257629,0.0
1999,11,26,9,0,0,4.91217947006,0.0
1999,11,27,9,0,0,3.23045063019,2.5
1999,11,28,9,0,0,3.87331390381,0.0
1999,11,29,9,0,0,5.37824201584,0.0
1999,11,30,9,0,0,5.70039606094,0.0
1999,12,1,9,0,0,3.11928868294,0.0
1999,12,2,9,0,0,4.42783641815,0.0
1999,12,3,9,0,0,2.25319671631,0.0
1999,12,4,9,0,0,5.69567251205,0.0
1999,12,5,9,0,0,3.88547325134,2.29999995232
1999,12,6,9,0,0,5.54896068573,0.0
1999,12,7,9,0,0,5.99498701096,0.0
1999,12,8,9,0,0,4.92331933975,0.0
1999,12,9,9,0,0,5.89378404617,0.0
1999,12,10,9,0,0,4.35043287277,0.0
1999,12,11,9,0,0,1.27476596832,8.5
1999,12,12,9,0,0,2.68594527245,0.0
1999,12,13,9,0,0,1.78513133526,14.6999998093
1999,12,14,9,0,0,3.27015376091,0.0
1999,12,15,9,0,0,4.93492507935,0.0
1999,12,16,9,0,0,4.64971542358,0.0
1999,12,17,9,0,0,3.44177603722,0.0
1999,12,18,9,0,0,1.75536096096,8.69999980927
1999,12,19,9,0,0,4.67009830475,0.0
1999,12,20,9,0,0,4.66288423538,0.0
1999,12,21,9,0,0,5.25843763351,0.0
1999,12,22,9,0,0,4.25003480911,0.0
1999,12,23,9,0,0,5.02728223801,0.0
1999,12,24,9,0,0,2.04698801041,4.09999990463
1999,12,25,9,0,0,4.49907207489,0.0
1999,12,26,9,0,0,6.08477735519,0.0
1999,12,27,9,0,0,3.32115340233,0.0
1999,12,28,9,0,0,3.05437326431,0.0
1999,12,29,9,0,0,5.26514101028,0.0
1999,12,30,9,0,0,3.99846029282,0.0
1999,12,31,9,0,0,2.64227294922,7.59999990463
2000,1,1,9,0,0,3.12207818031,3.5
2000,1,2,9,0,0,2.00245285034,22.7000007629
2000,1,3,9,0,0,3.7123439312,6.09999990463
2000,1,4,9,0,0,3.7010538578,0.0
2000,1,5,9,0,0,4.04536104202,0.0
2000,1,6,9,0,0,5.53233480453,0.0
2000,1,7,9,0,0,3.79148006439,0.0
2000,1,8,9,0,0,3.61021757126,3.40000009537
2000,1,9,9,0,0,6.00177288055,0.0
2000,1,10,9,0,0,5.45434617996,0.0
2000,1,11,9,0,0,4.92981147766,0.0
2000,1,12,9,0,0,5.68079280853,0.0
2000,1,13,9,0,0,6.11719942093,0.0
2000,1,14,9,0,0,6.11541032791,0.0
2000,1,15,9,0,0,5.14072751999,0.0
2000,1,16,9,0,0,3.02029895782,2.29999995232
2000,1,17,9,0,0,4.00154352188,0.0
2000,1,18,9,0,0,5.46039628983,0.0
2000,1,19,9,0,0,4.99669981003,0.0
2000,1,20,9,0,0,4.58568286896,0.0
2000,1,21,9,0,0,3.51941466331,3.59999990463
2000,1,22,9,0,0,0.705803692341,42.2000007629
2000,1,23,9,0,0,2.89128017426,26.6000003815
2000,1,24,9,0,0,2.32962346077,21.5
2000,1,25,9,0,0,2.67441821098,10.3999996185
2000,1,26,9,0,0,4.42588233948,0.0
2000,1,27,9,0,0,4.07042789459,0.0
2000,1,28,9,0,0,5.35738563538,0.0
2000,1,29,9,0,0,1.13350117207,38.5
2000,1,30,9,0,0,2.21756696701,12.1000003815
2000,1,31,9,0,0,2.35064840317,2.79999995232
2000,2,1,9,0,0,2.69469809532,2.20000004768
2000,2,2,9,0,0,4.24623727798,0.0
2000,2,3,9,0,0,3.72229838371,0.0
2000,2,4,9,0,0,1.3582431078,0.0
2000,2,5,9,0,0,4.74612665176,0.0
2000,2,6,9,0,0,2.13730597496,6.09999990463
2000,2,7,9,0,0,3.6993727684,0.0
2000,2,8,9,0,0,3.72057676315,0.0
2000,2,9,9,0,0,3.556899786,0.0
2000,2,10,9,0,0,4.63741540909,0.0
2000,2,11,9,0,0,4.80993747711,0.0
2000,2,12,9,0,0,3.67416453362,0.0
2000,2,13,9,0,0,1.15529882908,3.70000004768
2000,2,14,9,0,0,1.35686123371,13.3000001907
2000,2,15,9,0,0,2.43630480766,21.7999992371
2000,2,16,9,0,0,0.921381473541,25.2999992371
2000,2,17,9,0,0,4.62839984894,0.0
2000,2,18,9,0,0,4.30351352692,0.0
2000,2,19,9,0,0,4.9669508934,0.0
2000,2,20,9,0,0,3.76442193985,0.0
2000,2,21,9,0,0,1.61488139629,0.0
2000,2,22,9,0,0,4.70293951035,0.0
2000,2,23,9,0,0,4.70233631134,0.0
2000,2,24,9,0,0,3.58217263222,0.0
2000,2,25,9,0,0,3.16646122932,0.0
2000,2,26,9,0,0,4.52751541138,0.0
2000,2,27,9,0,0,2.06953811646,0.0
2000,2,28,9,0,0,4.08562994003,0.0
2000,2,29,9,0,0,4.14380693436,0.0
2000,3,1,9,0,0,3.97999691963,0.0
2000,3,2,9,0,0,4.27633619308,0.0
2000,3,3,9,0,0,3.75534105301,0.0
2000,3,4,9,0,0,4.09545230865,0.0
2000,3,5,9,0,0,4.23378324509,0.0
2000,3,6,9,0,0,2.94267320633,3.20000004768
2000,3,7,9,0,0,4.07367944717,0.0
2000,3,8,9,0,0,3.05275297165,0.0
2000,3,9,9,0,0,3.46024942398,0.0
2000,3,10,9,0,0,3.9533457756,0.0
2000,3,11,9,0,0,2.71389245987,0.0
2000,3,12,9,0,0,2.55136036873,7.19999980927
2000,3,13,9,0,0,2.21850204468,2.0
2000,3,14,9,0,0,4.06196451187,0.0
2000,3,15,9,0,0,2.72759509087,0.0
2000,3,16,9,0,0,3.83248496056,0.0
2000,3,17,9,0,0,3.56344079971,0.0
2000,3,18,9,0,0,2.09999370575,0.0
2000,3,19,9,0,0,2.12453818321,2.29999995232
2000,3,20,9,0,0,3.13254475594,7.30000019073
2000,3,21,9,0,0,0.653415262699,11.1000003815
2000,3,22,9,0,0,3.28096818924,0.0
2000,3,23,9,0,0,3.13424229622,0.0
2000,3,24,9,0,0,2.19715714455,0.0
2000,3,25,9,0,0,2.99885821342,0.0
2000,3,26,9,0,0,3.51859784126,0.0
2000,3,27,9,0,0,2.40331029892,0.0
2000,3,28,9,0,0,1.33106803894,0.0
2000,3,29,9,0,0,1.69221460819,6.90000009537
2000,3,30,9,0,0,2.29618954659,0.0
2000,3,31,9,0,0,2.70297408104,0.0
2000,4,1,9,0,0,1.2457369566,17.7000007629
2000,4,2,9,0,0,1.75070595741,0.0
2000,4,3,9,0,0,2.57813286781,4.30000019073
2000,4,4,9,0,0,0.429342359304,33.4000015259
2000,4,5,9,0,0,1.90457618237,25.1000003815
2000,4,6,9,0,0,0.632340610027,66.4000015259
2000,4,7,9,0,0,1.0957660675,4.69999980927
2000,4,8,9,0,0,2.42382931709,0.0
2000,4,9,9,0,0,2.12251615524,0.0
2000,4,10,9,0,0,2.17557692528,0.0
2000,4,11,9,0,0,1.81563460827,0.0
2000,4,12,9,0,0,1.71729457378,0.0
2000,4,13,9,0,0,1.72697973251,0.0
2000,4,14,9,0,0,2.40975308418,0.0
2000,4,15,9,0,0,2.04035162926,0.0
2000,4,16,9,0,0,1.73460364342,0.0
2000,4,17,9,0,0,1.69328546524,0.0
2000,4,18,9,0,0,0.846310973167,33.5999984741
2000,4,19,9,0,0,0.724635839462,16.1000003815
2000,4,20,9,0,0,1.25450563431,0.0
2000,4,21,9,0,0,1.69298410416,0.0
2000,4,22,9,0,0,1.56973767281,7.09999990463
2000,4,23,9,0,0,0.361109346151,16.7999992371
2000,4,24,9,0,0,0.82784807682,2.5
2000,4,25,9,0,0,1.72571718693,0.0
2000,4,26,9,0,0,1.84004569054,0.0
2000,4,27,9,0,0,1.50273954868,0.0
2000,4,28,9,0,0,1.87298083305,0.0
2000,4,29,9,0,0,1.15648961067,0.0
2000,4,30,9,0,0,0.758407473564,0.0
2000,5,1,9,0,0,1.31559753418,0.0
2000,5,2,9,0,0,0.605629503727,2.40000009537
2000,5,3,9,0,0,1.16830825806,0.0
2000,5,4,9,0,0,1.09019744396,0.0
2000,5,5,9,0,0,0.863547325134,0.0
2000,5,6,9,0,0,1.03513634205,11.0
2000,5,7,9,0,0,0.463379949331,31.8999996185
2000,5,8,9,0,0,1.86393213272,0.0
2000,5,9,9,0,0,0.842406511307,0.0
2000,5,10,9,0,0,1.68782353401,0.0
2000,5,11,9,0,0,0.962069034576,0.0
2000,5,12,9,0,0,0.399085879326,6.09999990463
2000,5,13,9,0,0,1.09876608849,0.0
2000,5,14,9,0,0,0.898828804493,0.0
2000,5,15,9,0,0,0.625812888145,12.1999998093
2000,5,16,9,0,0,0.903185784817,5.40000009537
2000,5,17,9,0,0,0.797883570194,0.0
2000,5,18,9,0,0,0.936758458614,2.20000004768
2000,5,19,9,0,0,0.809460282326,6.09999990463
2000,5,20,9,0,0,0.718298494816,7.69999980927
2000,5,21,9,0,0,0.378239512444,6.40000009537
2000,5,22,9,0,0,1.04956495762,3.90000009537
2000,5,23,9,0,0,1.16206037998,0.0
2000,5,24,9,0,0,0.693150103092,0.0
2000,5,25,9,0,0,1.24462807178,0.0
2000,5,26,9,0,0,0.85344094038,0.0
2000,5,27,9,0,0,0.727270245552,0.0
2000,5,28,9,0,0,0.58317643404,0.0
2000,5,29,9,0,0,0.56315523386,23.1000003815
2000,5,30,9,0,0,0.746516466141,7.80000019073
2000,5,31,9,0,0,0.613151848316,34.5
2000,6,1,9,0,0,0.815781056881,26.1000003815
2000,6,2,9,0,0,0.53272908926,22.6000003815
2000,6,3,9,0,0,0.779549121857,4.59999990463
2000,6,4,9,0,0,0.714039504528,0.0
2000,6,5,9,0,0,0.845490515232,0.0
2000,6,6,9,0,0,0.595067620277,0.0
2000,6,7,9,0,0,1.14165401459,0.0
2000,6,8,9,0,0,0.783315420151,0.0
2000,6,9,9,0,0,0.567847788334,12.5
2000,6,10,9,0,0,0.249333396554,23.1000003815
2000,6,11,9,0,0,0.483300209045,13.1999998093
2000,6,12,9,0,0,0.920442163944,3.79999995232
2000,6,13,9,0,0,1.08213734627,0.0
2000,6,14,9,0,0,0.513111412525,0.0
2000,6,15,9,0,0,0.532868206501,0.0
2000,6,16,9,0,0,0.45447063446,0.0
2000,6,17,9,0,0,0.3980422616,14.0
2000,6,18,9,0,0,0.422614365816,12.1999998093
2000,6,19,9,0,0,0.520104289055,0.0
2000,6,20,9,0,0,0.916245341301,0.0
2000,6,21,9,0,0,0.536274373531,0.0
2000,6,22,9,0,0,0.631204783916,0.0
2000,6,23,9,0,0,0.45551276207,0.0
2000,6,24,9,0,0,0.719031333923,0.0
2000,6,25,9,0,0,0.470471322536,6.69999980927
2000,6,26,9,0,0,1.06677496433,0.0
2000,6,27,9,0,0,0.528882741928,0.0
2000,6,28,9,0,0,0.526880502701,5.09999990463
2000,6,29,9,0,0,0.538774371147,3.20000004768
2000,6,30,9,0,0,1.09911739826,0.0
2000,7,1,9,0,0,0.571720898151,0.0
2000,7,2,9,0,0,0.528186678886,0.0
2000,7,3,9,0,0,1.15246009827,0.0
2000,7,4,9,0,0,1.14559936523,0.0
2000,7,5,9,0,0,1.11498737335,0.0
2000,7,6,9,0,0,1.05503356457,0.0
2000,7,7,9,0,0,1.05630755424,0.0
2000,7,8,9,0,0,1.0765184164,0.0
2000,7,9,9,0,0,1.06005215645,0.0
2000,7,10,9,0,0,0.89908850193,0.0
2000,7,11,9,0,0,0.648967683315,0.0
2000,7,12,9,0,0,0.551753878593,0.0
2000,7,13,9,0,0,1.10427129269,0.0
2000,7,14,9,0,0,0.627852261066,0.0
2000,7,15,9,0,0,0.854044795036,0.0
2000,7,16,9,0,0,1.21512067318,0.0
2000,7,17,9,0,0,1.20527529716,0.0
2000,7,18,9,0,0,1.09974730015,0.0
2000,7,19,9,0,0,0.870842516422,2.5
2000,7,20,9,0,0,0.799100518227,13.0
2000,7,21,9,0,0,0.884789049625,6.0
2000,7,22,9,0,0,0.965342402458,4.59999990463
2000,7,23,9,0,0,0.824819386005,5.69999980927
2000,7,24,9,0,0,0.57357519865,2.5
2000,7,25,9,0,0,0.477456003428,9.89999961853
2000,7,26,9,0,0,0.857088446617,43.4000015259
2000,7,27,9,0,0,0.362370193005,32.0999984741
2000,7,28,9,0,0,0.591679751873,9.89999961853
2000,7,29,9,0,0,0.982786893845,0.0
2000,7,30,9,0,0,0.960198402405,2.70000004768
2000,7,31,9,0,0,0.71258431673,4.80000019073
2000,8,1,9,0,0,0.764023125172,2.09999990463
2000,8,2,9,0,0,1.26413393021,0.0
2000,8,3,9,0,0,0.955105185509,0.0
2000,8,4,9,0,0,0.940220594406,0.0
2000,8,5,9,0,0,1.29987049103,0.0
2000,8,6,9,0,0,1.32597506046,0.0
2000,8,7,9,0,0,0.778157413006,0.0
2000,8,8,9,0,0,0.731765806675,0.0
2000,8,9,9,0,0,0.991771638393,2.20000004768
2000,8,10,9,0,0,0.754815757275,19.1000003815
2000,8,11,9,0,0,0.788218736649,13.0
2000,8,12,9,0,0,1.28887307644,0.0
2000,8,13,9,0,0,0.809180855751,2.40000009537
2000,8,14,9,0,0,1.46264266968,0.0
2000,8,15,9,0,0,1.2500936985,0.0
2000,8,16,9,0,0,0.854149878025,10.1000003815
2000,8,17,9,0,0,0.33850774169,24.2999992371
2000,8,18,9,0,0,0.817643582821,2.59999990463
2000,8,19,9,0,0,1.31685018539,0.0
2000,8,20,9,0,0,2.1597173214,0.0
2000,8,21,9,0,0,1.31753408909,0.0
2000,8,22,9,0,0,1.89895677567,0.0
2000,8,23,9,0,0,1.76484012604,0.0
2000,8,24,9,0,0,1.90671026707,0.0
2000,8,25,9,0,0,1.50357198715,7.09999990463
2000,8,26,9,0,0,0.819699525833,8.19999980927
2000,8,27,9,0,0,1.04510462284,5.80000019073
2000,8,28,9,0,0,1.65080952644,2.0
2000,8,29,9,0,0,1.63879513741,0.0
2000,8,30,9,0,0,0.766727685928,0.0
2000,8,31,9,0,0,1.2991322279,8.5
2000,9,1,9,0,0,1.50665831566,2.90000009537
2000,9,2,9,0,0,2.42306995392,2.0
2000,9,3,9,0,0,2.36780142784,0.0
2000,9,4,9,0,0,2.08147096634,4.0
2000,9,5,9,0,0,2.42188191414,0.0
2000,9,6,9,0,0,0.594201087952,19.7999992371
2000,9,7,9,0,0,1.44503962994,10.5
2000,9,8,9,0,0,1.7380207777,29.7000007629
2000,9,9,9,0,0,0.52116972208,27.7000007629
2000,9,10,9,0,0,1.78484761715,0.0
2000,9,11,9,0,0,2.6336979866,0.0
2000,9,12,9,0,0,1.80801904202,2.5
2000,9,13,9,0,0,1.22666442394,2.5
2000,9,14,9,0,0,2.51008224487,0.0
2000,9,15,9,0,0,2.11593389511,0.0
2000,9,16,9,0,0,2.78344416618,0.0
2000,9,17,9,0,0,2.86181592941,0.0
2000,9,18,9,0,0,1.06931591034,9.10000038147
2000,9,19,9,0,0,1.87284052372,4.30000019073
2000,9,20,9,0,0,0.913325369358,3.0
2000,9,21,9,0,0,2.1935839653,0.0
2000,9,22,9,0,0,1.72663760185,0.0
2000,9,23,9,0,0,1.46584904194,0.0
2000,9,24,9,0,0,2.13100266457,2.5
2000,9,25,9,0,0,2.53207588196,0.0
2000,9,26,9,0,0,2.8808760643,0.0
2000,9,27,9,0,0,3.34439277649,0.0
2000,9,28,9,0,0,2.8063147068,14.6000003815
2000,9,29,9,0,0,0.7635846138,19.1000003815
2000,9,30,9,0,0,0.542253136635,15.1000003815
2000,10,1,9,0,0,2.22867059708,19.7999992371
2000,10,2,9,0,0,2.03592419624,11.1000003815
2000,10,3,9,0,0,1.97946035862,17.2999992371
2000,10,4,9,0,0,0.915997028351,17.2999992371
2000,10,5,9,0,0,1.57314431667,5.40000009537
2000,10,6,9,0,0,0.955449581146,38.0999984741
2000,10,7,9,0,0,2.44883298874,2.5
2000,10,8,9,0,0,0.820617973804,32.7000007629
2000,10,9,9,0,0,1.97869467735,6.5
2000,10,10,9,0,0,3.22366166115,0.0
2000,10,11,9,0,0,1.29570138454,17.7000007629
2000,10,12,9,0,0,2.01872134209,0.0
2000,10,13,9,0,0,4.1326584816,0.0
2000,10,14,9,0,0,3.06787896156,0.0
2000,10,15,9,0,0,1.72247052193,17.1000003815
2000,10,16,9,0,0,2.29560661316,11.6000003815
2000,10,17,9,0,0,1.27846503258,6.19999980927
2000,10,18,9,0,0,3.51830863953,0.0
2000,10,19,9,0,0,4.05544137955,0.0
2000,10,20,9,0,0,4.29592943192,0.0
2000,10,21,9,0,0,4.09984970093,0.0
2000,10,22,9,0,0,3.99642825127,0.0
2000,10,23,9,0,0,3.02530813217,0.0
2000,10,24,9,0,0,2.40659999847,0.0
2000,10,25,9,0,0,2.83457303047,2.0
2000,10,26,9,0,0,3.34473752975,0.0
2000,10,27,9,0,0,2.72564744949,0.0
2000,10,28,9,0,0,1.9614559412,0.0
2000,10,29,9,0,0,3.13843369484,8.5
2000,10,30,9,0,0,2.35844516754,24.2999992371
2000,10,31,9,0,0,1.81567716599,5.90000009537
2000,11,1,9,0,0,3.43840742111,0.0
2000,11,2,9,0,0,2.36464428902,0.0
2000,11,3,9,0,0,5.11907100677,0.0
2000,11,4,9,0,0,5.25577449799,0.0
2000,11,5,9,0,0,5.2686882019,0.0
2000,11,6,9,0,0,5.21157360077,0.0
2000,11,7,9,0,0,0.978575348854,8.5
2000,11,8,9,0,0,4.70602083206,0.0
2000,11,9,9,0,0,4.9052605629,0.0
2000,11,10,9,0,0,5.31266784668,0.0
2000,11,11,9,0,0,5.23462152481,0.0
2000,11,12,9,0,0,5.13344192505,0.0
2000,11,13,9,0,0,4.50385046005,0.0
2000,11,14,9,0,0,3.84761357307,2.79999995232
2000,11,15,9,0,0,2.83433628082,3.70000004768
2000,11,16,9,0,0,3.13568019867,2.40000009537
2000,11,17,9,0,0,3.02687478065,5.0
2000,11,18,9,0,0,2.45397686958,8.5
2000,11,19,9,0,0,3.91906785965,0.0
2000,11,20,9,0,0,1.9473310709,4.19999980927
2000,11,21,9,0,0,2.81047105789,7.40000009537
2000,11,22,9,0,0,1.20180368423,15.8000001907
2000,11,23,9,0,0,3.94994115829,0.0
2000,11,24,9,0,0,3.09089374542,3.40000009537
2000,11,25,9,0,0,4.89726305008,0.0
2000,11,26,9,0,0,3.93958377838,0.0
2000,11,27,9,0,0,3.22172999382,7.5
2000,11,28,9,0,0,3.79977655411,5.59999990463
2000,11,29,9,0,0,3.88428711891,0.0
2000,11,30,9,0,0,5.90562343597,0.0
2000,12,1,9,0,0,3.43065428734,0.0
2000,12,2,9,0,0,2.84264135361,5.19999980927
2000,12,3,9,0,0,4.93481683731,0.0
2000,12,4,9,0,0,5.78071165085,0.0
2000,12,5,9,0,0,6.09789896011,0.0
2000,12,6,9,0,0,5.41677570343,0.0
2000,12,7,9,0,0,2.4592154026,0.0
2000,12,8,9,0,0,5.18599367142,0.0
2000,12,9,9,0,0,5.72019386292,0.0
2000,12,10,9,0,0,4.11479520798,10.6000003815
2000,12,11,9,0,0,2.28325724602,0.0
2000,12,12,9,0,0,6.26965522766,0.0
2000,12,13,9,0,0,6.45750570297,0.0
2000,12,14,9,0,0,2.09827113152,12.5
2000,12,15,9,0,0,2.509724617,3.79999995232
2000,12,16,9,0,0,3.55932927132,5.69999980927
2000,12,17,9,0,0,6.43016910553,0.0
2000,12,18,9,0,0,6.18707180023,0.0
2000,12,19,9,0,0,5.67321872711,0.0
2000,12,20,9,0,0,4.1192278862,2.70000004768
2000,12,21,9,0,0,3.67331361771,5.19999980927
2000,12,22,9,0,0,3.65640592575,0.0
2000,12,23,9,0,0,2.20196127892,5.09999990463
2000,12,24,9,0,0,5.0184211731,4.90000009537
2000,12,25,9,0,0,2.89917516708,6.5
2000,12,26,9,0,0,3.54382967949,2.0
2000,12,27,9,0,0,4.35416650772,53.2000007629
2000,12,28,9,0,0,0.863260626793,37.7000007629
2000,12,29,9,0,0,3.5600605011,7.59999990463
2000,12,30,9,0,0,2.54474377632,12.6000003815
2000,12,31,9,0,0,2.58598017693,7.19999980927
2001,1,1,9,0,0,3.9071264267,4.90000009537
2001,1,2,9,0,0,4.38561725616,0.0
2001,1,3,9,0,0,4.03165769577,0.0
2001,1,4,9,0,0,5.3564658165,0.0
2001,1,5,9,0,0,5.59392642975,0.0
2001,1,6,9,0,0,6.37232875824,0.0
2001,1,7,9,0,0,6.43527984619,0.0
2001,1,8,9,0,0,3.62727427483,0.0
2001,1,9,9,0,0,5.56836652756,0.0
2001,1,10,9,0,0,3.81917333603,5.30000019073
2001,1,11,9,0,0,6.20011520386,0.0
2001,1,12,9,0,0,5.73365831375,0.0
2001,1,13,9,0,0,3.99459600449,0.0
2001,1,14,9,0,0,5.89753198624,0.0
2001,1,15,9,0,0,5.30090856552,9.0
2001,1,16,9,0,0,2.17117023468,13.0
2001,1,17,9,0,0,2.93192505836,2.29999995232
2001,1,18,9,0,0,4.63525342941,0.0
2001,1,19,9,0,0,3.92024540901,0.0
2001,1,20,9,0,0,3.80321574211,0.0
2001,1,21,9,0,0,1.67876636982,0.0
2001,1,22,9,0,0,4.65050649643,0.0
2001,1,23,9,0,0,5.26997518539,6.19999980927
2001,1,24,9,0,0,4.30223035812,0.0
2001,1,25,9,0,0,2.04278993607,24.3999996185
2001,1,26,9,0,0,3.47289037704,10.5
2001,1,27,9,0,0,3.7507019043,2.0
2001,1,28,9,0,0,4.40100860596,0.0
2001,1,29,9,0,0,5.01409626007,0.0
2001,1,30,9,0,0,3.31537055969,0.0
2001,1,31,9,0,0,2.71938180923,0.0
2001,2,1,9,0,0,5.21657562256,0.0
2001,2,2,9,0,0,4.45350456238,0.0
2001,2,3,9,0,0,3.99294066429,0.0
2001,2,4,9,0,0,2.56325793266,0.0
2001,2,5,9,0,0,1.07088518143,15.6000003815
2001,2,6,9,0,0,3.52658987045,0.0
2001,2,7,9,0,0,2.92026042938,0.0
2001,2,8,9,0,0,3.2941031456,0.0
2001,2,9,9,0,0,4.69793367386,0.0
2001,2,10,9,0,0,5.42619228363,0.0
2001,2,11,9,0,0,3.99514889717,2.5
2001,2,12,9,0,0,3.31793141365,0.0
2001,2,13,9,0,0,4.79767751694,0.0
2001,2,14,9,0,0,2.63936519623,0.0
2001,2,15,9,0,0,3.76335024834,0.0
2001,2,16,9,0,0,1.63032734394,0.0
2001,2,17,9,0,0,4.03811740875,0.0
2001,2,18,9,0,0,4.50155830383,0.0
2001,2,19,9,0,0,4.57432174683,0.0
2001,2,20,9,0,0,4.99776649475,0.0
2001,2,21,9,0,0,5.10050153732,0.0
2001,2,22,9,0,0,3.22783136368,0.0
2001,2,23,9,0,0,4.83737230301,0.0
2001,2,24,9,0,0,3.76554608345,0.0
2001,2,25,9,0,0,3.38511514664,0.0
2001,2,26,9,0,0,4.40728807449,0.0
2001,2,27,9,0,0,3.93828773499,0.0
2001,2,28,9,0,0,3.80023288727,0.0
2001,3,1,9,0,0,2.21382880211,0.0
2001,3,2,9,0,0,3.76497864723,0.0
2001,3,3,9,0,0,3.30397605896,0.0
2001,3,4,9,0,0,4.43875265121,0.0
2001,3,5,9,0,0,4.27311134338,0.0
2001,3,6,9,0,0,3.86366438866,0.0
2001,3,7,9,0,0,3.36152338982,0.0
2001,3,8,9,0,0,3.16606092453,0.0
2001,3,9,9,0,0,4.08636856079,0.0
2001,3,10,9,0,0,4.41995668411,0.0
2001,3,11,9,0,0,3.53805327415,0.0
2001,3,12,9,0,0,2.85906028748,0.0
2001,3,13,9,0,0,1.98728632927,17.0
2001,3,14,9,0,0,3.1686000824,0.0
2001,3,15,9,0,0,3.6201236248,0.0
2001,3,16,9,0,0,3.50283360481,0.0
2001,3,17,9,0,0,3.49123167992,0.0
2001,3,18,9,0,0,3.79732227325,0.0
2001,3,19,9,0,0,3.56169700623,0.0
2001,3,20,9,0,0,3.61662364006,0.0
2001,3,21,9,0,0,2.59406137466,0.0
2001,3,22,9,0,0,3.63575458527,0.0
2001,3,23,9,0,0,3.56478333473,0.0
2001,3,24,9,0,0,2.17837381363,0.0
2001,3,25,9,0,0,1.15634727478,0.0
2001,3,26,9,0,0,1.71854937077,22.7999992371
2001,3,27,9,0,0,1.88561403751,7.19999980927
2001,3,28,9,0,0,1.37738716602,19.6000003815
2001,3,29,9,0,0,1.54275476933,13.0
2001,3,30,9,0,0,2.32856583595,0.0
2001,3,31,9,0,0,2.83889865875,0.0
2001,4,1,9,0,0,2.5774075985,0.0
2001,4,2,9,0,0,0.783811748028,18.8999996185
2001,4,3,9,0,0,2.12665176392,12.8000001907
2001,4,4,9,0,0,1.09508025646,0.0
2001,4,5,9,0,0,0.963540017605,4.80000019073
2001,4,6,9,0,0,1.10266363621,2.20000004768
2001,4,7,9,0,0,2.42700982094,0.0
2001,4,8,9,0,0,2.69532394409,0.0
2001,4,9,9,0,0,1.32901299,2.90000009537
2001,4,10,9,0,0,1.01080107689,6.5
2001,4,11,9,0,0,2.49862170219,0.0
2001,4,12,9,0,0,1.23886466026,0.0
2001,4,13,9,0,0,1.7558914423,0.0
2001,4,14,9,0,0,2.75323724747,0.0
2001,4,15,9,0,0,1.66905963421,0.0
2001,4,16,9,0,0,2.29045295715,0.0
2001,4,17,9,0,0,1.63648915291,0.0
2001,4,18,9,0,0,2.31202507019,0.0
2001,4,19,9,0,0,1.53985249996,0.0
2001,4,20,9,0,0,1.09749352932,3.59999990463
2001,4,21,9,0,0,0.649079859257,2.79999995232
2001,4,22,9,0,0,1.94365048409,0.0
2001,4,23,9,0,0,1.312484622,0.0
2001,4,24,9,0,0,1.62051427364,0.0
2001,4,25,9,0,0,1.64355492592,0.0
2001,4,26,9,0,0,1.36437940598,0.0
2001,4,27,9,0,0,1.2208750248,0.0
2001,4,28,9,0,0,1.84387505054,0.0
2001,4,29,9,0,0,1.07189595699,0.0
2001,4,30,9,0,0,1.42593169212,0.0
2001,5,1,9,0,0,1.68323135376,0.0
2001,5,2,9,0,0,1.86813557148,0.0
2001,5,3,9,0,0,1.38527166843,0.0
2001,5,4,9,0,0,1.3906121254,0.0
2001,5,5,9,0,0,0.740196704865,3.0
2001,5,6,9,0,0,0.884034156799,17.3999996185
2001,5,7,9,0,0,0.636787712574,5.19999980927
2001,5,8,9,0,0,1.7140545845,0.0
2001,5,9,9,0,0,1.26226484776,0.0
2001,5,10,9,0,0,1.24073219299,2.59999990463
2001,5,11,9,0,0,1.18097376823,10.6999998093
2001,5,12,9,0,0,1.04592144489,2.09999990463
2001,5,13,9,0,0,1.08117973804,5.80000019073
2001,5,14,9,0,0,1.09254562855,5.19999980927
2001,5,15,9,0,0,0.820041179657,2.20000004768
2001,5,16,9,0,0,1.32398223877,0.0
2001,5,17,9,0,0,0.772501587868,3.09999990463
2001,5,18,9,0,0,0.593352138996,13.8000001907
2001,5,19,9,0,0,0.741499185562,17.0
2001,5,20,9,0,0,0.551206052303,19.7999992371
2001,5,21,9,0,0,0.556706368923,18.1000003815
2001,5,22,9,0,0,0.705585300922,8.0
2001,5,23,9,0,0,0.476609617472,15.3999996185
2001,5,24,9,0,0,0.300690859556,22.1000003815
2001,5,25,9,0,0,0.646055817604,2.40000009537
2001,5,26,9,0,0,0.566702365875,7.19999980927
2001,5,27,9,0,0,0.828574478626,0.0
2001,5,28,9,0,0,0.88002794981,0.0
2001,5,29,9,0,0,0.880284011364,0.0
2001,5,30,9,0,0,0.957694470882,0.0
2001,5,31,9,0,0,0.716485798359,0.0
2001,6,1,9,0,0,0.781401395798,0.0
2001,6,2,9,0,0,0.655532836914,0.0
2001,6,3,9,0,0,0.824444174767,0.0
2001,6,4,9,0,0,0.915063738823,0.0
2001,6,5,9,0,0,0.513538837433,0.0
2001,6,6,9,0,0,0.82273375988,0.0
2001,6,7,9,0,0,0.458815395832,2.59999990463
2001,6,8,9,0,0,0.544167876244,4.30000019073
2001,6,9,9,0,0,0.277687698603,36.4000015259
2001,6,10,9,0,0,0.813096702099,0.0
2001,6,11,9,0,0,0.987431704998,0.0
2001,6,12,9,0,0,0.652450323105,0.0
2001,6,13,9,0,0,0.511713683605,0.0
2001,6,14,9,0,0,0.560222387314,6.69999980927
2001,6,15,9,0,0,0.570609927177,52.4000015259
2001,6,16,9,0,0,0.29615047574,9.10000038147
2001,6,17,9,0,0,0.714112699032,0.0
2001,6,18,9,0,0,0.884798526764,0.0
2001,6,19,9,0,0,0.672521948814,0.0
2001,6,20,9,0,0,0.632484376431,0.0
2001,6,21,9,0,0,0.570142567158,2.40000009537
2001,6,22,9,0,0,0.591194868088,16.2000007629
2001,6,23,9,0,0,0.531075060368,13.0
2001,6,24,9,0,0,0.25604096055,0.0
2001,6,25,9,0,0,0.628587543964,0.0
2001,6,26,9,0,0,0.804528713226,0.0
2001,6,27,9,0,0,0.380385994911,4.40000009537
2001,6,28,9,0,0,0.911944270134,0.0
2001,6,29,9,0,0,0.594919323921,0.0
2001,6,30,9,0,0,0.508503615856,0.0
2001,7,1,9,0,0,0.566041648388,0.0
2001,7,2,9,0,0,0.585855364799,0.0
2001,7,3,9,0,0,0.524216353893,0.0
2001,7,4,9,0,0,0.745159983635,0.0
2001,7,5,9,0,0,0.861744165421,0.0
2001,7,6,9,0,0,0.863873660564,0.0
2001,7,7,9,0,0,0.891185522079,0.0
2001,7,8,9,0,0,0.917284190655,0.0
2001,7,9,9,0,0,0.883472681046,0.0
2001,7,10,9,0,0,0.803003907204,0.0
2001,7,11,9,0,0,0.84601855278,0.0
2001,7,12,9,0,0,0.617956101894,0.0
2001,7,13,9,0,0,0.804262161255,0.0
2001,7,14,9,0,0,0.344122052193,5.19999980927
2001,7,15,9,0,0,0.63487046957,0.0
2001,7,16,9,0,0,0.672956287861,0.0
2001,7,17,9,0,0,0.837344586849,0.0
2001,7,18,9,0,0,0.771854639053,0.0
2001,7,19,9,0,0,0.404036492109,2.59999990463
2001,7,20,9,0,0,0.784621715546,0.0
2001,7,21,9,0,0,1.09181046486,0.0
2001,7,22,9,0,0,1.2216334343,0.0
2001,7,23,9,0,0,1.0553766489,0.0
2001,7,24,9,0,0,0.675545632839,0.0
2001,7,25,9,0,0,0.78110063076,0.0
2001,7,26,9,0,0,0.964297235012,0.0
2001,7,27,9,0,0,0.957430124283,0.0
2001,7,28,9,0,0,0.574788331985,0.0
2001,7,29,9,0,0,0.32847982645,9.19999980927
2001,7,30,9,0,0,1.34355902672,0.0
2001,7,31,9,0,0,0.902449369431,0.0
2001,8,1,9,0,0,0.747569382191,0.0
2001,8,2,9,0,0,0.850343048573,14.3000001907
2001,8,3,9,0,0,1.21406590939,0.0
2001,8,4,9,0,0,0.808806598186,0.0
2001,8,5,9,0,0,0.99606025219,0.0
2001,8,6,9,0,0,0.689191162586,10.8000001907
2001,8,7,9,0,0,0.289988219738,29.1000003815
2001,8,8,9,0,0,1.31610906124,5.40000009537
2001,8,9,9,0,0,0.761690139771,18.0
2001,8,10,9,0,0,0.698697388172,0.0
2001,8,11,9,0,0,1.1668009758,0.0
2001,8,12,9,0,0,1.65064585209,0.0
2001,8,13,9,0,0,0.970269918442,6.30000019073
2001,8,14,9,0,0,1.09940493107,0.0
2001,8,15,9,0,0,1.57414031029,0.0
2001,8,16,9,0,0,1.5668104887,0.0
2001,8,17,9,0,0,1.44207012653,0.0
2001,8,18,9,0,0,0.849670410156,7.90000009537
2001,8,19,9,0,0,0.730938076973,16.0
2001,8,20,9,0,0,0.704044044018,6.80000019073
2001,8,21,9,0,0,0.75025087595,25.5
2001,8,22,9,0,0,1.26239275932,4.5
2001,8,23,9,0,0,0.379031211138,30.3999996185
2001,8,24,9,0,0,1.08945572376,4.59999990463
2001,8,25,9,0,0,0.97356981039,2.79999995232
2001,8,26,9,0,0,1.81594085693,0.0
2001,8,27,9,0,0,1.86016345024,0.0
2001,8,28,9,0,0,2.00793504715,0.0
2001,8,29,9,0,0,1.63383126259,0.0
2001,8,30,9,0,0,2.20285630226,0.0
2001,8,31,9,0,0,2.35103058815,0.0
2001,9,1,9,0,0,2.16463923454,0.0
2001,9,2,9,0,0,2.22092485428,0.0
2001,9,3,9,0,0,1.78574085236,0.0
2001,9,4,9,0,0,1.7889649868,0.0
2001,9,5,9,0,0,1.17872142792,10.3999996185
2001,9,6,9,0,0,1.481315732,0.0
2001,9,7,9,0,0,1.83287107944,0.0
2001,9,8,9,0,0,1.81777894497,0.0
2001,9,9,9,0,0,2.16571640968,0.0
2001,9,10,9,0,0,2.62407946587,0.0
2001,9,11,9,0,0,2.02880191803,0.0
2001,9,12,9,0,0,2.08697319031,0.0
2001,9,13,9,0,0,2.22879123688,0.0
2001,9,14,9,0,0,2.46490097046,2.09999990463
2001,9,15,9,0,0,0.86386346817,16.2999992371
2001,9,16,9,0,0,2.27357411385,0.0
2001,9,17,9,0,0,1.77573692799,4.5
2001,9,18,9,0,0,1.81434893608,0.0
2001,9,19,9,0,0,1.93437063694,0.0
2001,9,20,9,0,0,1.91945338249,3.0
2001,9,21,9,0,0,0.877652049065,5.19999980927
2001,9,22,9,0,0,2.08289337158,2.5
2001,9,23,9,0,0,1.9743193388,2.5
2001,9,24,9,0,0,2.8431353569,0.0
2001,9,25,9,0,0,2.4112598896,0.0
2001,9,26,9,0,0,1.26672208309,0.0
2001,9,27,9,0,0,2.68819093704,3.40000009537
2001,9,28,9,0,0,1.6053262949,2.0
2001,9,29,9,0,0,3.47643017769,0.0
2001,9,30,9,0,0,1.27216506004,0.0
2001,10,1,9,0,0,2.22134947777,0.0
2001,10,2,9,0,0,2.76398992538,0.0
2001,10,3,9,0,0,3.51133918762,0.0
2001,10,4,9,0,0,1.77416551113,0.0
2001,10,5,9,0,0,3.41375851631,6.69999980927
2001,10,6,9,0,0,1.01627957821,22.8999996185
2001,10,7,9,0,0,1.88489830494,0.0
2001,10,8,9,0,0,2.64443874359,11.1000003815
2001,10,9,9,0,0,2.12036299706,4.09999990463
2001,10,10,9,0,0,3.10941958427,0.0
2001,10,11,9,0,0,3.92411637306,0.0
2001,10,12,9,0,0,3.43474030495,0.0
2001,10,13,9,0,0,3.16713571548,0.0
2001,10,14,9,0,0,1.762155056,2.0
2001,10,15,9,0,0,1.04344236851,14.3000001907
2001,10,16,9,0,0,2.4215669632,2.5
2001,10,17,9,0,0,3.18211603165,6.90000009537
2001,10,18,9,0,0,3.52376890182,0.0
2001,10,19,9,0,0,1.34333670139,33.0
2001,10,20,9,0,0,3.29605484009,0.0
2001,10,21,9,0,0,2.67725515366,3.59999990463
2001,10,22,9,0,0,4.43507528305,0.0
2001,10,23,9,0,0,4.01310491562,0.0
2001,10,24,9,0,0,4.42914199829,0.0
2001,10,25,9,0,0,3.60057973862,0.0
2001,10,26,9,0,0,3.10488390923,0.0
2001,10,27,9,0,0,3.71340823174,8.10000038147
2001,10,28,9,0,0,1.93134975433,12.8999996185
2001,10,29,9,0,0,2.0529050827,14.6999998093
2001,10,30,9,0,0,2.12431979179,6.5
2001,10,31,9,0,0,1.79304492474,18.5
2001,11,1,9,0,0,2.12162804604,17.8999996185
2001,11,2,9,0,0,2.85343432426,11.6000003815
2001,11,3,9,0,0,1.46084332466,10.8999996185
2001,11,4,9,0,0,4.4048371315,0.0
2001,11,5,9,0,0,5.02441740036,0.0
2001,11,6,9,0,0,4.83213615417,0.0
2001,11,7,9,0,0,5.09959888458,0.0
2001,11,8,9,0,0,4.27636480331,0.0
2001,11,9,9,0,0,3.6048643589,2.5
2001,11,10,9,0,0,1.70317649841,10.8000001907
2001,11,11,9,0,0,3.97196793556,0.0
2001,11,12,9,0,0,5.46565675735,5.80000019073
2001,11,13,9,0,0,1.12117576599,12.1999998093
2001,11,14,9,0,0,1.13168025017,5.19999980927
2001,11,15,9,0,0,4.46716737747,0.0
2001,11,16,9,0,0,2.5328643322,7.5
2001,11,17,9,0,0,4.53365898132,0.0
2001,11,18,9,0,0,3.54305839539,0.0
2001,11,19,9,0,0,2.29788661003,18.3999996185
2001,11,20,9,0,0,1.31642305851,13.1999998093
2001,11,21,9,0,0,0.70193374157,36.0999984741
2001,11,22,9,0,0,1.02611470222,23.0
2001,11,23,9,0,0,1.69547784328,3.29999995232
2001,11,24,9,0,0,5.74151754379,0.0
2001,11,25,9,0,0,2.8595290184,0.0
2001,11,26,9,0,0,2.70171260834,10.1000003815
2001,11,27,9,0,0,1.16398656368,3.20000004768
2001,11,28,9,0,0,1.33986389637,2.5
2001,11,29,9,0,0,2.91850948334,0.0
2001,11,30,9,0,0,2.58147644997,11.5
2001,12,1,9,0,0,1.52605855465,33.4000015259
2001,12,2,9,0,0,1.86263799667,20.6000003815
2001,12,3,9,0,0,4.23036050797,17.0
2001,12,4,9,0,0,1.87346100807,7.5
2001,12,5,9,0,0,1.67104792595,15.8999996185
2001,12,6,9,0,0,1.18167364597,36.0999984741
2001,12,7,9,0,0,2.51496291161,8.39999961853
2001,12,8,9,0,0,1.98170673847,15.1000003815
2001,12,9,9,0,0,1.72496449947,8.39999961853
2001,12,10,9,0,0,2.35273790359,7.09999990463
2001,12,11,9,0,0,1.77532982826,34.7000007629
2001,12,12,9,0,0,3.05059146881,9.60000038147
2001,12,13,9,0,0,5.59932327271,2.0
2001,12,14,9,0,0,3.42083501816,0.0
2001,12,15,9,0,0,6.0283946991,0.0
2001,12,16,9,0,0,5.99795103073,0.0
2001,12,17,9,0,0,3.65948033333,0.0
2001,12,18,9,0,0,1.88901150227,4.09999990463
2001,12,19,9,0,0,4.52352762222,0.0
2001,12,20,9,0,0,4.57534790039,0.0
2001,12,21,9,0,0,5.61441850662,0.0
2001,12,22,9,0,0,4.24289321899,0.0
2001,12,23,9,0,0,1.70235574245,5.0
2001,12,24,9,0,0,3.2276494503,3.09999990463
2001,12,25,9,0,0,3.63870477676,0.0
2001,12,26,9,0,0,4.72989845276,19.7999992371
2001,12,27,9,0,0,2.84483408928,5.19999980927
2001,12,28,9,0,0,2.72872471809,21.7999992371
2001,12,29,9,0,0,2.76166439056,14.6000003815
2001,12,30,9,0,0,2.3594019413,2.09999990463
2001,12,31,9,0,0,1.88400816917,0.0
2002,1,1,9,0,0,2.86962962151,19.7999992371
2002,1,2,9,0,0,2.57020664215,29.6000003815
2002,1,3,9,0,0,2.4896812439,17.7000007629
2002,1,4,9,0,0,1.82434976101,20.0
2002,1,5,9,0,0,3.33187055588,7.09999990463
2002,1,6,9,0,0,4.75625419617,2.79999995232
2002,1,7,9,0,0,3.3574590683,0.0
2002,1,8,9,0,0,2.89802932739,4.5
2002,1,9,9,0,0,2.07573008537,4.0
2002,1,10,9,0,0,3.10523152351,4.30000019073
2002,1,11,9,0,0,4.45695400238,0.0
2002,1,12,9,0,0,4.82089042664,0.0
2002,1,13,9,0,0,3.34427404404,0.0
2002,1,14,9,0,0,3.12725639343,8.0
2002,1,15,9,0,0,3.90821242332,5.30000019073
2002,1,16,9,0,0,3.20822310448,0.0
2002,1,17,9,0,0,2.93515491486,2.59999990463
2002,1,18,9,0,0,4.18370676041,7.40000009537
2002,1,19,9,0,0,2.47336411476,9.80000019073
2002,1,20,9,0,0,4.69027090073,0.0
2002,1,21,9,0,0,5.82494878769,0.0
2002,1,22,9,0,0,5.63468599319,0.0
2002,1,23,9,0,0,4.71879434586,0.0
2002,1,24,9,0,0,5.21830749512,0.0
2002,1,25,9,0,0,4.00364017487,0.0
2002,1,26,9,0,0,4.69897985458,0.0
2002,1,27,9,0,0,4.89339351654,0.0
2002,1,28,9,0,0,5.51258039474,0.0
2002,1,29,9,0,0,5.63349819183,0.0
2002,1,30,9,0,0,5.29074001312,0.0
2002,1,31,9,0,0,4.52163887024,0.0
2002,2,1,9,0,0,3.98749184608,0.0
2002,2,2,9,0,0,5.73347806931,0.0
2002,2,3,9,0,0,4.22241163254,0.0
2002,2,4,9,0,0,2.26809763908,5.69999980927
2002,2,5,9,0,0,2.4776468277,5.80000019073
2002,2,6,9,0,0,5.08131504059,0.0
2002,2,7,9,0,0,5.38154029846,0.0
2002,2,8,9,0,0,5.40769863129,0.0
2002,2,9,9,0,0,4.9288816452,0.0
2002,2,10,9,0,0,2.49707508087,19.2999992371
2002,2,11,9,0,0,4.16999673843,0.0
2002,2,12,9,0,0,4.58141326904,2.29999995232
2002,2,13,9,0,0,4.94128131866,0.0
2002,2,14,9,0,0,5.154774189,0.0
2002,2,15,9,0,0,5.31272792816,0.0
2002,2,16,9,0,0,4.93662452698,0.0
2002,2,17,9,0,0,4.84428405762,0.0
2002,2,18,9,0,0,3.75597834587,0.0
2002,2,19,9,0,0,3.23021912575,0.0
2002,2,20,9,0,0,2.94532108307,0.0
2002,2,21,9,0,0,3.71685194969,0.0
2002,2,22,9,0,0,2.09924316406,11.1000003815
2002,2,23,9,0,0,2.47931742668,6.5
2002,2,24,9,0,0,2.45833802223,5.69999980927
2002,2,25,9,0,0,2.74150204659,0.0
2002,2,26,9,0,0,4.21615982056,0.0
2002,2,27,9,0,0,2.93163847923,0.0
2002,2,28,9,0,0,1.45301425457,11.8000001907
2002,3,1,9,0,0,2.34914016724,9.10000038147
2002,3,2,9,0,0,2.83744692802,7.30000019073
2002,3,3,9,0,0,2.26763033867,5.59999990463
2002,3,4,9,0,0,2.29943037033,0.0
2002,3,5,9,0,0,3.93004703522,0.0
2002,3,6,9,0,0,3.96938419342,0.0
2002,3,7,9,0,0,3.70304465294,0.0
2002,3,8,9,0,0,2.98506164551,0.0
2002,3,9,9,0,0,2.9873354435,0.0
2002,3,10,9,0,0,3.53825068474,0.0
2002,3,11,9,0,0,4.15281963348,0.0
2002,3,12,9,0,0,3.84270358086,0.0
2002,3,13,9,0,0,2.11869311333,3.5
2002,3,14,9,0,0,3.10114550591,0.0
2002,3,15,9,0,0,3.05581235886,0.0
2002,3,16,9,0,0,1.59051382542,11.8000001907
2002,3,17,9,0,0,1.70873880386,13.6000003815
2002,3,18,9,0,0,1.6468590498,6.90000009537
2002,3,19,9,0,0,1.29709458351,49.0
2002,3,20,9,0,0,1.39572012424,7.69999980927
2002,3,21,9,0,0,0.875891923904,7.09999990463
2002,3,22,9,0,0,2.62163972855,0.0
2002,3,23,9,0,0,2.97962212563,0.0
2002,3,24,9,0,0,3.04871559143,0.0
2002,3,25,9,0,0,2.77505755424,0.0
2002,3,26,9,0,0,1.57924807072,0.0
2002,3,27,9,0,0,1.64363718033,0.0
2002,3,28,9,0,0,1.18747437,0.0
2002,3,29,9,0,0,1.62173295021,9.80000019073
2002,3,30,9,0,0,0.877420604229,14.3999996185
2002,3,31,9,0,0,1.64046490192,3.09999990463
2002,4,1,9,0,0,1.94435298443,0.0
2002,4,2,9,0,0,2.63684415817,0.0
2002,4,3,9,0,0,2.66279816628,0.0
2002,4,4,9,0,0,2.09475278854,0.0
2002,4,5,9,0,0,1.50800037384,13.0
2002,4,6,9,0,0,1.53132641315,9.39999961853
2002,4,7,9,0,0,1.4835767746,3.29999995232
2002,4,8,9,0,0,2.39334464073,0.0
2002,4,9,9,0,0,2.36366152763,0.0
2002,4,10,9,0,0,2.02868723869,0.0
2002,4,11,9,0,0,1.61297023296,0.0
2002,4,12,9,0,0,1.19289445877,0.0
2002,4,13,9,0,0,2.0208761692,0.0
2002,4,14,9,0,0,1.64118111134,0.0
2002,4,15,9,0,0,1.81121277809,0.0
2002,4,16,9,0,0,2.10139203072,0.0
2002,4,17,9,0,0,1.85117340088,0.0
2002,4,18,9,0,0,1.16046416759,0.0
2002,4,19,9,0,0,2.07072758675,0.0
2002,4,20,9,0,0,1.57004487514,0.0
2002,4,21,9,0,0,1.29125964642,3.40000009537
2002,4,22,9,0,0,0.903996646404,0.0
2002,4,23,9,0,0,1.32539534569,0.0
2002,4,24,9,0,0,0.82484716177,25.7999992371
2002,4,25,9,0,0,1.48642122746,0.0
2002,4,26,9,0,0,1.34412252903,0.0
2002,4,27,9,0,0,1.8208501339,5.59999990463
2002,4,28,9,0,0,1.2118074894,8.69999980927
2002,4,29,9,0,0,0.939618289471,0.0
2002,4,30,9,0,0,1.48778378963,2.29999995232
2002,5,1,9,0,0,1.00592398643,12.1999998093
2002,5,2,9,0,0,0.805528581142,7.19999980927
2002,5,3,9,0,0,0.581242084503,5.09999990463
2002,5,4,9,0,0,0.349099516869,3.29999995232
2002,5,5,9,0,0,1.13429689407,0.0
2002,5,6,9,0,0,0.791264653206,7.90000009537
2002,5,7,9,0,0,0.915577828884,0.0
2002,5,8,9,0,0,1.18324756622,0.0
2002,5,9,9,0,0,0.87710750103,0.0
2002,5,10,9,0,0,0.839323461056,0.0
2002,5,11,9,0,0,0.720301270485,0.0
2002,5,12,9,0,0,0.938337922096,0.0
2002,5,13,9,0,0,1.49728238583,0.0
2002,5,14,9,0,0,0.719757556915,0.0
2002,5,15,9,0,0,1.24192225933,0.0
2002,5,16,9,0,0,1.38006389141,0.0
2002,5,17,9,0,0,1.02007102966,0.0
2002,5,18,9,0,0,1.19129610062,0.0
2002,5,19,9,0,0,0.581108093262,3.40000009537
2002,5,20,9,0,0,0.788343191147,0.0
2002,5,21,9,0,0,0.696707069874,7.80000019073
2002,5,22,9,0,0,0.742603302002,18.5
2002,5,23,9,0,0,0.383913695812,20.2000007629
2002,5,24,9,0,0,1.21486079693,5.59999990463
2002,5,25,9,0,0,0.533226847649,19.1000003815
2002,5,26,9,0,0,0.557085812092,19.8999996185
2002,5,27,9,0,0,0.518007695675,18.6000003815
2002,5,28,9,0,0,0.364474803209,18.2999992371
2002,5,29,9,0,0,0.50882935524,5.40000009537
2002,5,30,9,0,0,0.505529642105,3.5
2002,5,31,9,0,0,0.516507148743,0.0
2002,6,1,9,0,0,0.698630273342,2.09999990463
2002,6,2,9,0,0,0.560297191143,4.09999990463
2002,6,3,9,0,0,0.6580478549,4.5
2002,6,4,9,0,0,0.411481529474,3.90000009537
2002,6,5,9,0,0,0.504168570042,12.8000001907
2002,6,6,9,0,0,0.806427776814,0.0
2002,6,7,9,0,0,0.610238313675,2.20000004768
2002,6,8,9,0,0,0.536849856377,19.2999992371
2002,6,9,9,0,0,0.242251485586,9.5
2002,6,10,9,0,0,0.853095710278,7.30000019073
2002,6,11,9,0,0,0.699372828007,16.1000003815
2002,6,12,9,0,0,0.638222932816,8.5
2002,6,13,9,0,0,0.227594926953,42.5999984741
2002,6,14,9,0,0,0.281434774399,25.7000007629
2002,6,15,9,0,0,0.334673970938,7.40000009537
2002,6,16,9,0,0,0.649402678013,4.80000019073
2002,6,17,9,0,0,0.248588189483,34.0999984741
2002,6,18,9,0,0,0.316208064556,7.40000009537
2002,6,19,9,0,0,0.950565993786,0.0
2002,6,20,9,0,0,0.641785621643,10.5
2002,6,21,9,0,0,0.412286132574,4.09999990463
2002,6,22,9,0,0,0.487702786922,7.19999980927
2002,6,23,9,0,0,0.559429645538,11.1999998093
2002,6,24,9,0,0,0.582735002041,4.69999980927
2002,6,25,9,0,0,0.43607494235,3.79999995232
2002,6,26,9,0,0,0.779537916183,16.6000003815
2002,6,27,9,0,0,0.209725901484,56.4000015259
2002,6,28,9,0,0,0.860868155956,0.0
2002,6,29,9,0,0,0.464538604021,4.59999990463
2002,6,30,9,0,0,0.570538341999,0.0
2002,7,1,9,0,0,1.12883341312,5.30000019073
2002,7,2,9,0,0,0.685822606087,6.5
2002,7,3,9,0,0,0.551522910595,3.20000004768
2002,7,4,9,0,0,0.684503793716,2.90000009537
2002,7,5,9,0,0,0.615641593933,0.0
2002,7,6,9,0,0,0.425912559032,7.80000019073
2002,7,7,9,0,0,0.406615942717,3.20000004768
2002,7,8,9,0,0,0.625048875809,7.40000009537
2002,7,9,9,0,0,0.539734303951,0.0
2002,7,10,9,0,0,0.551305055618,0.0
2002,7,11,9,0,0,0.539784908295,0.0
2002,7,12,9,0,0,0.696758270264,0.0
2002,7,13,9,0,0,1.28772211075,0.0
2002,7,14,9,0,0,1.17954790592,0.0
2002,7,15,9,0,0,1.05282664299,0.0
2002,7,16,9,0,0,0.589826703072,0.0
2002,7,17,9,0,0,0.637452661991,0.0
2002,7,18,9,0,0,0.625977933407,0.0
2002,7,19,9,0,0,0.573151528835,0.0
2002,7,20,9,0,0,0.634596049786,2.5
2002,7,21,9,0,0,0.536352396011,12.5
2002,7,22,9,0,0,0.966338276863,0.0
2002,7,23,9,0,0,1.08696877956,0.0
2002,7,24,9,0,0,0.816254734993,0.0
2002,7,25,9,0,0,0.815892517567,0.0
2002,7,26,9,0,0,1.1112844944,0.0
2002,7,27,9,0,0,1.22378575802,0.0
2002,7,28,9,0,0,1.10824346542,0.0
2002,7,29,9,0,0,1.14680349827,0.0
2002,7,30,9,0,0,0.699399471283,0.0
2002,7,31,9,0,0,0.641852140427,0.0
2002,8,1,9,0,0,1.00197649002,0.0
2002,8,2,9,0,0,0.887579679489,0.0
2002,8,3,9,0,0,0.959124445915,12.5
2002,8,4,9,0,0,0.783368706703,2.5
2002,8,5,9,0,0,0.933561861515,0.0
2002,8,6,9,0,0,1.59081733227,0.0
2002,8,7,9,0,0,0.88764411211,0.0
2002,8,8,9,0,0,0.671356856823,4.69999980927
2002,8,9,9,0,0,0.996788263321,0.0
2002,8,10,9,0,0,0.527531683445,2.09999990463
2002,8,11,9,0,0,0.42478325963,10.3999996185
2002,8,12,9,0,0,0.733262062073,11.6000003815
2002,8,13,9,0,0,0.759661734104,14.5
2002,8,14,9,0,0,0.960085272789,4.5
2002,8,15,9,0,0,0.731184959412,4.30000019073
2002,8,16,9,0,0,1.30820894241,0.0
2002,8,17,9,0,0,1.10720419884,6.19999980927
2002,8,18,9,0,0,0.869397938251,3.0
2002,8,19,9,0,0,1.36688828468,0.0
2002,8,20,9,0,0,0.921589195728,0.0
2002,8,21,9,0,0,1.40488803387,0.0
2002,8,22,9,0,0,1.51118028164,0.0
2002,8,23,9,0,0,1.40262460709,6.0
2002,8,24,9,0,0,0.670270740986,17.1000003815
2002,8,25,9,0,0,1.35055851936,12.5
2002,8,26,9,0,0,1.73762726784,0.0
2002,8,27,9,0,0,1.59603619576,0.0
2002,8,28,9,0,0,1.91032493114,0.0
2002,8,29,9,0,0,1.76987755299,0.0
2002,8,30,9,0,0,1.33403921127,0.0
2002,8,31,9,0,0,1.55629003048,0.0
2002,9,1,9,0,0,1.33926665783,6.19999980927
2002,9,2,9,0,0,0.641327023506,30.1000003815
2002,9,3,9,0,0,1.11082434654,3.29999995232
2002,9,4,9,0,0,0.892739295959,0.0
2002,9,5,9,0,0,1.08451962471,0.0
2002,9,6,9,0,0,2.13305735588,0.0
2002,9,7,9,0,0,2.01802802086,13.6999998093
2002,9,8,9,0,0,0.766680717468,11.1999998093
2002,9,9,9,0,0,2.10655736923,10.0
2002,9,10,9,0,0,0.921819269657,7.30000019073
2002,9,11,9,0,0,1.18061769009,0.0
2002,9,12,9,0,0,1.969845891,3.29999995232
2002,9,13,9,0,0,1.18936371803,0.0
2002,9,14,9,0,0,2.33570551872,0.0
2002,9,15,9,0,0,1.02868783474,0.0
2002,9,16,9,0,0,1.62320137024,0.0
2002,9,17,9,0,0,1.51874029636,3.29999995232
2002,9,18,9,0,0,1.70146453381,16.0
2002,9,19,9,0,0,0.710082054138,28.5
2002,9,20,9,0,0,1.11867511272,12.5
2002,9,21,9,0,0,1.86596393585,3.70000004768
2002,9,22,9,0,0,1.00193023682,7.09999990463
2002,9,23,9,0,0,1.9668828249,2.79999995232
2002,9,24,9,0,0,1.65955924988,11.0
2002,9,25,9,0,0,2.83252668381,0.0
2002,9,26,9,0,0,0.857276201248,19.0
2002,9,27,9,0,0,1.46754109859,10.5
2002,9,28,9,0,0,1.95500540733,2.40000009537
2002,9,29,9,0,0,0.958786189556,16.2000007629
2002,9,30,9,0,0,2.57568144798,0.0
2002,10,1,9,0,0,2.12330198288,0.0
2002,10,2,9,0,0,1.30790829659,12.6000003815
2002,10,3,9,0,0,1.57249927521,3.29999995232
2002,10,4,9,0,0,3.15432977676,0.0
2002,10,5,9,0,0,2.0651140213,0.0
2002,10,6,9,0,0,2.89228796959,0.0
2002,10,7,9,0,0,3.41617703438,0.0
2002,10,8,9,0,0,3.35788607597,0.0
2002,10,9,9,0,0,2.94007372856,0.0
2002,10,10,9,0,0,2.50119233131,2.20000004768
2002,10,11,9,0,0,0.656414747238,8.69999980927
2002,10,12,9,0,0,2.58440947533,2.09999990463
2002,10,13,9,0,0,1.8579968214,3.20000004768
2002,10,14,9,0,0,3.47985458374,0.0
2002,10,15,9,0,0,3.62132430077,0.0
2002,10,16,9,0,0,1.13870322704,9.80000019073
2002,10,17,9,0,0,1.3988827467,16.5
2002,10,18,9,0,0,1.28912496567,7.40000009537
2002,10,19,9,0,0,2.43236303329,4.5
2002,10,20,9,0,0,2.35398411751,7.5
2002,10,21,9,0,0,1.92813503742,10.5
2002,10,22,9,0,0,2.56361532211,2.20000004768
2002,10,23,9,0,0,2.50248098373,0.0
2002,10,24,9,0,0,3.7382133007,20.2999992371
2002,10,25,9,0,0,2.3017616272,10.1999998093
2002,10,26,9,0,0,2.02214431763,4.40000009537
2002,10,27,9,0,0,1.75521576405,13.6000003815
2002,10,28,9,0,0,2.34600138664,3.09999990463
2002,10,29,9,0,0,2.94096827507,2.20000004768
2002,10,30,9,0,0,3.07460784912,0.0
2002,10,31,9,0,0,2.52882504463,14.3000001907
2002,11,1,9,0,0,1.43885099888,6.0
2002,11,2,9,0,0,2.88988685608,0.0
2002,11,3,9,0,0,4.12978696823,0.0
2002,11,4,9,0,0,2.23721575737,2.5
2002,11,5,9,0,0,1.27899742126,27.0
2002,11,6,9,0,0,1.61412799358,10.5
2002,11,7,9,0,0,2.80945825577,3.5
2002,11,8,9,0,0,2.95271611214,0.0
2002,11,9,9,0,0,0.742020368576,25.3999996185
2002,11,10,9,0,0,1.35089874268,17.3999996185
2002,11,11,9,0,0,1.53864204884,13.1000003815
2002,11,12,9,0,0,3.26459312439,0.0
2002,11,13,9,0,0,3.6197412014,0.0
2002,11,14,9,0,0,4.08386325836,0.0
2002,11,15,9,0,0,2.16149520874,5.30000019073
2002,11,16,9,0,0,2.1203315258,0.0
2002,11,17,9,0,0,4.40569496155,0.0
2002,11,18,9,0,0,3.86094737053,0.0
2002,11,19,9,0,0,3.38397264481,0.0
2002,11,20,9,0,0,5.63519048691,0.0
2002,11,21,9,0,0,4.0719294548,7.80000019073
2002,11,22,9,0,0,4.47236824036,0.0
2002,11,23,9,0,0,3.94198036194,0.0
2002,11,24,9,0,0,3.26224803925,0.0
2002,11,25,9,0,0,4.93456554413,0.0
2002,11,26,9,0,0,4.03833627701,0.0
2002,11,27,9,0,0,2.09370136261,4.30000019073
2002,11,28,9,0,0,2.52981925011,2.5
2002,11,29,9,0,0,1.9435659647,6.0
2002,11,30,9,0,0,4.88026475906,0.0
2002,12,1,9,0,0,4.73142814636,0.0
2002,12,2,9,0,0,3.83069825172,0.0
2002,12,3,9,0,0,4.7975525856,0.0
2002,12,4,9,0,0,4.41269254684,0.0
2002,12,5,9,0,0,2.84704971313,9.10000038147
2002,12,6,9,0,0,1.44071912766,10.5
2002,12,7,9,0,0,1.36231958866,13.3000001907
2002,12,8,9,0,0,2.50298070908,3.70000004768
2002,12,9,9,0,0,4.14597511292,0.0
2002,12,10,9,0,0,1.13761627674,12.3000001907
2002,12,11,9,0,0,2.24619030952,3.20000004768
2002,12,12,9,0,0,2.20736908913,27.7999992371
2002,12,13,9,0,0,2.14107370377,19.0
2002,12,14,9,0,0,1.82029306889,7.59999990463
2002,12,15,9,0,0,4.42861843109,0.0
2002,12,16,9,0,0,2.27458548546,0.0
2002,12,17,9,0,0,1.92397320271,6.80000019073
2002,12,18,9,0,0,4.14378261566,0.0
2002,12,19,9,0,0,5.33989286423,0.0
2002,12,20,9,0,0,5.59433746338,0.0
2002,12,21,9,0,0,3.70792865753,0.0
2002,12,22,9,0,0,3.89173483849,0.0
2002,12,23,9,0,0,2.99727797508,2.70000004768
2002,12,24,9,0,0,3.2156162262,11.8999996185
2002,12,25,9,0,0,3.80176448822,13.6000003815
2002,12,26,9,0,0,2.71685290337,6.0
2002,12,27,9,0,0,3.4947912693,0.0
2002,12,28,9,0,0,5.03668308258,0.0
2002,12,29,9,0,0,4.16633558273,0.0
2002,12,30,9,0,0,5.56055212021,0.0
2002,12,31,9,0,0,5.50177669525,0.0
2003,1,1,9,0,0,5.94091939926,0.0
2003,1,2,9,0,0,5.36269044876,0.0
2003,1,3,9,0,0,4.72465467453,0.0
2003,1,4,9,0,0,5.15254402161,7.5
2003,1,5,9,0,0,3.70247387886,0.0
2003,1,6,9,0,0,5.24685668945,0.0
2003,1,7,9,0,0,5.78459119797,0.0
2003,1,8,9,0,0,5.24443769455,0.0
2003,1,9,9,0,0,3.36560797691,0.0
2003,1,10,9,0,0,3.1481487751,8.60000038147
2003,1,11,9,0,0,1.8854906559,12.1000003815
2003,1,12,9,0,0,1.16772639751,13.6999998093
2003,1,13,9,0,0,4.33074522018,0.0
2003,1,14,9,0,0,4.90760612488,0.0
2003,1,15,9,0,0,5.70813894272,0.0
2003,1,16,9,0,0,5.27506303787,0.0
2003,1,17,9,0,0,3.20239520073,0.0
2003,1,18,9,0,0,5.2238907814,0.0
2003,1,19,9,0,0,2.61408042908,10.5
2003,1,20,9,0,0,4.98716068268,0.0
2003,1,21,9,0,0,4.62738037109,3.40000009537
2003,1,22,9,0,0,1.2208302021,16.7999992371
2003,1,23,9,0,0,2.33013749123,9.19999980927
2003,1,24,9,0,0,2.74669837952,12.6999998093
2003,1,25,9,0,0,3.39952135086,0.0
2003,1,26,9,0,0,4.26314640045,0.0
2003,1,27,9,0,0,0.891143918037,11.1000003815
2003,1,28,9,0,0,2.35938119888,3.79999995232
2003,1,29,9,0,0,3.01690220833,0.0
2003,1,30,9,0,0,5.16775274277,0.0
2003,1,31,9,0,0,4.31346654892,6.5
2003,2,1,9,0,0,1.09209513664,4.09999990463
2003,2,2,9,0,0,4.60566139221,0.0
2003,2,3,9,0,0,4.72715806961,0.0
2003,2,4,9,0,0,4.63097906113,0.0
2003,2,5,9,0,0,4.03852558136,0.0
2003,2,6,9,0,0,3.78749585152,0.0
2003,2,7,9,0,0,4.49886369705,0.0
2003,2,8,9,0,0,2.20468640327,0.0
2003,2,9,9,0,0,3.75552010536,0.0
2003,2,10,9,0,0,4.15611124039,0.0
2003,2,11,9,0,0,1.79411041737,0.0
2003,2,12,9,0,0,3.27926898003,0.0
2003,2,13,9,0,0,4.57644939423,0.0
2003,2,14,9,0,0,2.13785028458,8.30000019073
2003,2,15,9,0,0,4.24672698975,0.0
2003,2,16,9,0,0,3.65865325928,0.0
2003,2,17,9,0,0,3.14216184616,5.90000009537
2003,2,18,9,0,0,2.20919132233,17.0
2003,2,19,9,0,0,0.733851909637,24.3999996185
2003,2,20,9,0,0,1.03745651245,17.7999992371
2003,2,21,9,0,0,2.85055875778,2.59999990463
2003,2,22,9,0,0,2.8671875,0.0
2003,2,23,9,0,0,2.82566046715,0.0
2003,2,24,9,0,0,3.95186781883,0.0
2003,2,25,9,0,0,4.18119716644,0.0
2003,2,26,9,0,0,4.3087105751,0.0
2003,2,27,9,0,0,4.11826610565,0.0
2003,2,28,9,0,0,3.31172919273,0.0
2003,3,1,9,0,0,3.72669959068,0.0
2003,3,2,9,0,0,2.37856912613,9.89999961853
2003,3,3,9,0,0,1.86638438702,22.7000007629
2003,3,4,9,0,0,2.73449850082,0.0
2003,3,5,9,0,0,3.49626922607,0.0
2003,3,6,9,0,0,3.49821376801,0.0
2003,3,7,9,0,0,3.85065126419,0.0
2003,3,8,9,0,0,3.68093776703,0.0
2003,3,9,9,0,0,3.89634919167,0.0
2003,3,10,9,0,0,3.9021999836,0.0
2003,3,11,9,0,0,3.78903627396,0.0
2003,3,12,9,0,0,2.41183257103,0.0
2003,3,13,9,0,0,3.29615473747,0.0
2003,3,14,9,0,0,1.89999055862,0.0
2003,3,15,9,0,0,2.72427678108,0.0
2003,3,16,9,0,0,1.93047857285,0.0
2003,3,17,9,0,0,3.42552995682,0.0
2003,3,18,9,0,0,3.04166269302,0.0
2003,3,19,9,0,0,3.23570728302,0.0
2003,3,20,9,0,0,3.04893279076,0.0
2003,3,21,9,0,0,3.17965126038,0.0
2003,3,22,9,0,0,3.22121691704,0.0
2003,3,23,9,0,0,2.73233246803,0.0
2003,3,24,9,0,0,3.28948307037,0.0
2003,3,25,9,0,0,3.19598603249,0.0
2003,3,26,9,0,0,2.01094269753,0.0
2003,3,27,9,0,0,3.27307891846,0.0
2003,3,28,9,0,0,1.24797236919,10.1999998093
2003,3,29,9,0,0,1.43726801872,0.0
2003,3,30,9,0,0,2.10003972054,10.5
2003,3,31,9,0,0,1.06693041325,19.0
2003,4,1,9,0,0,0.713697135448,6.0
2003,4,2,9,0,0,2.04973459244,0.0
2003,4,3,9,0,0,1.39482605457,0.0
2003,4,4,9,0,0,2.20123100281,0.0
2003,4,5,9,0,0,0.762916564941,6.5
2003,4,6,9,0,0,1.06587541103,2.5
2003,4,7,9,0,0,1.89053225517,0.0
2003,4,8,9,0,0,2.05010175705,0.0
2003,4,9,9,0,0,2.37394237518,0.0
2003,4,10,9,0,0,2.20703887939,0.0
2003,4,11,9,0,0,2.22661447525,0.0
2003,4,12,9,0,0,2.35756278038,0.0
2003,4,13,9,0,0,2.06485891342,0.0
2003,4,14,9,0,0,2.24584770203,0.0
2003,4,15,9,0,0,2.11694097519,0.0
2003,4,16,9,0,0,1.62916827202,0.0
2003,4,17,9,0,0,0.817472994328,0.0
2003,4,18,9,0,0,1.48172950745,0.0
2003,4,19,9,0,0,2.03769850731,0.0
2003,4,20,9,0,0,2.05279159546,0.0
2003,4,21,9,0,0,1.79689693451,0.0
2003,4,22,9,0,0,1.23601925373,0.0
2003,4,23,9,0,0,0.961022853851,0.0
2003,4,24,9,0,0,0.937998056412,2.59999990463
2003,4,25,9,0,0,1.87365138531,0.0
2003,4,26,9,0,0,0.98334467411,0.0
2003,4,27,9,0,0,0.906560301781,0.0
2003,4,28,9,0,0,1.56961166859,0.0
2003,4,29,9,0,0,1.44078361988,0.0
2003,4,30,9,0,0,1.30728340149,5.80000019073
2003,5,1,9,0,0,1.16312992573,29.1000003815
2003,5,2,9,0,0,0.817124783993,2.79999995232
2003,5,3,9,0,0,1.13441562653,0.0
2003,5,4,9,0,0,0.41015535593,6.80000019073
2003,5,5,9,0,0,1.26953172684,0.0
2003,5,6,9,0,0,1.21931278706,0.0
2003,5,7,9,0,0,0.700385630131,0.0
2003,5,8,9,0,0,1.08120322227,0.0
2003,5,9,9,0,0,0.873585760593,4.90000009537
2003,5,10,9,0,0,0.519521713257,25.7999992371
2003,5,11,9,0,0,1.24994051456,2.59999990463
2003,5,12,9,0,0,1.135176301,0.0
2003,5,13,9,0,0,1.19762837887,0.0
2003,5,14,9,0,0,0.886952519417,0.0
2003,5,15,9,0,0,0.957402646542,0.0
2003,5,16,9,0,0,0.930237710476,0.0
2003,5,17,9,0,0,0.887824594975,0.0
2003,5,18,9,0,0,0.861682832241,0.0
2003,5,19,9,0,0,0.561498820782,22.7999992371
2003,5,20,9,0,0,0.880038261414,13.8999996185
2003,5,21,9,0,0,0.584176599979,11.5
2003,5,22,9,0,0,0.502018272877,19.0
2003,5,23,9,0,0,0.627010285854,19.8999996185
2003,5,24,9,0,0,1.1627099514,0.0
2003,5,25,9,0,0,0.915696024895,0.0
2003,5,26,9,0,0,0.713131964207,2.09999990463
2003,5,27,9,0,0,0.673868298531,2.09999990463
2003,5,28,9,0,0,0.714337766171,0.0
2003,5,29,9,0,0,0.565192639828,11.5
2003,5,30,9,0,0,0.594383955002,5.69999980927
2003,5,31,9,0,0,0.486122816801,0.0
2003,6,1,9,0,0,0.510069191456,0.0
2003,6,2,9,0,0,0.553989827633,3.79999995232
2003,6,3,9,0,0,0.363940984011,22.8999996185
2003,6,4,9,0,0,0.991874992847,2.79999995232
2003,6,5,9,0,0,0.689613163471,6.80000019073
2003,6,6,9,0,0,0.421584963799,21.6000003815
2003,6,7,9,0,0,0.753323316574,4.09999990463
2003,6,8,9,0,0,0.319591194391,6.19999980927
2003,6,9,9,0,0,0.719010233879,0.0
2003,6,10,9,0,0,1.02861118317,0.0
2003,6,11,9,0,0,0.946251392365,0.0
2003,6,12,9,0,0,0.732062578201,0.0
2003,6,13,9,0,0,0.768339931965,0.0
2003,6,14,9,0,0,0.49430719018,26.1000003815
2003,6,15,9,0,0,0.35335534811,20.5
2003,6,16,9,0,0,0.387457430363,14.5
2003,6,17,9,0,0,0.620178759098,2.90000009537
2003,6,18,9,0,0,0.669773161411,3.5
2003,6,19,9,0,0,0.554287612438,2.70000004768
2003,6,20,9,0,0,0.650253653526,3.20000004768
2003,6,21,9,0,0,0.565301537514,0.0
2003,6,22,9,0,0,0.586202919483,10.0
2003,6,23,9,0,0,0.710857689381,9.10000038147
2003,6,24,9,0,0,0.63941693306,11.3000001907
2003,6,25,9,0,0,0.540820538998,0.0
2003,6,26,9,0,0,0.549358487129,0.0
2003,6,27,9,0,0,0.739758074284,0.0
2003,6,28,9,0,0,0.387516200542,40.7999992371
2003,6,29,9,0,0,0.394835203886,42.9000015259
2003,6,30,9,0,0,0.454940736294,32.4000015259
2003,7,1,9,0,0,0.654459655285,4.59999990463
2003,7,2,9,0,0,0.35866767168,9.19999980927
2003,7,3,9,0,0,0.624052703381,3.29999995232
2003,7,4,9,0,0,0.510212004185,2.09999990463
2003,7,5,9,0,0,0.86863476038,0.0
2003,7,6,9,0,0,0.85920125246,0.0
2003,7,7,9,0,0,0.404269933701,0.0
2003,7,8,9,0,0,0.555130660534,0.0
2003,7,9,9,0,0,0.462649226189,6.0
2003,7,10,9,0,0,0.484483838081,0.0
2003,7,11,9,0,0,0.867396891117,0.0
2003,7,12,9,0,0,1.00690317154,0.0
2003,7,13,9,0,0,0.868308603764,0.0
2003,7,14,9,0,0,0.453151077032,13.6999998093
2003,7,15,9,0,0,0.658422410488,2.70000004768
2003,7,16,9,0,0,0.422291606665,17.8999996185
2003,7,17,9,0,0,0.574417710304,0.0
2003,7,18,9,0,0,0.907822549343,0.0
2003,7,19,9,0,0,0.731083214283,0.0
2003,7,20,9,0,0,0.917926907539,0.0
2003,7,21,9,0,0,0.870621800423,0.0
2003,7,22,9,0,0,0.852148413658,0.0
2003,7,23,9,0,0,0.971289098263,0.0
2003,7,24,9,0,0,0.753282666206,0.0
2003,7,25,9,0,0,0.851432740688,0.0
2003,7,26,9,0,0,0.501003026962,0.0
2003,7,27,9,0,0,0.577570199966,0.0
2003,7,28,9,0,0,0.963385105133,0.0
2003,7,29,9,0,0,1.31895720959,0.0
2003,7,30,9,0,0,1.19751560688,0.0
2003,7,31,9,0,0,0.753942906857,0.0
2003,8,1,9,0,0,0.847085893154,0.0
2003,8,2,9,0,0,1.14340496063,0.0
2003,8,3,9,0,0,1.07900202274,0.0
2003,8,4,9,0,0,0.953203678131,0.0
2003,8,5,9,0,0,0.677891135216,0.0
2003,8,6,9,0,0,0.834660947323,0.0
2003,8,7,9,0,0,0.443829923868,5.59999990463
2003,8,8,9,0,0,1.10115778446,0.0
2003,8,9,9,0,0,1.23977208138,0.0
2003,8,10,9,0,0,1.02844142914,0.0
2003,8,11,9,0,0,0.945726275444,0.0
2003,8,12,9,0,0,0.683176457882,0.0
2003,8,13,9,0,0,0.996197283268,0.0
2003,8,14,9,0,0,1.27687883377,21.1000003815
2003,8,15,9,0,0,0.574663281441,16.8999996185
2003,8,16,9,0,0,0.882598280907,8.39999961853
2003,8,17,9,0,0,1.20416152477,3.29999995232
2003,8,18,9,0,0,1.23314964771,0.0
2003,8,19,9,0,0,1.42795145512,0.0
2003,8,20,9,0,0,1.2639747858,0.0
2003,8,21,9,0,0,0.585732758045,2.0
2003,8,22,9,0,0,1.10251522064,0.0
2003,8,23,9,0,0,1.865655303,0.0
2003,8,24,9,0,0,1.81232821941,0.0
2003,8,25,9,0,0,1.24309873581,2.09999990463
2003,8,26,9,0,0,1.29859149456,16.7999992371
2003,8,27,9,0,0,0.658943235874,11.8000001907
2003,8,28,9,0,0,1.92035460472,4.69999980927
2003,8,29,9,0,0,1.56101620197,0.0
2003,8,30,9,0,0,1.77319765091,0.0
2003,8,31,9,0,0,1.45055520535,16.0
2003,9,1,9,0,0,1.55676817894,3.5
2003,9,2,9,0,0,1.22385716438,3.20000004768
2003,9,3,9,0,0,0.84614109993,14.1000003815
2003,9,4,9,0,0,1.20060861111,3.09999990463
2003,9,5,9,0,0,2.41395759583,0.0
2003,9,6,9,0,0,1.91668236256,0.0
2003,9,7,9,0,0,1.71553313732,2.20000004768
2003,9,8,9,0,0,1.38133692741,2.90000009537
2003,9,9,9,0,0,2.81279659271,0.0
2003,9,10,9,0,0,1.99525809288,0.0
2003,9,11,9,0,0,2.63896107674,0.0
2003,9,12,9,0,0,2.70868182182,0.0
2003,9,13,9,0,0,1.69271540642,2.40000009537
2003,9,14,9,0,0,1.73498010635,2.29999995232
2003,9,15,9,0,0,1.74951553345,17.6000003815
2003,9,16,9,0,0,1.17281138897,17.1000003815
2003,9,17,9,0,0,1.04842591286,20.7999992371
2003,9,18,9,0,0,0.63970541954,19.3999996185
2003,9,19,9,0,0,2.43623137474,2.09999990463
2003,9,20,9,0,0,1.29347229004,11.1000003815
2003,9,21,9,0,0,1.76480746269,0.0
2003,9,22,9,0,0,1.98692071438,2.29999995232
2003,9,23,9,0,0,1.658649683,0.0
2003,9,24,9,0,0,2.89159584045,29.3999996185
2003,9,25,9,0,0,3.1186902523,4.09999990463
2003,9,26,9,0,0,0.493933558464,13.1000003815
2003,9,27,9,0,0,1.29212462902,8.30000019073
2003,9,28,9,0,0,0.344210535288,24.5
2003,9,29,9,0,0,2.52136015892,2.40000009537
2003,9,30,9,0,0,0.736993134022,23.3999996185
2003,10,1,9,0,0,2.38517618179,3.79999995232
2003,10,2,9,0,0,1.66653621197,26.8999996185
2003,10,3,9,0,0,0.516086041927,25.5
2003,10,4,9,0,0,2.00097131729,11.0
2003,10,5,9,0,0,2.24455595016,2.90000009537
2003,10,6,9,0,0,2.73783683777,0.0
2003,10,7,9,0,0,2.53404092789,0.0
2003,10,8,9,0,0,2.3736269474,2.59999990463
2003,10,9,9,0,0,1.38536155224,6.80000019073
2003,10,10,9,0,0,1.31992280483,2.5
2003,10,11,9,0,0,0.723651528358,14.6999998093
2003,10,12,9,0,0,1.22798299789,0.0
2003,10,13,9,0,0,2.88161683083,0.0
2003,10,14,9,0,0,4.23175048828,0.0
2003,10,15,9,0,0,4.01656866074,0.0
2003,10,16,9,0,0,3.31726408005,0.0
2003,10,17,9,0,0,3.38325929642,0.0
2003,10,18,9,0,0,2.23604178429,0.0
2003,10,19,9,0,0,3.21088218689,0.0
2003,10,20,9,0,0,3.54450297356,0.0
2003,10,21,9,0,0,2.99810504913,0.0
2003,10,22,9,0,0,3.86397528648,0.0
2003,10,23,9,0,0,2.8224670887,0.0
2003,10,24,9,0,0,3.8419277668,0.0
2003,10,25,9,0,0,3.05222988129,0.0
2003,10,26,9,0,0,2.72973775864,0.0
2003,10,27,9,0,0,3.93467617035,7.40000009537
2003,10,28,9,0,0,3.04290795326,3.40000009537
2003,10,29,9,0,0,3.73889040947,0.0
2003,10,30,9,0,0,1.61256754398,9.5
2003,10,31,9,0,0,2.8566262722,5.5
2003,11,1,9,0,0,2.74202609062,36.7999992371
2003,11,2,9,0,0,1.03800928593,22.1000003815
2003,11,3,9,0,0,2.72990894318,12.5
2003,11,4,9,0,0,3.98426961899,0.0
2003,11,5,9,0,0,3.57903862,0.0
2003,11,6,9,0,0,3.06443071365,0.0
2003,11,7,9,0,0,1.25273418427,12.1000003815
2003,11,8,9,0,0,3.58775258064,0.0
2003,11,9,9,0,0,4.3121843338,0.0
2003,11,10,9,0,0,3.73597025871,0.0
2003,11,11,9,0,0,3.24320650101,10.6000003815
2003,11,12,9,0,0,1.37046957016,12.5
2003,11,13,9,0,0,2.50296282768,3.40000009537
2003,11,14,9,0,0,3.32893061638,2.90000009537
2003,11,15,9,0,0,2.53190279007,2.59999990463
2003,11,16,9,0,0,3.55860877037,4.80000019073
2003,11,17,9,0,0,3.20359706879,0.0
2003,11,18,9,0,0,5.22217226028,0.0
2003,11,19,9,0,0,4.77034807205,0.0
2003,11,20,9,0,0,4.34119081497,0.0
2003,11,21,9,0,0,2.49458765984,5.80000019073
2003,11,22,9,0,0,2.92729616165,0.0
2003,11,23,9,0,0,5.20484876633,0.0
2003,11,24,9,0,0,4.6479177475,0.0
2003,11,25,9,0,0,3.73902463913,0.0
2003,11,26,9,0,0,5.00260829926,0.0
2003,11,27,9,0,0,3.17505812645,17.2999992371
2003,11,28,9,0,0,5.11420536041,0.0
2003,11,29,9,0,0,3.40708374977,0.0
2003,11,30,9,0,0,3.57584261894,0.0
2003,12,1,9,0,0,5.49477052689,0.0
2003,12,2,9,0,0,2.00729346275,0.0
2003,12,3,9,0,0,5.11618518829,0.0
2003,12,4,9,0,0,5.71741247177,0.0
2003,12,5,9,0,0,2.83677625656,14.1000003815
2003,12,6,9,0,0,1.59911620617,12.6999998093
2003,12,7,9,0,0,5.04187726974,0.0
2003,12,8,9,0,0,5.38214731216,0.0
2003,12,9,9,0,0,5.67074966431,0.0
2003,12,10,9,0,0,5.11887311935,0.0
2003,12,11,9,0,0,6.0615234375,0.0
2003,12,12,9,0,0,3.11962676048,2.40000009537
2003,12,13,9,0,0,3.76395225525,15.6000003815
2003,12,14,9,0,0,3.65035820007,3.79999995232
2003,12,15,9,0,0,2.57980322838,2.90000009537
2003,12,16,9,0,0,5.09776306152,0.0
2003,12,17,9,0,0,5.40770244598,0.0
2003,12,18,9,0,0,5.12262773514,0.0
2003,12,19,9,0,0,4.0254778862,0.0
2003,12,20,9,0,0,1.32502317429,6.80000019073
2003,12,21,9,0,0,4.06962347031,0.0
2003,12,22,9,0,0,6.44311332703,0.0
2003,12,23,9,0,0,1.67873716354,13.8999996185
2003,12,24,9,0,0,2.47104787827,7.80000019073
2003,12,25,9,0,0,1.93612885475,7.0
2003,12,26,9,0,0,3.67712450027,3.79999995232
2003,12,27,9,0,0,3.76005744934,11.8000001907
2003,12,28,9,0,0,4.8466219902,5.40000009537
2003,12,29,9,0,0,1.93470823765,4.19999980927
2003,12,30,9,0,0,5.62949228287,0.0
2003,12,31,9,0,0,5.43539333344,0.0
2004,1,1,9,0,0,6.38518428802,0.0
2004,1,2,9,0,0,6.63984203339,0.0
2004,1,3,9,0,0,6.54691410065,0.0
2004,1,4,9,0,0,5.72587919235,0.0
2004,1,5,9,0,0,4.52599000931,8.60000038147
2004,1,6,9,0,0,1.02514505386,21.0
2004,1,7,9,0,0,4.84041118622,7.0
2004,1,8,9,0,0,1.98040795326,58.5
2004,1,9,9,0,0,1.97840893269,5.19999980927
2004,1,10,9,0,0,5.11004924774,0.0
2004,1,11,9,0,0,5.11730527878,0.0
2004,1,12,9,0,0,3.48386859894,6.59999990463
2004,1,13,9,0,0,4.55477666855,0.0
2004,1,14,9,0,0,5.21462106705,3.90000009537
2004,1,15,9,0,0,4.86249828339,0.0
2004,1,16,9,0,0,5.5931930542,0.0
2004,1,17,9,0,0,5.96431970596,0.0
2004,1,18,9,0,0,2.53409910202,17.7000007629
2004,1,19,9,0,0,4.53970956802,0.0
2004,1,20,9,0,0,5.65380430222,0.0
2004,1,21,9,0,0,5.66633081436,0.0
2004,1,22,9,0,0,6.13247966766,0.0
2004,1,23,9,0,0,3.47913050652,0.0
2004,1,24,9,0,0,5.97671699524,0.0
2004,1,25,9,0,0,2.95300197601,5.19999980927
2004,1,26,9,0,0,3.75476336479,7.80000019073
2004,1,27,9,0,0,3.33505153656,0.0
2004,1,28,9,0,0,4.15448093414,0.0
2004,1,29,9,0,0,2.29870653152,12.3999996185
2004,1,30,9,0,0,3.2362215519,6.5
2004,1,31,9,0,0,2.83451747894,2.09999990463
2004,2,1,9,0,0,1.24769032001,19.1000003815
2004,2,2,9,0,0,3.25440740585,10.5
2004,2,3,9,0,0,2.60648679733,5.30000019073
2004,2,4,9,0,0,2.86661505699,0.0
2004,2,5,9,0,0,4.89696836472,0.0
2004,2,6,9,0,0,4.77262067795,0.0
2004,2,7,9,0,0,1.27629041672,10.0
2004,2,8,9,0,0,4.01686668396,0.0
2004,2,9,9,0,0,4.82786512375,16.5
2004,2,10,9,0,0,3.17308568954,3.70000004768
2004,2,11,9,0,0,2.29919838905,8.19999980927
2004,2,12,9,0,0,3.9491007328,0.0
2004,2,13,9,0,0,3.04287075996,9.10000038147
2004,2,14,9,0,0,1.76601207256,8.5
2004,2,15,9,0,0,4.61677885056,0.0
2004,2,16,9,0,0,5.1364235878,2.90000009537
2004,2,17,9,0,0,3.29860520363,3.70000004768
2004,2,18,9,0,0,0.816774606705,14.3999996185
2004,2,19,9,0,0,1.62147378922,21.7999992371
2004,2,20,9,0,0,1.95038878918,17.7999992371
2004,2,21,9,0,0,1.80474889278,21.7999992371
2004,2,22,9,0,0,2.51839089394,2.20000004768
2004,2,23,9,0,0,1.23192358017,15.0
2004,2,24,9,0,0,2.53794503212,5.80000019073
2004,2,25,9,0,0,3.5608291626,0.0
2004,2,26,9,0,0,4.05591058731,0.0
2004,2,27,9,0,0,1.72743916512,10.8999996185
2004,2,28,9,0,0,1.20096635818,15.1000003815
2004,2,29,9,0,0,2.03544807434,4.80000019073
2004,3,1,9,0,0,3.2426867485,6.59999990463
2004,3,2,9,0,0,3.26990032196,3.20000004768
2004,3,3,9,0,0,4.14752960205,0.0
2004,3,4,9,0,0,4.08611106873,0.0
2004,3,5,9,0,0,3.7299888134,0.0
2004,3,6,9,0,0,2.90016198158,0.0
2004,3,7,9,0,0,2.68618059158,0.0
2004,3,8,9,0,0,1.70005595684,0.0
2004,3,9,9,0,0,2.82077932358,0.0
2004,3,10,9,0,0,2.26021623611,18.7999992371
2004,3,11,9,0,0,2.38031506538,0.0
2004,3,12,9,0,0,3.39626312256,0.0
2004,3,13,9,0,0,2.52256131172,0.0
2004,3,14,9,0,0,2.72520971298,0.0
2004,3,15,9,0,0,2.45916199684,0.0
2004,3,16,9,0,0,1.7010229826,7.5
2004,3,17,9,0,0,2.35625720024,2.79999995232
2004,3,18,9,0,0,2.40434336662,0.0
2004,3,19,9,0,0,1.53050112724,0.0
2004,3,20,9,0,0,1.45949530602,0.0
2004,3,21,9,0,0,1.14528357983,5.40000009537
2004,3,22,9,0,0,2.5168492794,0.0
2004,3,23,9,0,0,1.78276073933,4.69999980927
2004,3,24,9,0,0,2.81208992004,0.0
2004,3,25,9,0,0,2.59973216057,0.0
2004,3,26,9,0,0,1.6529340744,7.59999990463
2004,3,27,9,0,0,1.22279202938,17.1000003815
2004,3,28,9,0,0,2.1116027832,0.0
2004,3,29,9,0,0,2.7715215683,0.0
2004,3,30,9,0,0,2.78874850273,0.0
2004,3,31,9,0,0,1.40586078167,0.0
2004,4,1,9,0,0,1.38735878468,2.5
2004,4,2,9,0,0,0.711938083172,4.90000009537
2004,4,3,9,0,0,1.84550428391,0.0
2004,4,4,9,0,0,1.49697542191,2.90000009537
2004,4,5,9,0,0,1.55516159534,3.79999995232
2004,4,6,9,0,0,1.05106675625,0.0
2004,4,7,9,0,0,2.46575403214,4.19999980927
2004,4,8,9,0,0,0.475605458021,16.7999992371
2004,4,9,9,0,0,2.41616344452,0.0
2004,4,10,9,0,0,1.29188883305,3.79999995232
2004,4,11,9,0,0,1.27503955364,7.80000019073
2004,4,12,9,0,0,1.01472556591,3.09999990463
2004,4,13,9,0,0,2.18566060066,0.0
2004,4,14,9,0,0,2.01101994514,0.0
2004,4,15,9,0,0,1.73886334896,0.0
2004,4,16,9,0,0,1.35484540462,0.0
2004,4,17,9,0,0,1.73531532288,0.0
2004,4,18,9,0,0,2.29191660881,0.0
2004,4,19,9,0,0,2.30343604088,0.0
2004,4,20,9,0,0,1.71987080574,0.0
2004,4,21,9,0,0,1.24219405651,0.0
2004,4,22,9,0,0,2.00940060616,0.0
2004,4,23,9,0,0,1.6182268858,0.0
2004,4,24,9,0,0,1.25441980362,0.0
2004,4,25,9,0,0,1.07929825783,0.0
2004,4,26,9,0,0,1.60081136227,5.59999990463
2004,4,27,9,0,0,1.40765404701,3.79999995232
2004,4,28,9,0,0,1.6776715517,0.0
2004,4,29,9,0,0,1.3472635746,0.0
2004,4,30,9,0,0,1.0693770647,0.0
2004,5,1,9,0,0,0.842869460583,2.40000009537
2004,5,2,9,0,0,1.57743561268,12.1999998093
2004,5,3,9,0,0,1.08178961277,23.8999996185
2004,5,4,9,0,0,0.945304811001,8.39999961853
2004,5,5,9,0,0,0.705121159554,31.1000003815
2004,5,6,9,0,0,1.02193546295,13.0
2004,5,7,9,0,0,0.610111951828,3.59999990463
2004,5,8,9,0,0,1.26077401638,0.0
2004,5,9,9,0,0,1.29727625847,0.0
2004,5,10,9,0,0,0.897713780403,3.0
2004,5,11,9,0,0,0.427683293819,8.5
2004,5,12,9,0,0,0.444517850876,12.1000003815
2004,5,13,9,0,0,1.03748142719,0.0
2004,5,14,9,0,0,1.3821169138,0.0
2004,5,15,9,0,0,1.42119622231,0.0
2004,5,16,9,0,0,1.03944861889,0.0
2004,5,17,9,0,0,1.30422401428,0.0
2004,5,18,9,0,0,1.17356026173,0.0
2004,5,19,9,0,0,1.10487771034,0.0
2004,5,20,9,0,0,1.0963332653,0.0
2004,5,21,9,0,0,0.564208447933,11.1000003815
2004,5,22,9,0,0,1.02316272259,0.0
2004,5,23,9,0,0,1.3010623455,0.0
2004,5,24,9,0,0,0.318835556507,6.09999990463
2004,5,25,9,0,0,1.0653924942,0.0
2004,5,26,9,0,0,0.708688378334,0.0
2004,5,27,9,0,0,1.07728743553,0.0
2004,5,28,9,0,0,0.591175317764,8.89999961853
2004,5,29,9,0,0,0.598992288113,19.2000007629
2004,5,30,9,0,0,0.936845839024,6.5
2004,5,31,9,0,0,1.13200747967,2.70000004768
2004,6,1,9,0,0,0.498350054026,4.09999990463
2004,6,2,9,0,0,0.571478843689,12.3000001907
2004,6,3,9,0,0,0.458577245474,24.7000007629
2004,6,4,9,0,0,0.369477719069,12.6000003815
2004,6,5,9,0,0,0.393746435642,16.2000007629
2004,6,6,9,0,0,0.625176370144,6.0
2004,6,7,9,0,0,0.532580316067,0.0
2004,6,8,9,0,0,0.687576711178,0.0
2004,6,9,9,0,0,0.474119752645,0.0
2004,6,10,9,0,0,0.364796638489,0.0
2004,6,11,9,0,0,0.585447192192,0.0
2004,6,12,9,0,0,0.497758120298,0.0
2004,6,13,9,0,0,0.511039316654,4.59999990463
2004,6,14,9,0,0,0.855740785599,4.09999990463
2004,6,15,9,0,0,0.66558432579,29.2000007629
2004,6,16,9,0,0,0.382964879274,6.09999990463
2004,6,17,9,0,0,0.527944922447,6.19999980927
2004,6,18,9,0,0,0.181224510074,29.3999996185
2004,6,19,9,0,0,0.515995204449,28.2999992371
2004,6,20,9,0,0,0.408827483654,26.3999996185
2004,6,21,9,0,0,0.60399711132,23.7999992371
2004,6,22,9,0,0,0.795044958591,0.0
2004,6,23,9,0,0,0.520860135555,0.0
2004,6,24,9,0,0,0.477795094252,0.0
2004,6,25,9,0,0,0.519557952881,2.40000009537
2004,6,26,9,0,0,0.538126766682,19.0
2004,6,27,9,0,0,0.618504405022,44.5
2004,6,28,9,0,0,0.77529925108,0.0
2004,6,29,9,0,0,0.634905278683,0.0
2004,6,30,9,0,0,0.909584462643,0.0
2004,7,1,9,0,0,0.848666667938,0.0
2004,7,2,9,0,0,0.259435772896,10.1000003815
2004,7,3,9,0,0,0.317082256079,9.30000019073
2004,7,4,9,0,0,0.559932529926,0.0
2004,7,5,9,0,0,0.407789885998,7.30000019073
2004,7,6,9,0,0,0.688376009464,7.80000019073
2004,7,7,9,0,0,0.390980899334,3.5
2004,7,8,9,0,0,0.687221944332,0.0
2004,7,9,9,0,0,0.476889312267,0.0
2004,7,10,9,0,0,0.783325910568,0.0
2004,7,11,9,0,0,0.522860348225,0.0
2004,7,12,9,0,0,0.499201387167,0.0
2004,7,13,9,0,0,0.550257027149,0.0
2004,7,14,9,0,0,0.687539875507,11.8000001907
2004,7,15,9,0,0,0.600496947765,9.39999961853
2004,7,16,9,0,0,0.741777360439,0.0
2004,7,17,9,0,0,0.707030653954,0.0
2004,7,18,9,0,0,0.645096540451,0.0
2004,7,19,9,0,0,0.758021593094,0.0
2004,7,20,9,0,0,0.538513839245,0.0
2004,7,21,9,0,0,0.770041286945,4.69999980927
2004,7,22,9,0,0,0.388993561268,3.0
2004,7,23,9,0,0,1.18131768703,0.0
2004,7,24,9,0,0,1.14675176144,0.0
2004,7,25,9,0,0,1.12002205849,0.0
2004,7,26,9,0,0,0.625708937645,16.5
2004,7,27,9,0,0,0.819321870804,5.40000009537
2004,7,28,9,0,0,0.49455973506,23.5
2004,7,29,9,0,0,1.22641456127,3.59999990463
2004,7,30,9,0,0,0.982289612293,0.0
2004,7,31,9,0,0,1.18324351311,0.0
2004,8,1,9,0,0,1.2450196743,0.0
2004,8,2,9,0,0,1.23712611198,0.0
2004,8,3,9,0,0,1.20998394489,0.0
2004,8,4,9,0,0,0.738646566868,6.5
2004,8,5,9,0,0,0.921426594257,2.79999995232
2004,8,6,9,0,0,0.462869048119,17.7999992371
2004,8,7,9,0,0,0.55831515789,9.19999980927
2004,8,8,9,0,0,0.860440552235,4.80000019073
2004,8,9,9,0,0,1.01542246342,8.30000019073
2004,8,10,9,0,0,1.11364066601,20.5
2004,8,11,9,0,0,1.31118237972,22.5
2004,8,12,9,0,0,0.960315167904,18.8999996185
2004,8,13,9,0,0,0.959956884384,7.69999980927
2004,8,14,9,0,0,0.668272674084,41.5999984741
2004,8,15,9,0,0,0.490551680326,12.5
2004,8,16,9,0,0,1.41459667683,0.0
2004,8,17,9,0,0,1.64285874367,0.0
2004,8,18,9,0,0,1.50957989693,0.0
2004,8,19,9,0,0,1.77396261692,0.0
2004,8,20,9,0,0,0.831360936165,0.0
2004,8,21,9,0,0,1.53520929813,2.5
2004,8,22,9,0,0,0.523020982742,13.1999998093
2004,8,23,9,0,0,1.35094583035,2.5
2004,8,24,9,0,0,1.70116639137,0.0
2004,8,25,9,0,0,1.6901704073,0.0
2004,8,26,9,0,0,1.75424957275,0.0
2004,8,27,9,0,0,1.63327383995,0.0
2004,8,28,9,0,0,2.03526949883,0.0
2004,8,29,9,0,0,1.82085800171,0.0
2004,8,30,9,0,0,2.00470137596,0.0
2004,8,31,9,0,0,1.10289335251,22.3999996185
2004,9,1,9,0,0,1.25616645813,18.0
2004,9,2,9,0,0,1.42227399349,3.5
2004,9,3,9,0,0,2.31690573692,0.0
2004,9,4,9,0,0,2.08609366417,4.69999980927
2004,9,5,9,0,0,1.79700911045,0.0
2004,9,6,9,0,0,2.15101957321,0.0
2004,9,7,9,0,0,2.1753115654,0.0
2004,9,8,9,0,0,2.51205325127,0.0
2004,9,9,9,0,0,2.25409889221,0.0
2004,9,10,9,0,0,1.23237013817,0.0
2004,9,11,9,0,0,1.29952967167,15.6000003815
2004,9,12,9,0,0,1.36037492752,4.69999980927
2004,9,13,9,0,0,0.705110132694,36.2999992371
2004,9,14,9,0,0,2.06819319725,2.5
2004,9,15,9,0,0,1.97909379005,8.5
2004,9,16,9,0,0,0.903195023537,18.0
2004,9,17,9,0,0,1.22071266174,12.5
2004,9,18,9,0,0,1.49913275242,10.1999998093
2004,9,19,9,0,0,1.93406605721,0.0
2004,9,20,9,0,0,1.93675541878,0.0
2004,9,21,9,0,0,1.79815530777,7.0
2004,9,22,9,0,0,1.89804255962,8.60000038147
2004,9,23,9,0,0,0.616418719292,9.0
2004,9,24,9,0,0,2.46278142929,2.0
2004,9,25,9,0,0,3.21209073067,0.0
2004,9,26,9,0,0,2.94800686836,2.0
2004,9,27,9,0,0,1.11417424679,28.2000007629
2004,9,28,9,0,0,0.951915204525,5.80000019073
2004,9,29,9,0,0,3.10869288445,3.20000004768
2004,9,30,9,0,0,0.694614350796,4.40000009537
2004,10,1,9,0,0,3.11195397377,0.0
2004,10,2,9,0,0,2.98493719101,0.0
2004,10,3,9,0,0,3.3736615181,0.0
2004,10,4,9,0,0,1.14634180069,16.5
2004,10,5,9,0,0,1.58985793591,8.19999980927
2004,10,6,9,0,0,1.48335778713,19.5
2004,10,7,9,0,0,2.84784841537,2.29999995232
2004,10,8,9,0,0,2.66083431244,0.0
2004,10,9,9,0,0,0.885228693485,2.90000009537
2004,10,10,9,0,0,2.55466938019,0.0
2004,10,11,9,0,0,2.96146655083,0.0
2004,10,12,9,0,0,0.624741613865,3.20000004768
2004,10,13,9,0,0,1.98501694202,0.0
2004,10,14,9,0,0,1.77266395092,16.2000007629
2004,10,15,9,0,0,0.872681081295,18.7000007629
2004,10,16,9,0,0,1.95064091682,6.90000009537
2004,10,17,9,0,0,3.46821427345,0.0
2004,10,18,9,0,0,2.66683650017,0.0
2004,10,19,9,0,0,2.76196217537,2.5
2004,10,20,9,0,0,3.87011909485,0.0
2004,10,21,9,0,0,4.02353525162,0.0
2004,10,22,9,0,0,4.38470506668,0.0
2004,10,23,9,0,0,2.42120409012,9.30000019073
2004,10,24,9,0,0,0.710847258568,4.80000019073
2004,10,25,9,0,0,1.43863391876,6.40000009537
2004,10,26,9,0,0,3.84753584862,0.0
2004,10,27,9,0,0,3.87914204597,0.0
2004,10,28,9,0,0,2.29939603806,2.09999990463
2004,10,29,9,0,0,1.23848211765,18.6000003815
2004,10,30,9,0,0,3.14327669144,0.0
2004,10,31,9,0,0,3.13955664635,0.0
2004,11,1,9,0,0,4.87878274918,0.0
2004,11,2,9,0,0,3.44471263885,0.0
2004,11,3,9,0,0,4.84179115295,0.0
2004,11,4,9,0,0,3.52157974243,2.40000009537
2004,11,5,9,0,0,4.48689079285,0.0
2004,11,6,9,0,0,5.21200084686,0.0
2004,11,7,9,0,0,3.86739087105,0.0
2004,11,8,9,0,0,4.16213607788,0.0
2004,11,9,9,0,0,3.37922000885,0.0
2004,11,10,9,0,0,1.93985676765,5.0
2004,11,11,9,0,0,4.83781862259,0.0
2004,11,12,9,0,0,3.38712882996,0.0
2004,11,13,9,0,0,2.52508211136,4.59999990463
2004,11,14,9,0,0,2.20475006104,3.20000004768
2004,11,15,9,0,0,2.35755324364,12.8999996185
2004,11,16,9,0,0,2.92303943634,9.0
2004,11,17,9,0,0,3.48818302155,3.79999995232
2004,11,18,9,0,0,4.13912916183,0.0
2004,11,19,9,0,0,5.35874795914,0.0
2004,11,20,9,0,0,0.896451592445,6.09999990463
2004,11,21,9,0,0,5.18333625793,0.0
2004,11,22,9,0,0,5.08249521255,0.0
2004,11,23,9,0,0,1.50419235229,14.1000003815
2004,11,24,9,0,0,3.36802554131,2.29999995232
2004,11,25,9,0,0,2.02217817307,10.6000003815
2004,11,26,9,0,0,4.74643135071,0.0
2004,11,27,9,0,0,4.47918844223,0.0
2004,11,28,9,0,0,3.17901754379,4.19999980927
2004,11,29,9,0,0,3.25488758087,10.8999996185
2004,11,30,9,0,0,2.01858782768,9.19999980927
2004,12,1,9,0,0,5.45373058319,6.5
2004,12,2,9,0,0,1.63918495178,16.5
2004,12,3,9,0,0,3.91604495049,0.0
2004,12,4,9,0,0,3.07701301575,2.59999990463
2004,12,5,9,0,0,1.89411616325,2.20000004768
2004,12,6,9,0,0,5.59638357162,0.0
2004,12,7,9,0,0,2.06496286392,2.59999990463
2004,12,8,9,0,0,5.10523080826,2.20000004768
2004,12,9,9,0,0,3.72324180603,5.40000009537
2004,12,10,9,0,0,2.88915586472,6.80000019073
2004,12,11,9,0,0,3.92773723602,4.19999980927
2004,12,12,9,0,0,3.80615758896,3.20000004768
2004,12,13,9,0,0,4.29273843765,2.5
2004,12,14,9,0,0,5.7465467453,0.0
2004,12,15,9,0,0,3.78479003906,37.5
2004,12,16,9,0,0,2.17151141167,11.8999996185
2004,12,17,9,0,0,2.88125276566,14.3999996185
2004,12,18,9,0,0,2.92148137093,2.0
2004,12,19,9,0,0,4.84243679047,0.0
2004,12,20,9,0,0,4.38128995895,5.80000019073
2004,12,21,9,0,0,3.4715321064,4.80000019073
2004,12,22,9,0,0,4.60102367401,2.5
2004,12,23,9,0,0,3.10579133034,4.80000019073
2004,12,24,9,0,0,3.46936845779,6.59999990463
2004,12,25,9,0,0,3.72836327553,2.59999990463
2004,12,26,9,0,0,3.36151027679,2.0
2004,12,27,9,0,0,5.82750749588,0.0
2004,12,28,9,0,0,2.52548527718,8.69999980927
2004,12,29,9,0,0,1.7678668499,41.7999992371
2004,12,30,9,0,0,2.16461515427,3.40000009537
2004,12,31,9,0,0,3.55014562607,3.09999990463
2005,1,1,9,0,0,4.04929065704,3.90000009537
2005,1,2,9,0,0,5.14912462234,0.0
2005,1,3,9,0,0,3.61811518669,3.5
2005,1,4,9,0,0,1.14924025536,19.7999992371
2005,1,5,9,0,0,2.31707644463,9.0
2005,1,6,9,0,0,1.8886487484,2.0
2005,1,7,9,0,0,4.08747243881,2.59999990463
2005,1,8,9,0,0,2.63553118706,7.40000009537
2005,1,9,9,0,0,4.27565479279,4.40000009537
2005,1,10,9,0,0,4.25857210159,0.0
2005,1,11,9,0,0,5.12617778778,0.0
2005,1,12,9,0,0,5.25112771988,0.0
2005,1,13,9,0,0,5.27451944351,0.0
2005,1,14,9,0,0,2.92232179642,0.0
2005,1,15,9,0,0,5.58882761002,0.0
2005,1,16,9,0,0,5.92195892334,0.0
2005,1,17,9,0,0,2.28640294075,13.6999998093
2005,1,18,9,0,0,2.30305123329,0.0
2005,1,19,9,0,0,4.18464326859,0.0
2005,1,20,9,0,0,3.31158924103,0.0
2005,1,21,9,0,0,3.80761098862,0.0
2005,1,22,9,0,0,1.75537312031,0.0
2005,1,23,9,0,0,4.06821489334,0.0
2005,1,24,9,0,0,5.1578669548,0.0
2005,1,25,9,0,0,5.1282582283,0.0
2005,1,26,9,0,0,5.40006923676,0.0
2005,1,27,9,0,0,5.73715400696,0.0
2005,1,28,9,0,0,5.44913101196,0.0
2005,1,29,9,0,0,4.6027264595,0.0
2005,1,30,9,0,0,4.51441001892,0.0
2005,1,31,9,0,0,3.66706776619,0.0
2005,2,1,9,0,0,5.69497156143,0.0
2005,2,2,9,0,0,5.42177629471,0.0
2005,2,3,9,0,0,5.08330631256,0.0
2005,2,4,9,0,0,5.50127315521,0.0
2005,2,5,9,0,0,4.55937242508,0.0
2005,2,6,9,0,0,4.72717285156,0.0
2005,2,7,9,0,0,2.82298445702,4.09999990463
2005,2,8,9,0,0,4.61445379257,0.0
2005,2,9,9,0,0,5.25067424774,0.0
2005,2,10,9,0,0,4.68290042877,0.0
2005,2,11,9,0,0,1.19838094711,26.2999992371
2005,2,12,9,0,0,2.1720085144,7.80000019073
2005,2,13,9,0,0,3.30077123642,13.1000003815
2005,2,14,9,0,0,2.22289681435,12.6000003815
2005,2,15,9,0,0,3.59161400795,0.0
2005,2,16,9,0,0,1.56617987156,16.7000007629
2005,2,17,9,0,0,1.03897619247,22.5
2005,2,18,9,0,0,3.80173039436,0.0
2005,2,19,9,0,0,4.08687353134,0.0
2005,2,20,9,0,0,4.00684642792,0.0
2005,2,21,9,0,0,3.90794157982,0.0
2005,2,22,9,0,0,3.66049551964,0.0
2005,2,23,9,0,0,3.73460221291,0.0
2005,2,24,9,0,0,3.93342661858,0.0
2005,2,25,9,0,0,3.19727611542,0.0
2005,2,26,9,0,0,2.70829081535,9.60000038147
2005,2,27,9,0,0,1.03270745277,15.6000003815
2005,2,28,9,0,0,2.92072987556,0.0
2005,3,1,9,0,0,2.81944441795,0.0
2005,3,2,9,0,0,3.30345678329,0.0
2005,3,3,9,0,0,3.39539289474,0.0
2005,3,4,9,0,0,3.13208627701,0.0
2005,3,5,9,0,0,3.47396206856,0.0
2005,3,6,9,0,0,2.17753744125,30.3999996185
2005,3,7,9,0,0,2.80689239502,0.0
2005,3,8,9,0,0,1.42658913136,8.80000019073
2005,3,9,9,0,0,2.5717561245,0.0
2005,3,10,9,0,0,0.882784426212,19.7000007629
2005,3,11,9,0,0,2.63114190102,0.0
2005,3,12,9,0,0,3.1118221283,0.0
2005,3,13,9,0,0,2.76379704475,0.0
2005,3,14,9,0,0,3.58517313004,0.0
2005,3,15,9,0,0,3.72940707207,0.0
2005,3,16,9,0,0,2.94887065887,4.5
2005,3,17,9,0,0,2.06986737251,0.0
2005,3,18,9,0,0,3.31536650658,0.0
2005,3,19,9,0,0,3.12843537331,0.0
2005,3,20,9,0,0,2.71991205215,0.0
2005,3,21,9,0,0,3.13405632973,0.0
2005,3,22,9,0,0,3.0650267601,0.0
2005,3,23,9,0,0,1.90383017063,0.0
2005,3,24,9,0,0,1.86666834354,22.1000003815
2005,3,25,9,0,0,1.31768846512,15.8000001907
2005,3,26,9,0,0,1.0398004055,15.1000003815
2005,3,27,9,0,0,3.06177973747,0.0
2005,3,28,9,0,0,2.13496232033,0.0
2005,3,29,9,0,0,1.28929269314,10.6999998093
2005,3,30,9,0,0,1.52331864834,3.90000009537
2005,3,31,9,0,0,1.92868840694,0.0
2005,4,1,9,0,0,2.64267754555,0.0
2005,4,2,9,0,0,0.835039675236,0.0
2005,4,3,9,0,0,2.36341977119,0.0
2005,4,4,9,0,0,1.13304328918,5.40000009537
2005,4,5,9,0,0,2.30614280701,0.0
2005,4,6,9,0,0,2.32218456268,0.0
2005,4,7,9,0,0,1.60517001152,0.0
2005,4,8,9,0,0,1.21322393417,13.6000003815
2005,4,9,9,0,0,1.69529807568,0.0
2005,4,10,9,0,0,1.87141919136,0.0
2005,4,11,9,0,0,2.28970336914,0.0
2005,4,12,9,0,0,1.81265664101,0.0
2005,4,13,9,0,0,2.27971148491,0.0
2005,4,14,9,0,0,1.80991053581,0.0
2005,4,15,9,0,0,2.34885382652,0.0
2005,4,16,9,0,0,1.58514988422,0.0
2005,4,17,9,0,0,1.81593596935,0.0
2005,4,18,9,0,0,2.31420755386,0.0
2005,4,19,9,0,0,1.38722872734,0.0
2005,4,20,9,0,0,1.39869201183,9.19999980927
2005,4,21,9,0,0,1.91286325455,0.0
2005,4,22,9,0,0,1.44889688492,0.0
2005,4,23,9,0,0,0.621194303036,11.1999998093
2005,4,24,9,0,0,1.82437384129,0.0
2005,4,25,9,0,0,1.69911146164,0.0
2005,4,26,9,0,0,0.942843198776,0.0
2005,4,27,9,0,0,1.43746984005,2.0
2005,4,28,9,0,0,1.55196964741,0.0
2005,4,29,9,0,0,0.925620555878,20.1000003815
2005,4,30,9,0,0,1.14840626717,0.0
2005,5,1,9,0,0,1.67312264442,0.0
2005,5,2,9,0,0,0.778155505657,12.0
2005,5,3,9,0,0,1.48658049107,0.0
2005,5,4,9,0,0,1.6139806509,0.0
2005,5,5,9,0,0,1.75663757324,0.0
2005,5,6,9,0,0,1.38676464558,0.0
2005,5,7,9,0,0,0.973742902279,8.80000019073
2005,5,8,9,0,0,1.22335612774,0.0
2005,5,9,9,0,0,1.37590444088,0.0
2005,5,10,9,0,0,0.742046296597,2.40000009537
2005,5,11,9,0,0,0.885564863682,12.3999996185
2005,5,12,9,0,0,1.01037204266,0.0
2005,5,13,9,0,0,1.45581078529,0.0
2005,5,14,9,0,0,0.551543056965,2.09999990463
2005,5,15,9,0,0,0.970398128033,0.0
2005,5,16,9,0,0,1.3425770998,0.0
2005,5,17,9,0,0,0.827273786068,0.0
2005,5,18,9,0,0,1.59015798569,0.0
2005,5,19,9,0,0,0.862961351871,0.0
2005,5,20,9,0,0,0.764318406582,2.5
2005,5,21,9,0,0,1.24113619328,0.0
2005,5,22,9,0,0,0.707746207714,0.0
2005,5,23,9,0,0,0.945410430431,0.0
2005,5,24,9,0,0,1.30080378056,0.0
2005,5,25,9,0,0,1.08286118507,0.0
2005,5,26,9,0,0,0.988119363785,2.79999995232
2005,5,27,9,0,0,0.682035326958,9.80000019073
2005,5,28,9,0,0,0.954767823219,14.3999996185
2005,5,29,9,0,0,0.763801574707,18.3999996185
2005,5,30,9,0,0,0.878206133842,0.0
2005,5,31,9,0,0,0.363936126232,12.5
2005,6,1,9,0,0,0.402191281319,12.1999998093
2005,6,2,9,0,0,0.544681966305,16.2999992371
2005,6,3,9,0,0,0.825848698616,4.0
2005,6,4,9,0,0,0.682268440723,0.0
2005,6,5,9,0,0,0.971732795238,0.0
2005,6,6,9,0,0,0.944664120674,0.0
2005,6,7,9,0,0,0.626448392868,3.29999995232
2005,6,8,9,0,0,0.842410743237,0.0
2005,6,9,9,0,0,0.560409784317,0.0
2005,6,10,9,0,0,0.453341960907,10.3999996185
2005,6,11,9,0,0,0.577163815498,7.5
2005,6,12,9,0,0,0.657257258892,0.0
2005,6,13,9,0,0,0.598455011845,0.0
2005,6,14,9,0,0,0.50531232357,0.0
2005,6,15,9,0,0,0.487067759037,0.0
2005,6,16,9,0,0,0.790924191475,0.0
2005,6,17,9,0,0,0.460061252117,17.7999992371
2005,6,18,9,0,0,0.61568915844,5.5
2005,6,19,9,0,0,0.612798571587,2.79999995232
2005,6,20,9,0,0,0.635020554066,22.0
2005,6,21,9,0,0,0.838488340378,2.20000004768
2005,6,22,9,0,0,0.661093354225,0.0
2005,6,23,9,0,0,0.706081569195,0.0
2005,6,24,9,0,0,0.875324368477,0.0
2005,6,25,9,0,0,0.718423962593,0.0
2005,6,26,9,0,0,1.07635331154,0.0
2005,6,27,9,0,0,0.780241549015,0.0
2005,6,28,9,0,0,0.510635316372,10.1000003815
2005,6,29,9,0,0,0.677723765373,17.0
2005,6,30,9,0,0,0.792863965034,0.0
2005,7,1,9,0,0,0.425082117319,0.0
2005,7,2,9,0,0,0.52911901474,0.0
2005,7,3,9,0,0,0.507709860802,10.6000003815
2005,7,4,9,0,0,0.384332597256,2.5
2005,7,5,9,0,0,0.944817364216,0.0
2005,7,6,9,0,0,0.839185535908,0.0
2005,7,7,9,0,0,0.478609204292,3.20000004768
2005,7,8,9,0,0,0.361016362906,16.1000003815
2005,7,9,9,0,0,0.625515818596,4.40000009537
2005,7,10,9,0,0,0.684097349644,0.0
2005,7,11,9,0,0,0.570471942425,0.0
2005,7,12,9,0,0,0.652261555195,2.70000004768
2005,7,13,9,0,0,0.579391360283,10.5
2005,7,14,9,0,0,0.33915746212,30.0
2005,7,15,9,0,0,0.989426314831,0.0
2005,7,16,9,0,0,0.791895151138,0.0
2005,7,17,9,0,0,1.11574459076,0.0
2005,7,18,9,0,0,0.661455094814,3.29999995232
2005,7,19,9,0,0,0.990333855152,0.0
2005,7,20,9,0,0,0.578838825226,0.0
2005,7,21,9,0,0,1.0417535305,0.0
2005,7,22,9,0,0,0.589383840561,0.0
2005,7,23,9,0,0,0.566361069679,5.90000009537
2005,7,24,9,0,0,0.557254731655,3.20000004768
2005,7,25,9,0,0,0.608109593391,19.7999992371
2005,7,26,9,0,0,0.613134026527,5.80000019073
2005,7,27,9,0,0,0.389739483595,33.4000015259
2005,7,28,9,0,0,0.484143346548,0.0
2005,7,29,9,0,0,0.921952426434,0.0
2005,7,30,9,0,0,0.94099843502,2.90000009537
2005,7,31,9,0,0,0.721636354923,8.5
2005,8,1,9,0,0,0.757717907429,0.0
2005,8,2,9,0,0,1.01373004913,0.0
2005,8,3,9,0,0,1.05480265617,0.0
2005,8,4,9,0,0,1.01900243759,0.0
2005,8,5,9,0,0,1.07063257694,0.0
2005,8,6,9,0,0,1.17916762829,0.0
2005,8,7,9,0,0,1.50510799885,0.0
2005,8,8,9,0,0,0.956001222134,4.69999980927
2005,8,9,9,0,0,1.06993126869,3.29999995232
2005,8,10,9,0,0,1.00188910961,0.0
2005,8,11,9,0,0,0.457451790571,27.5
2005,8,12,9,0,0,0.971219420433,18.5
2005,8,13,9,0,0,0.912251293659,11.8000001907
2005,8,14,9,0,0,1.15890586376,4.0
2005,8,15,9,0,0,1.11464631557,0.0
2005,8,16,9,0,0,0.877042889595,3.59999990463
2005,8,17,9,0,0,0.452585279942,9.60000038147
2005,8,18,9,0,0,1.73811542988,0.0
2005,8,19,9,0,0,1.59159362316,0.0
2005,8,20,9,0,0,1.06706869602,0.0
2005,8,21,9,0,0,1.24702715874,0.0
2005,8,22,9,0,0,1.02496659756,11.8000001907
2005,8,23,9,0,0,0.808418214321,9.30000019073
2005,8,24,9,0,0,2.01903891563,0.0
2005,8,25,9,0,0,1.76031374931,0.0
2005,8,26,9,0,0,1.52521133423,0.0
2005,8,27,9,0,0,1.70674574375,0.0
2005,8,28,9,0,0,1.80486547947,0.0
2005,8,29,9,0,0,2.01646757126,0.0
2005,8,30,9,0,0,1.77130019665,0.0
2005,8,31,9,0,0,1.38004636765,0.0
2005,9,1,9,0,0,1.25876247883,0.0
2005,9,2,9,0,0,1.38362276554,0.0
2005,9,3,9,0,0,1.98854482174,0.0
2005,9,4,9,0,0,1.45193243027,0.0
2005,9,5,9,0,0,1.4032702446,0.0
2005,9,6,9,0,0,1.37205028534,8.69999980927
2005,9,7,9,0,0,0.821631729603,0.0
2005,9,8,9,0,0,1.98492455482,0.0
2005,9,9,9,0,0,2.28974246979,0.0
2005,9,10,9,0,0,1.65354394913,0.0
2005,9,11,9,0,0,2.333786726,0.0
2005,9,12,9,0,0,2.11904382706,0.0
2005,9,13,9,0,0,2.40401935577,0.0
2005,9,14,9,0,0,1.29854059219,7.09999990463
2005,9,15,9,0,0,1.58267116547,7.80000019073
2005,9,16,9,0,0,1.30008780956,12.6999998093
2005,9,17,9,0,0,1.19708275795,8.0
2005,9,18,9,0,0,0.957874953747,9.10000038147
2005,9,19,9,0,0,0.946071922779,2.09999990463
2005,9,20,9,0,0,2.42287993431,0.0
2005,9,21,9,0,0,1.83514165878,3.40000009537
2005,9,22,9,0,0,1.4809627533,2.29999995232
2005,9,23,9,0,0,1.79517138004,0.0
2005,9,24,9,0,0,2.22906041145,0.0
2005,9,25,9,0,0,0.804529607296,2.90000009537
2005,9,26,9,0,0,2.63499879837,0.0
2005,9,27,9,0,0,1.01136863232,7.69999980927
2005,9,28,9,0,0,2.36261558533,0.0
2005,9,29,9,0,0,2.87308216095,0.0
2005,9,30,9,0,0,1.28265118599,12.3999996185
2005,10,1,9,0,0,1.27642738819,0.0
2005,10,2,9,0,0,2.29794216156,2.90000009537
2005,10,3,9,0,0,3.55839085579,0.0
2005,10,4,9,0,0,1.55711150169,16.5
2005,10,5,9,0,0,2.7640850544,2.40000009537
2005,10,6,9,0,0,1.7238599062,9.0
2005,10,7,9,0,0,1.22766244411,26.2999992371
2005,10,8,9,0,0,1.75384545326,2.5
2005,10,9,9,0,0,2.50867438316,5.69999980927
2005,10,10,9,0,0,0.777682960033,14.8999996185
2005,10,11,9,0,0,3.54987430573,0.0
2005,10,12,9,0,0,1.8637650013,0.0
2005,10,13,9,0,0,2.46657848358,3.90000009537
2005,10,14,9,0,0,2.9005689621,0.0
2005,10,15,9,0,0,1.49459159374,0.0
2005,10,16,9,0,0,2.95586514473,0.0
2005,10,17,9,0,0,3.69429707527,0.0
2005,10,18,9,0,0,2.83886480331,0.0
2005,10,19,9,0,0,3.21278166771,2.0
2005,10,20,9,0,0,3.59370541573,0.0
2005,10,21,9,0,0,4.30068492889,0.0
2005,10,22,9,0,0,4.36397409439,2.0
2005,10,23,9,0,0,2.2159011364,0.0
2005,10,24,9,0,0,3.75825166702,2.0
2005,10,25,9,0,0,4.06830739975,0.0
2005,10,26,9,0,0,4.4088716507,0.0
2005,10,27,9,0,0,3.49213910103,0.0
2005,10,28,9,0,0,3.16452002525,0.0
2005,10,29,9,0,0,1.39678001404,8.0
2005,10,30,9,0,0,2.77788639069,3.79999995232
2005,10,31,9,0,0,4.00876522064,0.0
2005,11,1,9,0,0,3.32421803474,2.5
2005,11,2,9,0,0,3.93102622032,0.0
2005,11,3,9,0,0,1.49700689316,2.59999990463
2005,11,4,9,0,0,2.14513039589,4.90000009537
2005,11,5,9,0,0,3.01036739349,0.0
2005,11,6,9,0,0,2.54442548752,0.0
2005,11,7,9,0,0,4.79925537109,0.0
2005,11,8,9,0,0,4.3853726387,0.0
2005,11,9,9,0,0,5.00415563583,0.0
2005,11,10,9,0,0,3.85468840599,0.0
2005,11,11,9,0,0,4.6084485054,0.0
2005,11,12,9,0,0,2.90823960304,8.39999961853
2005,11,13,9,0,0,2.0654232502,10.0
2005,11,14,9,0,0,2.63991332054,5.90000009537
2005,11,15,9,0,0,3.45096087456,0.0
2005,11,16,9,0,0,1.71057164669,7.5
2005,11,17,9,0,0,2.29608392715,0.0
2005,11,18,9,0,0,3.67372179031,0.0
2005,11,19,9,0,0,5.30618667603,0.0
2005,11,20,9,0,0,3.52716827393,16.1000003815
2005,11,21,9,0,0,3.42938637733,2.40000009537
2005,11,22,9,0,0,5.00593280792,0.0
2005,11,23,9,0,0,3.31434679031,0.0
2005,11,24,9,0,0,3.67032551765,0.0
2005,11,25,9,0,0,2.87856173515,0.0
2005,11,26,9,0,0,5.27572774887,0.0
2005,11,27,9,0,0,5.39624261856,0.0
2005,11,28,9,0,0,5.7111492157,0.0
2005,11,29,9,0,0,5.68598794937,0.0
2005,11,30,9,0,0,4.79428863525,0.0
2005,12,1,9,0,0,4.68654489517,0.0
2005,12,2,9,0,0,3.79666900635,0.0
2005,12,3,9,0,0,1.49435138702,19.0
2005,12,4,9,0,0,2.27683472633,3.79999995232
2005,12,5,9,0,0,3.01511311531,4.5
2005,12,6,9,0,0,3.48768424988,3.20000004768
2005,12,7,9,0,0,4.87303066254,0.0
2005,12,8,9,0,0,2.83130335808,4.80000019073
2005,12,9,9,0,0,3.28537464142,0.0
2005,12,10,9,0,0,5.70726633072,0.0
2005,12,11,9,0,0,4.27326869965,2.90000009537
2005,12,12,9,0,0,2.58256101608,0.0
2005,12,13,9,0,0,4.14951467514,0.0
2005,12,14,9,0,0,4.26220273972,4.30000019073
2005,12,15,9,0,0,1.97564554214,11.8999996185
2005,12,16,9,0,0,4.83063316345,0.0
2005,12,17,9,0,0,4.49524497986,11.0
2005,12,18,9,0,0,2.92811584473,0.0
2005,12,19,9,0,0,3.34584617615,14.8999996185
2005,12,20,9,0,0,2.16356158257,10.5
2005,12,21,9,0,0,3.67317056656,2.59999990463
2005,12,22,9,0,0,2.32700490952,12.0
2005,12,23,9,0,0,2.40747475624,12.6000003815
2005,12,24,9,0,0,6.24788427353,0.0
2005,12,25,9,0,0,1.97231316566,10.8999996185
2005,12,26,9,0,0,4.93349456787,2.79999995232
2005,12,27,9,0,0,5.43342161179,0.0
2005,12,28,9,0,0,6.16606807709,0.0
2005,12,29,9,0,0,5.07572126389,0.0
2005,12,30,9,0,0,2.7312669754,0.0
2005,12,31,9,0,0,5.30436038971,0.0
2006,1,1,9,0,0,4.24109745026,9.19999980927
2006,1,2,9,0,0,2.04225492477,14.0
2006,1,3,9,0,0,1.53231334686,31.0
2006,1,4,9,0,0,2.23584151268,15.0
2006,1,5,9,0,0,2.33198046684,7.30000019073
2006,1,6,9,0,0,4.64031744003,0.0
2006,1,7,9,0,0,2.49376630783,0.0
2006,1,8,9,0,0,4.16476726532,2.09999990463
2006,1,9,9,0,0,4.44056177139,0.0
2006,1,10,9,0,0,5.77911663055,0.0
2006,1,11,9,0,0,3.41334939003,5.5
2006,1,12,9,0,0,2.553201437,8.69999980927
2006,1,13,9,0,0,2.52809476852,2.29999995232
2006,1,14,9,0,0,5.5522942543,0.0
2006,1,15,9,0,0,3.41543483734,0.0
2006,1,16,9,0,0,5.41090726852,0.0
2006,1,17,9,0,0,4.32888221741,10.5
2006,1,18,9,0,0,0.941062271595,31.2000007629
2006,1,19,9,0,0,4.65402841568,0.0
2006,1,20,9,0,0,5.36931276321,0.0
2006,1,21,9,0,0,4.58498811722,0.0
2006,1,22,9,0,0,4.29202318192,0.0
2006,1,23,9,0,0,5.73694324493,0.0
2006,1,24,9,0,0,2.93922233582,4.59999990463
2006,1,25,9,0,0,3.7971842289,0.0
2006,1,26,9,0,0,6.00392103195,0.0
2006,1,27,9,0,0,5.82823467255,0.0
2006,1,28,9,0,0,5.98998689651,0.0
2006,1,29,9,0,0,5.98646306992,0.0
2006,1,30,9,0,0,6.05252885818,0.0
2006,1,31,9,0,0,3.53567624092,0.0
2006,2,1,9,0,0,5.24390888214,0.0
2006,2,2,9,0,0,2.67635011673,0.0
2006,2,3,9,0,0,4.05307626724,0.0
2006,2,4,9,0,0,3.96543550491,0.0
2006,2,5,9,0,0,5.56040620804,0.0
2006,2,6,9,0,0,4.60028123856,0.0
2006,2,7,9,0,0,4.46005487442,11.3999996185
2006,2,8,9,0,0,0.809147238731,17.3999996185
2006,2,9,9,0,0,3.52420663834,3.20000004768
2006,2,10,9,0,0,3.82659506798,0.0
2006,2,11,9,0,0,2.62227988243,15.8999996185
2006,2,12,9,0,0,2.63820099831,0.0
2006,2,13,9,0,0,4.26704454422,0.0
2006,2,14,9,0,0,1.55276548862,10.3000001907
2006,2,15,9,0,0,3.46610856056,0.0
2006,2,16,9,0,0,4.51429986954,0.0
2006,2,17,9,0,0,4.76325082779,0.0
2006,2,18,9,0,0,4.51016426086,0.0
2006,2,19,9,0,0,4.26577186584,0.0
2006,2,20,9,0,0,3.71719193459,0.0
2006,2,21,9,0,0,2.09458065033,0.0
2006,2,22,9,0,0,1.82826209068,6.0
2006,2,23,9,0,0,3.26993632317,0.0
2006,2,24,9,0,0,3.84284448624,0.0
2006,2,25,9,0,0,3.66611647606,0.0
2006,2,26,9,0,0,3.19610238075,0.0
2006,2,27,9,0,0,1.99257266521,3.0
2006,2,28,9,0,0,3.86354422569,0.0
2006,3,1,9,0,0,2.55683016777,4.40000009537
2006,3,2,9,0,0,2.17861247063,3.90000009537
2006,3,3,9,0,0,2.82120275497,0.0
2006,3,4,9,0,0,3.46905398369,0.0
2006,3,5,9,0,0,2.81548929214,0.0
2006,3,6,9,0,0,2.21862363815,5.19999980927
2006,3,7,9,0,0,0.76064324379,25.2000007629
2006,3,8,9,0,0,1.75366950035,11.0
2006,3,9,9,0,0,3.05703091621,0.0
2006,3,10,9,0,0,1.38082897663,4.69999980927
2006,3,11,9,0,0,3.02910447121,2.5
2006,3,12,9,0,0,3.15739274025,0.0
2006,3,13,9,0,0,3.53940105438,0.0
2006,3,14,9,0,0,2.86131739616,0.0
2006,3,15,9,0,0,2.93730020523,0.0
2006,3,16,9,0,0,3.4394903183,0.0
2006,3,17,9,0,0,2.92411661148,0.0
2006,3,18,9,0,0,2.56476783752,0.0
2006,3,19,9,0,0,2.9426214695,0.0
2006,3,20,9,0,0,1.67800199986,11.1000003815
2006,3,21,9,0,0,2.05459880829,2.0
2006,3,22,9,0,0,3.23471164703,0.0
2006,3,23,9,0,0,3.37677240372,0.0
2006,3,24,9,0,0,3.08556294441,0.0
2006,3,25,9,0,0,3.51940894127,0.0
2006,3,26,9,0,0,2.91837120056,0.0
2006,3,27,9,0,0,2.10513997078,0.0
2006,3,28,9,0,0,3.27829909325,0.0
2006,3,29,9,0,0,1.85315597057,0.0
2006,3,30,9,0,0,2.04938077927,0.0
2006,3,31,9,0,0,1.81565952301,0.0
2006,4,1,9,0,0,2.37239193916,0.0
2006,4,2,9,0,0,1.15484142303,21.2999992371
2006,4,3,9,0,0,1.77506458759,23.1000003815
2006,4,4,9,0,0,1.31364345551,4.40000009537
2006,4,5,9,0,0,1.72473919392,0.0
2006,4,6,9,0,0,1.39648222923,11.6000003815
2006,4,7,9,0,0,1.3828997612,12.3000001907
2006,4,8,9,0,0,1.29868197441,22.3999996185
2006,4,9,9,0,0,1.00366377831,29.5
2006,4,10,9,0,0,1.47128379345,13.1000003815
2006,4,11,9,0,0,2.09382176399,3.59999990463
2006,4,12,9,0,0,1.64935421944,2.29999995232
2006,4,13,9,0,0,2.19768381119,0.0
2006,4,14,9,0,0,2.07089734077,0.0
2006,4,15,9,0,0,1.83988237381,0.0
2006,4,16,9,0,0,1.12358558178,0.0
2006,4,17,9,0,0,0.694828808308,36.0
2006,4,18,9,0,0,1.45549678802,0.0
2006,4,19,9,0,0,1.72757661343,0.0
2006,4,20,9,0,0,2.03512430191,0.0
2006,4,21,9,0,0,1.2500077486,0.0
2006,4,22,9,0,0,1.7857131958,24.7999992371
2006,4,23,9,0,0,0.596595704556,8.0
2006,4,24,9,0,0,0.301917672157,71.6999969482
2006,4,25,9,0,0,0.483747124672,20.1000003815
2006,4,26,9,0,0,0.594063162804,24.7000007629
2006,4,27,9,0,0,1.86970877647,0.0
2006,4,28,9,0,0,1.05643510818,0.0
2006,4,29,9,0,0,1.440305233,0.0
2006,4,30,9,0,0,1.97051119804,0.0
2006,5,1,9,0,0,1.09432792664,0.0
2006,5,2,9,0,0,1.22528493404,0.0
2006,5,3,9,0,0,1.30346012115,0.0
2006,5,4,9,0,0,0.940852642059,0.0
2006,5,5,9,0,0,1.64395999908,0.0
2006,5,6,9,0,0,1.32568883896,0.0
2006,5,7,9,0,0,1.63595187664,0.0
2006,5,8,9,0,0,1.09671652317,0.0
2006,5,9,9,0,0,0.968468010426,5.0
2006,5,10,9,0,0,1.34414875507,3.40000009537
2006,5,11,9,0,0,1.10480558872,3.5
2006,5,12,9,0,0,1.07087087631,0.0
2006,5,13,9,0,0,0.90430867672,8.39999961853
2006,5,14,9,0,0,0.44511500001,9.0
2006,5,15,9,0,0,1.1872625351,0.0
2006,5,16,9,0,0,1.07421851158,0.0
2006,5,17,9,0,0,0.99785131216,0.0
2006,5,18,9,0,0,0.76722317934,0.0
2006,5,19,9,0,0,0.972024083138,0.0
2006,5,20,9,0,0,1.01225996017,2.70000004768
2006,5,21,9,0,0,0.6516045928,5.5
2006,5,22,9,0,0,0.320146411657,17.3999996185
2006,5,23,9,0,0,1.04351186752,0.0
2006,5,24,9,0,0,0.709278404713,0.0
2006,5,25,9,0,0,0.922984957695,2.5
2006,5,26,9,0,0,0.353782564402,9.89999961853
2006,5,27,9,0,0,1.06805765629,2.59999990463
2006,5,28,9,0,0,0.684041261673,5.80000019073
2006,5,29,9,0,0,0.725348293781,0.0
2006,5,30,9,0,0,0.861827075481,0.0
2006,5,31,9,0,0,0.652069866657,0.0
2006,6,1,9,0,0,1.02410209179,0.0
2006,6,2,9,0,0,0.807536363602,0.0
2006,6,3,9,0,0,0.449994415045,28.2000007629
2006,6,4,9,0,0,0.433729141951,3.5
2006,6,5,9,0,0,1.14459979534,0.0
2006,6,6,9,0,0,0.943982481956,0.0
2006,6,7,9,0,0,0.757233262062,0.0
2006,6,8,9,0,0,0.650254130363,0.0
2006,6,9,9,0,0,0.538529276848,3.29999995232
2006,6,10,9,0,0,0.694562077522,3.79999995232
2006,6,11,9,0,0,0.441453844309,94.9000015259
2006,6,12,9,0,0,0.318558782339,24.6000003815
2006,6,13,9,0,0,0.965268015862,0.0
2006,6,14,9,0,0,0.617380976677,9.80000019073
2006,6,15,9,0,0,0.604568183422,13.8999996185
2006,6,16,9,0,0,0.447240769863,15.0
2006,6,17,9,0,0,0.809367358685,5.80000019073
2006,6,18,9,0,0,0.461814701557,0.0
2006,6,19,9,0,0,1.03614854813,0.0
2006,6,20,9,0,0,0.616146206856,3.90000009537
2006,6,21,9,0,0,0.340509802103,5.19999980927
2006,6,22,9,0,0,1.27315664291,0.0
2006,6,23,9,0,0,0.933887183666,0.0
2006,6,24,9,0,0,0.901198983192,0.0
2006,6,25,9,0,0,0.750230967999,0.0
2006,6,26,9,0,0,0.591394066811,0.0
2006,6,27,9,0,0,0.716009199619,0.0
2006,6,28,9,0,0,0.801131844521,0.0
2006,6,29,9,0,0,0.755169451237,0.0
2006,6,30,9,0,0,0.718151926994,0.0
2006,7,1,9,0,0,0.736678779125,0.0
2006,7,2,9,0,0,0.603881657124,0.0
2006,7,3,9,0,0,0.498105585575,4.40000009537
2006,7,4,9,0,0,0.47519493103,0.0
2006,7,5,9,0,0,1.04291915894,0.0
2006,7,6,9,0,0,0.675659298897,0.0
2006,7,7,9,0,0,0.805951714516,4.80000019073
2006,7,8,9,0,0,0.56053841114,12.3999996185
2006,7,9,9,0,0,0.666088581085,0.0
2006,7,10,9,0,0,0.811824977398,0.0
2006,7,11,9,0,0,0.457384079695,13.5
2006,7,12,9,0,0,0.32447078824,30.2000007629
2006,7,13,9,0,0,0.611938416958,8.10000038147
2006,7,14,9,0,0,1.13710474968,0.0
2006,7,15,9,0,0,0.901153624058,0.0
2006,7,16,9,0,0,1.05918908119,0.0
2006,7,17,9,0,0,0.902985453606,0.0
2006,7,18,9,0,0,0.443255066872,12.3999996185
2006,7,19,9,0,0,0.507722914219,2.59999990463
2006,7,20,9,0,0,1.4713742733,0.0
2006,7,21,9,0,0,1.3562785387,0.0
2006,7,22,9,0,0,1.09851777554,0.0
2006,7,23,9,0,0,0.552610039711,3.29999995232
2006,7,24,9,0,0,0.811187803745,0.0
2006,7,25,9,0,0,0.714644432068,0.0
2006,7,26,9,0,0,0.831059038639,0.0
2006,7,27,9,0,0,0.770253419876,0.0
2006,7,28,9,0,0,0.641465604305,0.0
2006,7,29,9,0,0,0.655915021896,0.0
2006,7,30,9,0,0,0.678016602993,27.5
2006,7,31,9,0,0,1.06538331509,2.20000004768
2006,8,1,9,0,0,1.0175716877,2.0
2006,8,2,9,0,0,0.650971055031,11.1999998093
2006,8,3,9,0,0,0.937977254391,0.0
2006,8,4,9,0,0,0.984475910664,0.0
2006,8,5,9,0,0,1.33545768261,0.0
2006,8,6,9,0,0,0.972781360149,4.09999990463
2006,8,7,9,0,0,0.592944324017,0.0
2006,8,8,9,0,0,1.36686205864,0.0
2006,8,9,9,0,0,1.50033760071,0.0
2006,8,10,9,0,0,1.39593589306,0.0
2006,8,11,9,0,0,1.27205383778,0.0
2006,8,12,9,0,0,0.534652888775,12.8000001907
2006,8,13,9,0,0,0.61787635088,6.19999980927
2006,8,14,9,0,0,1.22607004642,0.0
2006,8,15,9,0,0,1.6186144352,0.0
2006,8,16,9,0,0,1.0191078186,0.0
2006,8,17,9,0,0,1.63608705997,0.0
2006,8,18,9,0,0,1.35457468033,4.80000019073
2006,8,19,9,0,0,0.927714407444,5.59999990463
2006,8,20,9,0,0,0.78370475769,6.59999990463
2006,8,21,9,0,0,0.49590909481,19.2000007629
2006,8,22,9,0,0,1.46287822723,3.20000004768
2006,8,23,9,0,0,1.50413525105,0.0
2006,8,24,9,0,0,0.919694006443,5.69999980927
2006,8,25,9,0,0,1.09711289406,5.59999990463
2006,8,26,9,0,0,1.18205714226,2.20000004768
2006,8,27,9,0,0,1.65216934681,0.0
2006,8,28,9,0,0,1.08283603191,0.0
2006,8,29,9,0,0,1.49008703232,0.0
2006,8,30,9,0,0,0.897481262684,0.0
2006,8,31,9,0,0,1.27788794041,0.0
2006,9,1,9,0,0,1.71626734734,0.0
2006,9,2,9,0,0,1.04572892189,9.89999961853
2006,9,3,9,0,0,1.77290439606,3.40000009537
2006,9,4,9,0,0,1.10030305386,13.1999998093
2006,9,5,9,0,0,1.07422053814,8.19999980927
2006,9,6,9,0,0,1.42927002907,2.20000004768
2006,9,7,9,0,0,1.37398290634,3.5
2006,9,8,9,0,0,2.06425070763,0.0
2006,9,9,9,0,0,1.45107400417,0.0
2006,9,10,9,0,0,2.58220648766,0.0
2006,9,11,9,0,0,2.578956604,0.0
2006,9,12,9,0,0,1.71041965485,0.0
2006,9,13,9,0,0,2.44927406311,0.0
2006,9,14,9,0,0,2.31028175354,0.0
2006,9,15,9,0,0,1.75763726234,3.20000004768
2006,9,16,9,0,0,0.852737188339,9.69999980927
2006,9,17,9,0,0,1.57233405113,3.79999995232
2006,9,18,9,0,0,2.1344628334,0.0
2006,9,19,9,0,0,0.867282807827,15.3000001907
2006,9,20,9,0,0,1.97526395321,7.5
2006,9,21,9,0,0,2.02766609192,2.40000009537
2006,9,22,9,0,0,2.08288669586,0.0
2006,9,23,9,0,0,1.8752579689,2.90000009537
2006,9,24,9,0,0,1.17716729641,4.59999990463
2006,9,25,9,0,0,2.22042560577,10.6999998093
2006,9,26,9,0,0,2.08551430702,0.0
2006,9,27,9,0,0,2.2921204567,4.69999980927
2006,9,28,9,0,0,2.47809910774,0.0
2006,9,29,9,0,0,3.11642336845,0.0
2006,9,30,9,0,0,2.30410718918,16.5
2006,10,1,9,0,0,2.58487725258,2.29999995232
2006,10,2,9,0,0,1.75919747353,3.90000009537
2006,10,3,9,0,0,1.58966290951,2.0
2006,10,4,9,0,0,2.05697822571,0.0
2006,10,5,9,0,0,3.75815463066,0.0
2006,10,6,9,0,0,4.11586284637,0.0
2006,10,7,9,0,0,2.51418375969,4.69999980927
2006,10,8,9,0,0,2.86203336716,11.8000001907
2006,10,9,9,0,0,2.64634466171,13.1999998093
2006,10,10,9,0,0,1.88502931595,3.20000004768
2006,10,11,9,0,0,1.8651239872,0.0
2006,10,12,9,0,0,3.01684498787,0.0
2006,10,13,9,0,0,3.46467089653,0.0
2006,10,14,9,0,0,1.91596710682,3.79999995232
2006,10,15,9,0,0,0.58798378706,18.7999992371
2006,10,16,9,0,0,1.95387077332,6.5
2006,10,17,9,0,0,3.27555131912,0.0
2006,10,18,9,0,0,3.01183104515,0.0
2006,10,19,9,0,0,1.75648975372,4.19999980927
2006,10,20,9,0,0,3.80719876289,0.0
2006,10,21,9,0,0,0.793476939201,19.7000007629
2006,10,22,9,0,0,1.48313641548,0.0
2006,10,23,9,0,0,2.77354955673,0.0
2006,10,24,9,0,0,2.43377804756,0.0
2006,10,25,9,0,0,4.46823787689,0.0
2006,10,26,9,0,0,3.37616300583,0.0
2006,10,27,9,0,0,2.08642601967,7.19999980927
2006,10,28,9,0,0,2.50625729561,48.9000015259
2006,10,29,9,0,0,0.827401220798,21.3999996185
2006,10,30,9,0,0,3.24953556061,0.0
2006,10,31,9,0,0,3.20420885086,0.0
2006,11,1,9,0,0,4.15562915802,0.0
2006,11,2,9,0,0,4.09109067917,0.0
2006,11,3,9,0,0,3.07797789574,0.0
2006,11,4,9,0,0,3.37862730026,0.0
2006,11,5,9,0,0,1.80242300034,3.79999995232
2006,11,6,9,0,0,1.08677077293,27.1000003815
2006,11,7,9,0,0,0.59526348114,43.5
2006,11,8,9,0,0,2.13337874413,4.80000019073
2006,11,9,9,0,0,2.93152880669,0.0
2006,11,10,9,0,0,2.93947768211,0.0
2006,11,11,9,0,0,2.5826690197,18.1000003815
2006,11,12,9,0,0,3.69899082184,0.0
2006,11,13,9,0,0,2.61600255966,18.7999992371
2006,11,14,9,0,0,0.689775764942,37.2999992371
2006,11,15,9,0,0,3.9937274456,0.0
2006,11,16,9,0,0,3.03133940697,37.9000015259
2006,11,17,9,0,0,1.22499752045,55.4000015259
2006,11,18,9,0,0,2.82080054283,4.19999980927
2006,11,19,9,0,0,3.19519472122,0.0
2006,11,20,9,0,0,3.42802119255,0.0
2006,11,21,9,0,0,3.47241091728,0.0
2006,11,22,9,0,0,5.03134393692,0.0
2006,11,23,9,0,0,1.83612418175,9.80000019073
2006,11,24,9,0,0,2.12570261955,9.60000038147
2006,11,25,9,0,0,1.77145302296,9.80000019073
2006,11,26,9,0,0,1.40975058079,16.2000007629
2006,11,27,9,0,0,3.62475299835,3.40000009537
2006,11,28,9,0,0,2.49476051331,2.09999990463
2006,11,29,9,0,0,2.10989451408,20.7000007629
2006,11,30,9,0,0,2.31312417984,12.8000001907
2006,12,1,9,0,0,2.64534878731,2.09999990463
2006,12,2,9,0,0,4.02868080139,0.0
2006,12,3,9,0,0,2.55037117004,0.0
2006,12,4,9,0,0,3.91102528572,0.0
2006,12,5,9,0,0,4.17386960983,0.0
2006,12,6,9,0,0,5.4102063179,0.0
2006,12,7,9,0,0,4.53722143173,24.7000007629
2006,12,8,9,0,0,1.90786266327,8.10000038147
2006,12,9,9,0,0,4.01326131821,0.0
2006,12,10,9,0,0,5.17327022552,0.0
2006,12,11,9,0,0,4.50961399078,0.0
2006,12,12,9,0,0,4.52134943008,7.0
2006,12,13,9,0,0,3.73792791367,0.0
2006,12,14,9,0,0,5.1986246109,0.0
2006,12,15,9,0,0,4.92926931381,0.0
2006,12,16,9,0,0,2.50094604492,5.80000019073
2006,12,17,9,0,0,4.79180240631,0.0
2006,12,18,9,0,0,3.12438130379,2.09999990463
2006,12,19,9,0,0,5.20386171341,0.0
2006,12,20,9,0,0,2.50475025177,7.09999990463
2006,12,21,9,0,0,3.80248498917,0.0
2006,12,22,9,0,0,6.01497888565,0.0
2006,12,23,9,0,0,4.86036729813,0.0
2006,12,24,9,0,0,1.92133259773,2.0
2006,12,25,9,0,0,4.12337207794,0.0
2006,12,26,9,0,0,2.90092420578,21.7999992371
2006,12,27,9,0,0,1.91617786884,24.6000003815
2006,12,28,9,0,0,4.04762792587,0.0
2006,12,29,9,0,0,3.23946762085,5.80000019073
2006,12,30,9,0,0,3.65008211136,0.0
2006,12,31,9,0,0,4.7581152916,0.0
2007,1,1,9,0,0,4.89591264725,0.0
2007,1,2,9,0,0,5.11804437637,0.0
2007,1,3,9,0,0,6.06304264069,0.0
2007,1,4,9,0,0,4.73175287247,0.0
2007,1,5,9,0,0,3.71853303909,0.0
2007,1,6,9,0,0,4.21800518036,0.0
2007,1,7,9,0,0,4.33302974701,0.0
2007,1,8,9,0,0,2.50472593307,0.0
2007,1,9,9,0,0,2.09630274773,18.8
2007,1,10,9,0,0,1.46876120567,14.2
2007,1,11,9,0,0,2.53768110275,3.0
2007,1,12,9,0,0,5.99881219864,0.6
2007,1,13,9,0,0,2.01011753082,14.8
2007,1,14,9,0,0,3.36418056488,0.0
2007,1,15,9,0,0,4.38920307159,0.0
2007,1,16,9,0,0,5.20262527466,0.0
2007,1,17,9,0,0,4.80656385422,0.0
2007,1,18,9,0,0,3.28389549255,0.0
2007,1,19,9,0,0,2.75384020805,0.0
2007,1,20,9,0,0,1.8774869442,4.2
2007,1,21,9,0,0,1.80874633789,0.0
2007,1,22,9,0,0,3.28725600243,1.2
2007,1,23,9,0,0,5.26434803009,0.0
2007,1,24,9,0,0,4.4914522171,0.0
2007,1,25,9,0,0,5.15086650848,0.0
2007,1,26,9,0,0,1.98548400402,3.8
2007,1,27,9,0,0,4.65548563004,0.0
2007,1,28,9,0,0,3.02120184898,14.2
2007,1,29,9,0,0,1.33156430721,20.4
2007,1,30,9,0,0,3.56818938255,1.6
2007,1,31,9,0,0,2.67668700218,18.8
2007,2,1,9,0,0,3.26487088203,0.2
2007,2,2,9,0,0,3.34891748428,0.0
2007,2,3,9,0,0,3.938975811,0.0
2007,2,4,9,0,0,4.69763755798,0.0
2007,2,5,9,0,0,4.71843767166,0.0
2007,2,6,9,0,0,5.49789619446,0.0
2007,2,7,9,0,0,5.1961722374,0.2
2007,2,8,9,0,0,4.25948190689,0.0
2007,2,9,9,0,0,2.36583542824,11.6
2007,2,10,9,0,0,3.93036532402,4.8
2007,2,11,9,0,0,3.41448640823,0.0
2007,2,12,9,0,0,3.73983502388,23.6
2007,2,13,9,0,0,2.35735082626,12.6
2007,2,14,9,0,0,4.02203941345,0.0
2007,2,15,9,0,0,4.28443241119,0.0
2007,2,16,9,0,0,4.5162115097,0.0
2007,2,17,9,0,0,4.83218955994,0.0
2007,2,18,9,0,0,3.67803359032,0.0
2007,2,19,9,0,0,4.72758054733,0.0
2007,2,20,9,0,0,4.53654146194,0.0
2007,2,21,9,0,0,4.15856790543,0.0
2007,2,22,9,0,0,2.51560592651,0.8
2007,2,23,9,0,0,3.63160991669,0.0
2007,2,24,9,0,0,3.88466095924,0.0
2007,2,25,9,0,0,3.03675484657,0.2
2007,2,26,9,0,0,2.57509422302,0.0
2007,2,27,9,0,0,3.44145083427,0.0
2007,2,28,9,0,0,3.47516512871,0.0
2007,3,1,9,0,0,3.77522087097,0.0
2007,3,2,9,0,0,3.34988212585,0.0
2007,3,3,9,0,0,4.14713001251,0.0
2007,3,4,9,0,0,3.35188388824,0.0
2007,3,5,9,0,0,3.67210841179,0.0
2007,3,6,9,0,0,2.45845937729,1.2
2007,3,7,9,0,0,1.93000328541,6.2
2007,3,8,9,0,0,1.99914216995,0.0
2007,3,9,9,0,0,3.70443820953,0.0
2007,3,10,9,0,0,3.56456542015,0.0
2007,3,11,9,0,0,3.43209981918,0.0
2007,3,12,9,0,0,2.10707616806,15.8
2007,3,13,9,0,0,1.32508862019,21.2
2007,3,14,9,0,0,0.7959202528,22.4
2007,3,15,9,0,0,1.38349223137,5.0
2007,3,16,9,0,0,1.39826047421,6.4
2007,3,17,9,0,0,0.930328309536,24.8
2007,3,18,9,0,0,1.77658855915,8.8
2007,3,19,9,0,0,2.09670114517,0.2
2007,3,20,9,0,0,2.6598174572,0.0
2007,3,21,9,0,0,1.10306191444,0.0
2007,3,22,9,0,0,2.97844696045,0.0
2007,3,23,9,0,0,3.22612595558,0.0
2007,3,24,9,0,0,2.55090093613,0.0
2007,3,25,9,0,0,2.45210766792,0.0
2007,3,26,9,0,0,3.04796361923,0.0
2007,3,27,9,0,0,3.03704953194,0.0
2007,3,28,9,0,0,1.63962948322,0.0
2007,3,29,9,0,0,1.8047119379,0.2
2007,3,30,9,0,0,2.36609387398,0.2
2007,3,31,9,0,0,1.33849596977,3.2
2007,4,1,9,0,0,1.61167490482,0.4
2007,4,2,9,0,0,2.18245744705,0.0
2007,4,3,9,0,0,2.10259199142,0.0
2007,4,4,9,0,0,1.78707814217,0.0
2007,4,5,9,0,0,2.28403782845,0.0
2007,4,6,9,0,0,2.28428483009,0.0
2007,4,7,9,0,0,1.63465332985,0.2
2007,4,8,9,0,0,2.01460909843,0.0
2007,4,9,9,0,0,2.08516812325,0.0
2007,4,10,9,0,0,1.61446130276,0.2
2007,4,11,9,0,0,0.752067267895,26.8
2007,4,12,9,0,0,2.53142809868,10.2
2007,4,13,9,0,0,1.44561469555,3.2
2007,4,14,9,0,0,0.871482372284,0.4
2007,4,15,9,0,0,1.32240521908,0.0
2007,4,16,9,0,0,1.37425553799,5.6
2007,4,17,9,0,0,1.24089586735,4.6
2007,4,18,9,0,0,1.74396753311,0.0
2007,4,19,9,0,0,1.89742457867,0.0
2007,4,20,9,0,0,1.32459640503,0.0
2007,4,21,9,0,0,1.78670310974,0.0
2007,4,22,9,0,0,0.863442838192,0.0
2007,4,23,9,0,0,1.01953673363,0.0
2007,4,24,9,0,0,1.68588018417,0.0
2007,4,25,9,0,0,0.943269789219,0.0
2007,4,26,9,0,0,0.53988045454,6.2
2007,4,27,9,0,0,1.08378303051,14.0
2007,4,28,9,0,0,0.684455931187,2.6
2007,4,29,9,0,0,1.36071527004,0.0
2007,4,30,9,0,0,0.575719594955,12.8
2007,5,1,9,0,0,0.696602106094,6.8
2007,5,2,9,0,0,0.643672347069,18.2
2007,5,3,9,0,0,1.78732514381,0.0
2007,5,4,9,0,0,1.08868825436,0.4
2007,5,5,9,0,0,0.900672495365,7.6
2007,5,6,9,0,0,1.22064745426,0.4
2007,5,7,9,0,0,0.886822283268,0.0
2007,5,8,9,0,0,1.46155869961,0.0
2007,5,9,9,0,0,1.01856768131,14.4
2007,5,10,9,0,0,0.559933066368,0.4
2007,5,11,9,0,0,0.48986685276,11.8
2007,5,12,9,0,0,1.26429820061,0.0
2007,5,13,9,0,0,1.22628629208,0.0
2007,5,14,9,0,0,0.731109619141,2.4
2007,5,15,9,0,0,0.998123884201,0.2
2007,5,16,9,0,0,0.43833681941,2.8
2007,5,17,9,0,0,0.817028343678,0.8
2007,5,18,9,0,0,0.965700745583,0.2
2007,5,19,9,0,0,0.85364729166,0.0
2007,5,20,9,0,0,0.726845085621,22.4
2007,5,21,9,0,0,1.03471195698,0.2
2007,5,22,9,0,0,1.11122429371,29.2
2007,5,23,9,0,0,0.715216994286,4.6
2007,5,24,9,0,0,0.41399115324,9.0
2007,5,25,9,0,0,1.05255496502,1.0
2007,5,26,9,0,0,0.889527142048,0.2
2007,5,27,9,0,0,0.981857538223,0.0
2007,5,28,9,0,0,1.00689578056,0.0
2007,5,29,9,0,0,0.940998852253,0.0
2007,5,30,9,0,0,0.598755538464,0.0
2007,5,31,9,0,0,0.75038588047,0.6
2007,6,1,9,0,0,0.451561659575,21.4
2007,6,2,9,0,0,0.611684918404,3.6
2007,6,3,9,0,0,1.12558352947,0.2
2007,6,4,9,0,0,0.671095609665,2.4
2007,6,5,9,0,0,0.615552484989,7.4
2007,6,6,9,0,0,0.872306883335,10.4
2007,6,7,9,0,0,0.639433205128,21.2
2007,6,8,9,0,0,0.419333040714,16.4
2007,6,9,9,0,0,0.676225781441,0.2
2007,6,10,9,0,0,0.464729905128,0.0
2007,6,11,9,0,0,0.590834021568,0.0
2007,6,12,9,0,0,0.476333141327,0.0
2007,6,13,9,0,0,0.739904761314,0.0
2007,6,14,9,0,0,0.751546442509,0.0
2007,6,15,9,0,0,0.711768269539,0.0
2007,6,16,9,0,0,0.668925881386,0.0
2007,6,17,9,0,0,0.809680998325,0.0
2007,6,18,9,0,0,0.611469388008,0.0
2007,6,19,9,0,0,0.514669299126,0.0
2007,6,20,9,0,0,0.399915039539,7.8
2007,6,21,9,0,0,0.269716888666,27.8
2007,6,22,9,0,0,0.571000754833,25.0
2007,6,23,9,0,0,0.266659617424,23.0
2007,6,24,9,0,0,0.460396766663,33.0
2007,6,25,9,0,0,0.351349979639,5.6
2007,6,26,9,0,0,0.742417991161,0.2
2007,6,27,9,0,0,0.759505271912,0.0
2007,6,28,9,0,0,0.307445287704,5.0
2007,6,29,9,0,0,0.159622564912,69.0
2007,6,30,9,0,0,0.50293058157,6.2
2007,7,1,9,0,0,0.314356684685,18.0
2007,7,2,9,0,0,0.1467564255,30.4
2007,7,3,9,0,0,0.591828227043,4.2
2007,7,4,9,0,0,0.48618093133,6.4
2007,7,5,9,0,0,0.491507828236,1.2
2007,7,6,9,0,0,0.866584599018,0.0
2007,7,7,9,0,0,1.14218723774,0.0
2007,7,8,9,0,0,0.906857430935,0.0
2007,7,9,9,0,0,0.656021118164,0.0
2007,7,10,9,0,0,1.09794068336,0.0
2007,7,11,9,0,0,1.07616758347,0.0
2007,7,12,9,0,0,1.24223768711,0.0
2007,7,13,9,0,0,0.971590220928,0.0
2007,7,14,9,0,0,0.883974075317,0.0
2007,7,15,9,0,0,0.984665691853,0.0
2007,7,16,9,0,0,0.979063570499,0.0
2007,7,17,9,0,0,0.877678930759,0.0
2007,7,18,9,0,0,1.02112853527,0.0
2007,7,19,9,0,0,1.00636911392,0.0
2007,7,20,9,0,0,0.714795768261,0.0
2007,7,21,9,0,0,0.956268072128,0.0
2007,7,22,9,0,0,1.39532494545,0.2
2007,7,23,9,0,0,0.634965837002,6.6
2007,7,24,9,0,0,0.62188243866,11.6
2007,7,25,9,0,0,0.51835668087,11.2
2007,7,26,9,0,0,0.752700388432,3.0
2007,7,27,9,0,0,0.573164761066,0.2
2007,7,28,9,0,0,0.89557415247,0.2
2007,7,29,9,0,0,0.600629806519,0.6
2007,7,30,9,0,0,0.377359360456,9.2
2007,7,31,9,0,0,0.862868010998,1.2
2007,8,1,9,0,0,0.910345494747,0.6
2007,8,2,9,0,0,0.878562569618,0.6
2007,8,3,9,0,0,1.01275455952,0.0
2007,8,4,9,0,0,0.255013465881,25.4
2007,8,5,9,0,0,0.697471797466,21.0
2007,8,6,9,0,0,0.70614272356,10.4
2007,8,7,9,0,0,1.34536194801,0.0
2007,8,8,9,0,0,0.735518634319,1.6
2007,8,9,9,0,0,0.920417070389,2.4
2007,8,10,9,0,0,0.643247187138,6.8
2007,8,11,9,0,0,0.554849565029,31.0
2007,8,12,9,0,0,0.920125722885,3.8
2007,8,13,9,0,0,0.979182898998,1.6
2007,8,14,9,0,0,1.47038674355,0.0
2007,8,15,9,0,0,1.41778433323,0.0
2007,8,16,9,0,0,1.42714297771,6.8
2007,8,17,9,0,0,0.771346867085,3.0
2007,8,18,9,0,0,1.17119324207,0.8
2007,8,19,9,0,0,1.16764068604,0.2
2007,8,20,9,0,0,1.49640262127,0.0
2007,8,21,9,0,0,1.26673424244,0.2
2007,8,22,9,0,0,1.70418190956,0.0
2007,8,23,9,0,0,1.33892726898,0.0
2007,8,24,9,0,0,1.33523654938,0.0
2007,8,25,9,0,0,1.36328232288,0.0
2007,8,26,9,0,0,1.17409980297,0.0
2007,8,27,9,0,0,1.64394164085,0.0
2007,8,28,9,0,0,1.00348246098,4.4
2007,8,29,9,0,0,0.763620913029,18.0
2007,8,30,9,0,0,0.73075902462,17.4
2007,8,31,9,0,0,1.39592826366,0.2
2007,9,1,9,0,0,1.15483260155,7.8
2007,9,2,9,0,0,1.83532762527,0.0
2007,9,3,9,0,0,1.69257569313,4.6
2007,9,4,9,0,0,0.496581852436,8.6
2007,9,5,9,0,0,2.11442160606,0.0
2007,9,6,9,0,0,2.05819582939,0.0
2007,9,7,9,0,0,1.71966516972,0.2
2007,9,8,9,0,0,1.53536427021,0.0
2007,9,9,9,0,0,2.23071479797,0.0
2007,9,10,9,0,0,2.26972413063,0.0
2007,9,11,9,0,0,1.83964705467,0.0
2007,9,12,9,0,0,1.88070046902,0.0
2007,9,13,9,0,0,1.22958040237,40.6
2007,9,14,9,0,0,1.37230336666,1.0
2007,9,15,9,0,0,1.73076176643,9.6
2007,9,16,9,0,0,1.47564899921,3.0
2007,9,17,9,0,0,1.88033461571,0.0
2007,9,18,9,0,0,2.3946659565,0.0
2007,9,19,9,0,0,2.50001955032,0.0
2007,9,20,9,0,0,3.15616583824,0.0
2007,9,21,9,0,0,2.6910943985,0.0
2007,9,22,9,0,0,2.07347416878,2.6
2007,9,23,9,0,0,1.27707445621,7.0
2007,9,24,9,0,0,1.9283272028,0.2
2007,9,25,9,0,0,2.38628029823,0.0
2007,9,26,9,0,0,3.08506155014,0.0
2007,9,27,9,0,0,3.26843047142,0.0
2007,9,28,9,0,0,2.55474710464,0.0
2007,9,29,9,0,0,2.02312254906,17.2
2007,9,30,9,0,0,0.799136579037,43.8
2007,10,1,9,0,0,0.632132291794,41.6
2007,10,2,9,0,0,0.947762966156,29.6
2007,10,3,9,0,0,2.18004560471,0.0
2007,10,4,9,0,0,1.45445370674,37.0
2007,10,5,9,0,0,1.91704308987,18.6
2007,10,6,9,0,0,2.94561171532,19.6
2007,10,7,9,0,0,0.500118196011,38.0
2007,10,8,9,0,0,1.43678569794,9.0
2007,10,9,9,0,0,2.82267999649,2.8
2007,10,10,9,0,0,0.650781452656,16.4
2007,10,11,9,0,0,2.27538633347,20.4
2007,10,12,9,0,0,1.09837651253,0.4
2007,10,13,9,0,0,1.83670949936,40.6
2007,10,14,9,0,0,1.18047785759,11.8
2007,10,15,9,0,0,0.88619440794,29.8
2007,10,16,9,0,0,0.812966108322,27.2
2007,10,17,9,0,0,2.5008161068,0.0
2007,10,18,9,0,0,2.39143633842,0.0
2007,10,19,9,0,0,2.92674827576,0.0
2007,10,20,9,0,0,1.75450098515,19.2
2007,10,21,9,0,0,2.4646229744,4.6
2007,10,22,9,0,0,3.52386593819,8.4
2007,10,23,9,0,0,2.73949766159,0.6
2007,10,24,9,0,0,1.3076467514,2.8
2007,10,25,9,0,0,2.12997484207,0.0
2007,10,26,9,0,0,2.21691846848,0.6
2007,10,27,9,0,0,3.68237614632,0.0
2007,10,28,9,0,0,3.3010571003,0.0
2007,10,29,9,0,0,3.08589887619,0.0
2007,10,30,9,0,0,2.91810584068,0.0
2007,10,31,9,0,0,2.42028427124,0.6
2007,11,1,9,0,0,3.48345351219,0.0
2007,11,2,9,0,0,4.03291606903,0.0
2007,11,3,9,0,0,3.22042632103,2.4
2007,11,4,9,0,0,2.0927491188,4.2
2007,11,5,9,0,0,3.16047143936,1.0
2007,11,6,9,0,0,4.62621068954,0.0
2007,11,7,9,0,0,3.18448710442,0.2
2007,11,8,9,0,0,2.72546577454,0.0
2007,11,9,9,0,0,4.36685466766,0.0
2007,11,10,9,0,0,3.85828733444,0.0
2007,11,11,9,0,0,3.90063500404,0.0
2007,11,12,9,0,0,2.70454096794,1.0
2007,11,13,9,0,0,1.77516257763,14.0
2007,11,14,9,0,0,3.96935653687,0.0
2007,11,15,9,0,0,1.89079189301,2.6
2007,11,16,9,0,0,2.90242815018,0.0
2007,11,17,9,0,0,4.90465116501,0.0
2007,11,18,9,0,0,4.925989151,0.0
2007,11,19,9,0,0,5.13527822495,0.0
2007,11,20,9,0,0,3.46996164322,0.0
2007,11,21,9,0,0,4.69461250305,0.0
2007,11,22,9,0,0,4.47394895554,0.0
2007,11,23,9,0,0,4.01174402237,0.0
2007,11,24,9,0,0,3.85201382637,0.0
2007,11,25,9,0,0,4.38748884201,0.0
2007,11,26,9,0,0,4.55086421967,0.0
2007,11,27,9,0,0,4.78650045395,0.0
2007,11,28,9,0,0,5.34928941727,0.0
2007,11,29,9,0,0,4.40751838684,0.0
2007,11,30,9,0,0,4.27362918854,0.0
2007,12,1,9,0,0,3.02018737793,0.0
2007,12,2,9,0,0,4.56380796432,0.0
2007,12,3,9,0,0,3.85267448425,0.0
2007,12,4,9,0,0,3.4708404541,0.0
2007,12,5,9,0,0,2.83025217056,0.0
2007,12,6,9,0,0,5.31923484802,0.0
2007,12,7,9,0,0,6.52245998383,0.0
2007,12,8,9,0,0,6.08713531494,0.0
2007,12,9,9,0,0,4.029692173,3.0
2007,12,10,9,0,0,1.92766940594,8.2
2007,12,11,9,0,0,3.01412677765,1.4
2007,12,12,9,0,0,1.58386027813,4.4
2007,12,13,9,0,0,2.07369923592,2.2
2007,12,14,9,0,0,1.74249768257,0.2
2007,12,15,9,0,0,4.84085321426,0.0
2007,12,16,9,0,0,2.48638224602,0.0
2007,12,17,9,0,0,2.3668680191,32.6
2007,12,18,9,0,0,2.3498673439,0.0
2007,12,19,9,0,0,5.12674999237,0.0
2007,12,20,9,0,0,4.66152906418,0.6
2007,12,21,9,0,0,4.15705394745,5.2
2007,12,22,9,0,0,5.37888240814,3.2
2007,12,23,9,0,0,4.53924036026,1.8
2007,12,24,9,0,0,2.07826471329,1.4
2007,12,25,9,0,0,3.71807169914,12.0
2007,12,26,9,0,0,3.39544296265,0.8
2007,12,27,9,0,0,2.57717823982,6.6
2007,12,28,9,0,0,4.05285310745,0.0
2007,12,29,9,0,0,5.44061660767,0.0
2007,12,30,9,0,0,3.83055138588,0.0
2007,12,31,9,0,0,5.49259519577,0.0
2008,1,1,9,0,0,5.40752077103,0.0
2008,1,2,9,0,0,6.39379119873,0.0
2008,1,3,9,0,0,4.69218063354,0.0
2008,1,4,9,0,0,5.52090644836,0.0
2008,1,5,9,0,0,5.43617725372,0.0
2008,1,6,9,0,0,4.49345064163,2.2
2008,1,7,9,0,0,2.17295742035,31.0
2008,1,8,9,0,0,2.82682180405,2.4
2008,1,9,9,0,0,5.33408021927,0.0
2008,1,10,9,0,0,5.43890571594,0.0
2008,1,11,9,0,0,4.51414632797,0.0
2008,1,12,9,0,0,4.1822476387,0.2
2008,1,13,9,0,0,2.09501409531,3.8
2008,1,14,9,0,0,3.87578821182,20.2
2008,1,15,9,0,0,4.93009185791,0.0
2008,1,16,9,0,0,6.02915430069,0.0
2008,1,17,9,0,0,3.55767297745,0.8
2008,1,18,9,0,0,5.17129611969,0.0
2008,1,19,9,0,0,6.16990756989,0.0
2008,1,20,9,0,0,6.32805252075,0.0
2008,1,21,9,0,0,2.55835270882,0.4
2008,1,22,9,0,0,1.96455979347,19.4
2008,1,23,9,0,0,3.53663229942,0.0
2008,1,24,9,0,0,5.56804227829,0.0
2008,1,25,9,0,0,3.89421248436,0.0
2008,1,26,9,0,0,3.77234745026,17.8
2008,1,27,9,0,0,5.48388767242,0.0
2008,1,28,9,0,0,4.52811384201,0.0
2008,1,29,9,0,0,5.47790765762,0.0
2008,1,30,9,0,0,5.0627913475,0.0
2008,1,31,9,0,0,5.83540868759,0.0
2008,2,1,9,0,0,3.70863771439,2.8
2008,2,2,9,0,0,3.00921654701,1.0
2008,2,3,9,0,0,2.4326403141,0.2
2008,2,4,9,0,0,2.23960566521,2.2
2008,2,5,9,0,0,5.46066999435,0.0
2008,2,6,9,0,0,5.26789331436,0.0
2008,2,7,9,0,0,4.96095991135,0.0
2008,2,8,9,0,0,5.13111972809,0.0
2008,2,9,9,0,0,3.86568570137,0.2
2008,2,10,9,0,0,2.1348335743,26.4
2008,2,11,9,0,0,1.95600295067,19.0
2008,2,12,9,0,0,3.15519237518,0.0
2008,2,13,9,0,0,3.46813416481,0.4
2008,2,14,9,0,0,1.70357251167,13.2
2008,2,15,9,0,0,2.25716924667,9.8
2008,2,16,9,0,0,2.50882863998,0.8
2008,2,17,9,0,0,3.53208255768,0.0
2008,2,18,9,0,0,3.64024376869,0.0
2008,2,19,9,0,0,4.70815086365,0.0
2008,2,20,9,0,0,4.18342018127,0.0
2008,2,21,9,0,0,4.64006853104,0.0
2008,2,22,9,0,0,3.06854629517,1.2
2008,2,23,9,0,0,1.95860159397,19.6
2008,2,24,9,0,0,2.62202262878,5.0
2008,2,25,9,0,0,2.41402077675,2.2
2008,2,26,9,0,0,3.1467602253,0.0
2008,2,27,9,0,0,3.8607571125,0.0
2008,2,28,9,0,0,3.92978668213,0.0
2008,2,29,9,0,0,2.70815396309,14.2
2008,3,1,9,0,0,0.425260335207,55.6
2008,3,2,9,0,0,2.34542179108,3.4
2008,3,3,9,0,0,2.97671985626,0.0
2008,3,4,9,0,0,3.73653864861,0.0
2008,3,5,9,0,0,3.75637435913,0.0
2008,3,6,9,0,0,2.78678035736,0.0
2008,3,7,9,0,0,2.3537273407,0.0
2008,3,8,9,0,0,2.28943109512,2.4
2008,3,9,9,0,0,2.1659963131,0.2
2008,3,10,9,0,0,3.03289413452,0.0
2008,3,11,9,0,0,1.77045178413,0.0
2008,3,12,9,0,0,2.66216015816,0.0
2008,3,13,9,0,0,2.64707112312,0.0
2008,3,14,9,0,0,3.34098243713,0.0
2008,3,15,9,0,0,2.47412204742,0.0
2008,3,16,9,0,0,3.62742161751,0.0
2008,3,17,9,0,0,1.99431681633,0.0
2008,3,18,9,0,0,3.47249150276,0.0
2008,3,19,9,0,0,3.19533371925,0.0
2008,3,20,9,0,0,2.95407676697,0.0
2008,3,21,9,0,0,2.95097517967,0.0
2008,3,22,9,0,0,1.24165785313,3.2
2008,3,23,9,0,0,2.47027254105,0.0
2008,3,24,9,0,0,2.62514257431,0.0
2008,3,25,9,0,0,2.61962389946,9.2
2008,3,26,9,0,0,3.07368350029,0.0
2008,3,27,9,0,0,1.74023103714,0.0
2008,3,28,9,0,0,1.19719552994,24.2
2008,3,29,9,0,0,0.70081704855,17.4
2008,3,30,9,0,0,2.22873210907,0.0
2008,3,31,9,0,0,2.90108466148,0.0
2008,4,1,9,0,0,1.81806850433,0.8
2008,4,2,9,0,0,2.67842102051,0.0
2008,4,3,9,0,0,1.53040802479,0.0
2008,4,4,9,0,0,1.45678400993,12.4
2008,4,5,9,0,0,2.42084097862,0.2
2008,4,6,9,0,0,2.47795653343,0.0
2008,4,7,9,0,0,2.29152154922,0.0
2008,4,8,9,0,0,2.38822507858,0.0
2008,4,9,9,0,0,2.29449534416,0.0
2008,4,10,9,0,0,2.1731543541,0.0
2008,4,11,9,0,0,1.91180765629,0.0
2008,4,12,9,0,0,2.14714384079,0.0
2008,4,13,9,0,0,2.11911320686,0.0
2008,4,14,9,0,0,1.52681875229,11.2
2008,4,15,9,0,0,1.04947161674,21.6
2008,4,16,9,0,0,0.893771886826,3.0
2008,4,17,9,0,0,1.56571102142,0.8
2008,4,18,9,0,0,1.22064054012,10.4
2008,4,19,9,0,0,1.49984431267,0.0
2008,4,20,9,0,0,1.66436231136,0.0
2008,4,21,9,0,0,1.05947864056,2.2
2008,4,22,9,0,0,1.14610874653,1.2
2008,4,23,9,0,0,0.836092054844,0.2
2008,4,24,9,0,0,1.64684104919,0.0
2008,4,25,9,0,0,1.93953216076,0.0
2008,4,26,9,0,0,1.59976840019,0.0
2008,4,27,9,0,0,0.640916287899,15.6
2008,4,28,9,0,0,1.07266139984,5.8
2008,4,29,9,0,0,0.860633909702,32.2
2008,4,30,9,0,0,0.45425966382,17.0
2008,5,1,9,0,0,1.1850053072,6.8
2008,5,2,9,0,0,0.558154165745,10.4
2008,5,3,9,0,0,1.1351339817,0.0
2008,5,4,9,0,0,1.04036211967,0.2
2008,5,5,9,0,0,1.46970498562,0.0
2008,5,6,9,0,0,1.50641441345,0.0
2008,5,7,9,0,0,1.01405239105,7.0
2008,5,8,9,0,0,0.790590703487,0.6
2008,5,9,9,0,0,0.766040027142,0.0
2008,5,10,9,0,0,1.53770935535,0.2
2008,5,11,9,0,0,1.07812714577,0.0
2008,5,12,9,0,0,1.44966924191,0.0
2008,5,13,9,0,0,0.96904194355,0.6
2008,5,14,9,0,0,1.2553139925,0.0
2008,5,15,9,0,0,0.939530909061,0.0
2008,5,16,9,0,0,0.768092751503,0.0
2008,5,17,9,0,0,1.04128801823,0.0
2008,5,18,9,0,0,0.939583718777,0.0
2008,5,19,9,0,0,0.954293072224,0.0
2008,5,20,9,0,0,1.15880465508,0.0
2008,5,21,9,0,0,1.00474476814,0.0
2008,5,22,9,0,0,0.765054225922,0.0
2008,5,23,9,0,0,0.78749114275,0.0
2008,5,24,9,0,0,1.11661434174,0.0
2008,5,25,9,0,0,1.18801105022,0.0
2008,5,26,9,0,0,1.03841638565,0.0
2008,5,27,9,0,0,1.08140671253,0.0
2008,5,28,9,0,0,1.09778761864,0.0
2008,5,29,9,0,0,0.918392241001,0.0
2008,5,30,9,0,0,1.054651618,0.0
2008,5,31,9,0,0,0.648097813129,0.0
2008,6,1,9,0,0,0.355597615242,10.8
2008,6,2,9,0,0,1.21630978584,0.0
2008,6,3,9,0,0,0.644047498703,3.2
2008,6,4,9,0,0,1.28514683247,0.0
2008,6,5,9,0,0,0.942764282227,0.2
2008,6,6,9,0,0,0.728856623173,0.2
2008,6,7,9,0,0,0.458032816648,17.6
2008,6,8,9,0,0,0.780120551586,0.2
2008,6,9,9,0,0,0.367319524288,1.6
2008,6,10,9,0,0,0.886627554893,0.0
2008,6,11,9,0,0,0.61234664917,0.0
2008,6,12,9,0,0,0.800878107548,0.4
2008,6,13,9,0,0,0.867951691151,0.4
2008,6,14,9,0,0,0.655594944954,0.0
2008,6,15,9,0,0,1.17574346066,0.0
2008,6,16,9,0,0,0.644261956215,0.0
2008,6,17,9,0,0,1.12176668644,0.0
2008,6,18,9,0,0,1.1495950222,0.0
2008,6,19,9,0,0,0.916252672672,0.0
2008,6,20,9,0,0,0.745040595531,0.0
2008,6,21,9,0,0,0.597454428673,5.4
2008,6,22,9,0,0,0.455259412527,12.4
2008,6,23,9,0,0,0.583493292332,18.6
2008,6,24,9,0,0,0.432482272387,12.4
2008,6,25,9,0,0,0.290881216526,38.2
2008,6,26,9,0,0,0.650828659534,22.4
2008,6,27,9,0,0,0.24395622313,44.8
2008,6,28,9,0,0,1.10899150372,0.0
2008,6,29,9,0,0,0.926630735397,0.0
2008,6,30,9,0,0,1.01146090031,0.0
2008,7,1,9,0,0,0.505620658398,11.8
2008,7,2,9,0,0,0.430764973164,22.4
2008,7,3,9,0,0,0.503498852253,20.6
2008,7,4,9,0,0,0.211802721024,27.2
2008,7,5,9,0,0,0.580124139786,1.6
2008,7,6,9,0,0,1.03464841843,0.0
2008,7,7,9,0,0,0.90065485239,0.0
2008,7,8,9,0,0,1.65532755852,0.0
2008,7,9,9,0,0,2.17555975914,0.0
2008,7,10,9,0,0,1.23430430889,8.6
2008,7,11,9,0,0,0.764470696449,30.8
2008,7,12,9,0,0,0.905221104622,15.4
2008,7,13,9,0,0,1.43358957767,0.0
2008,7,14,9,0,0,1.19577157497,0.0
2008,7,15,9,0,0,1.32792294025,0.0
2008,7,16,9,0,0,1.57742714882,0.4
2008,7,17,9,0,0,1.17347788811,0.4
2008,7,18,9,0,0,1.07398784161,7.4
2008,7,19,9,0,0,1.17305135727,10.2
2008,7,20,9,0,0,0.933424651623,44.0
2008,7,21,9,0,0,1.3815715313,14.0
2008,7,22,9,0,0,1.36369645596,31.0
2008,7,23,9,0,0,1.66150152683,0.4
2008,7,24,9,0,0,1.92850768566,0.0
2008,7,25,9,0,0,2.30001568794,0.0
2008,7,26,9,0,0,1.6336991787,0.0
2008,7,27,9,0,0,1.87778460979,0.2
2008,7,28,9,0,0,1.17065119743,10.2
2008,7,29,9,0,0,1.26813662052,0.0
2008,7,30,9,0,0,1.38355994225,0.0
2008,7,31,9,0,0,1.38890028,0.4
2008,8,1,9,0,0,1.15869057178,4.6
2008,8,2,9,0,0,1.4746619463,4.0
2008,8,3,9,0,0,1.13794314861,26.8
2008,8,4,9,0,0,1.29678356647,8.6
2008,8,5,9,0,0,1.11999726295,5.2
2008,8,6,9,0,0,1.05235719681,2.0
2008,8,7,9,0,0,1.35970699787,2.4
2008,8,8,9,0,0,1.37360274792,1.6
2008,8,9,9,0,0,1.94358766079,0.0
2008,8,10,9,0,0,1.17372703552,0.0
2008,8,11,9,0,0,1.00509572029,30.6
2008,8,12,9,0,0,0.740858137608,20.8
2008,8,13,9,0,0,0.955533564091,19.4
2008,8,14,9,0,0,0.652730226517,27.8
2008,8,15,9,0,0,0.671789348125,13.2
2008,8,16,9,0,0,0.71100705862,23.8
2008,8,17,9,0,0,0.822052061558,1.4
2008,8,18,9,0,0,1.41517007351,0.0
2008,8,19,9,0,0,1.64650130272,0.0
2008,8,20,9,0,0,1.52919328213,0.0
2008,8,21,9,0,0,0.978741168976,1.2
2008,8,22,9,0,0,0.634879291058,5.6
2008,8,23,9,0,0,1.36039471626,0.4
2008,8,24,9,0,0,0.709174394608,0.4
2008,8,25,9,0,0,0.989526093006,0.0
2008,8,26,9,0,0,1.0619726181,0.0
2008,8,27,9,0,0,2.0775976181,0.0
2008,8,28,9,0,0,1.38474321365,0.0
2008,8,29,9,0,0,1.81746828556,0.0
2008,8,30,9,0,0,1.78508019447,0.2
2008,8,31,9,0,0,1.32047212124,0.4
2008,9,1,9,0,0,1.66991579533,10.2
2008,9,2,9,0,0,0.960376918316,3.2
2008,9,3,9,0,0,1.21017324924,27.8
2008,9,4,9,0,0,0.569214165211,19.8
2008,9,5,9,0,0,1.14189624786,0.6
2008,9,6,9,0,0,2.30474758148,0.0
2008,9,7,9,0,0,2.46304345131,0.0
2008,9,8,9,0,0,0.989437043667,13.0
2008,9,9,9,0,0,0.967238664627,4.0
2008,9,10,9,0,0,1.4186770916,1.8
2008,9,11,9,0,0,2.68704175949,4.0
2008,9,12,9,0,0,1.45985138416,9.6
2008,9,13,9,0,0,1.89282751083,1.0
2008,9,14,9,0,0,1.43327581882,0.0
2008,9,15,9,0,0,1.08216893673,0.0
2008,9,16,9,0,0,2.73764133453,0.0
2008,9,17,9,0,0,1.25338971615,10.4
2008,9,18,9,0,0,1.36541712284,0.0
2008,9,19,9,0,0,3.00522112846,0.0
2008,9,20,9,0,0,2.42827892303,0.0
2008,9,21,9,0,0,1.14170491695,9.2
2008,9,22,9,0,0,1.95553863049,0.6
2008,9,23,9,0,0,0.685769081116,19.8
2008,9,24,9,0,0,2.07777261734,0.0
2008,9,25,9,0,0,2.90627002716,0.0
2008,9,26,9,0,0,3.03999495506,0.0
2008,9,27,9,0,0,1.15775048733,9.6
2008,9,28,9,0,0,3.10441732407,0.0
2008,9,29,9,0,0,1.04066872597,21.4
2008,9,30,9,0,0,2.48167490959,7.2
2008,10,1,9,0,0,1.96588933468,8.4
2008,10,2,9,0,0,2.19746994972,0.0
2008,10,3,9,0,0,1.02131187916,0.8
2008,10,4,9,0,0,0.964508354664,10.4
2008,10,5,9,0,0,2.52209496498,0.6
2008,10,6,9,0,0,3.47186541557,18.0
2008,10,7,9,0,0,1.54189884663,4.8
2008,10,8,9,0,0,1.61872363091,16.2
2008,10,9,9,0,0,2.54136681557,1.6
2008,10,10,9,0,0,2.53818821907,0.2
2008,10,11,9,0,0,2.85042738914,0.0
2008,10,12,9,0,0,3.57171535492,0.0
2008,10,13,9,0,0,4.06796693802,0.0
2008,10,14,9,0,0,2.39104056358,0.0
2008,10,15,9,0,0,2.63512682915,8.0
2008,10,16,9,0,0,1.24441194534,24.0
2008,10,17,9,0,0,2.3609726429,1.8
2008,10,18,9,0,0,2.01705312729,0.8
2008,10,19,9,0,0,2.84240746498,0.4
2008,10,20,9,0,0,1.79557657242,1.6
2008,10,21,9,0,0,3.5337729454,2.6
2008,10,22,9,0,0,1.28951752186,15.8
2008,10,23,9,0,0,2.75493693352,0.0
2008,10,24,9,0,0,2.24816989899,6.8
2008,10,25,9,0,0,2.53568339348,2.0
2008,10,26,9,0,0,4.50500392914,0.0
2008,10,27,9,0,0,2.60007572174,0.0
2008,10,28,9,0,0,2.55073881149,5.4
2008,10,29,9,0,0,3.49485206604,1.8
2008,10,30,9,0,0,3.04279565811,1.2
2008,10,31,9,0,0,3.34372711182,8.4
2008,11,1,9,0,0,1.07114160061,25.0
2008,11,2,9,0,0,4.72988080978,0.0
2008,11,3,9,0,0,3.56976509094,0.0
2008,11,4,9,0,0,1.48998010159,18.0
2008,11,5,9,0,0,2.11219644547,17.2
2008,11,6,9,0,0,1.66504395008,2.2
2008,11,7,9,0,0,2.86536383629,1.4
2008,11,8,9,0,0,4.59453248978,0.0
2008,11,9,9,0,0,1.52280795574,19.8
2008,11,10,9,0,0,2.08485817909,0.2
2008,11,11,9,0,0,4.11905002594,0.0
2008,11,12,9,0,0,3.72446584702,0.0
2008,11,13,9,0,0,4.94381666183,0.0
2008,11,14,9,0,0,4.78908538818,0.0
2008,11,15,9,0,0,4.26998758316,0.0
2008,11,16,9,0,0,2.58642029762,24.8
2008,11,17,9,0,0,2.9154343605,6.4
2008,11,18,9,0,0,3.82185459137,0.2
2008,11,19,9,0,0,3.46426558495,1.0
2008,11,20,9,0,0,4.4827041626,0.0
2008,11,21,9,0,0,4.32348108292,0.0
2008,11,22,9,0,0,1.47497367859,5.2
2008,11,23,9,0,0,1.30600547791,51.8
2008,11,24,9,0,0,1.18332695961,91.8
2008,11,25,9,0,0,2.25446248055,3.2
2008,11,26,9,0,0,4.28111839294,0.0
2008,11,27,9,0,0,5.38920211792,0.0
2008,11,28,9,0,0,5.45731210709,0.0
2008,11,29,9,0,0,4.91762828827,0.0
2008,11,30,9,0,0,4.85620498657,0.0
2008,12,1,9,0,0,2.11786150932,3.0
2008,12,2,9,0,0,2.86948084831,1.0
2008,12,3,9,0,0,1.88886344433,8.8
2008,12,4,9,0,0,2.89547562599,7.0
2008,12,5,9,0,0,4.9489812851,0.0
2008,12,6,9,0,0,5.71305942535,0.0
2008,12,7,9,0,0,5.55122756958,0.0
2008,12,8,9,0,0,1.98211407661,8.0
2008,12,9,9,0,0,2.26720714569,0.0
2008,12,10,9,0,0,5.14419746399,0.0
2008,12,11,9,0,0,4.41524457932,3.6
2008,12,12,9,0,0,3.61867165565,1.0
2008,12,13,9,0,0,4.59583568573,0.0
2008,12,14,9,0,0,4.21893835068,0.0
2008,12,15,9,0,0,1.979565382,9.6
2008,12,16,9,0,0,1.70934820175,7.2
2008,12,17,9,0,0,2.74781942368,7.0
2008,12,18,9,0,0,4.66433429718,2.6
2008,12,19,9,0,0,0.77168482542,84.0
2008,12,20,9,0,0,1.82408130169,11.2
2008,12,21,9,0,0,4.30713129044,0.0
2008,12,22,9,0,0,6.10609960556,0.0
2008,12,23,9,0,0,6.2639875412,0.0
2008,12,24,9,0,0,4.28775310516,0.0
2008,12,25,9,0,0,3.44178438187,1.2
2008,12,26,9,0,0,4.46311044693,0.0
2008,12,27,9,0,0,5.3047504425,0.0
2008,12,28,9,0,0,6.33453702927,0.0
2008,12,29,9,0,0,6.71157932281,0.0
2008,12,30,9,0,0,5.35051393509,0.2
2008,12,31,9,0,0,2.63912987709,25.0
2009,1,1,9,0,0,5.09484148026,0.2
2009,1,2,9,0,0,3.11412262917,38.4
2009,1,3,9,0,0,4.08925628662,0.6
2009,1,4,9,0,0,4.61059713364,0.0
2009,1,5,9,0,0,5.59630155563,0.0
2009,1,6,9,0,0,3.79945158958,0.0
2009,1,7,9,0,0,2.04713368416,0.0
2009,1,8,9,0,0,5.66933965683,0.0
2009,1,9,9,0,0,3.52697682381,7.2
2009,1,10,9,0,0,5.58495187759,0.0
2009,1,11,9,0,0,5.99072360992,0.0
2009,1,12,9,0,0,5.71270370483,0.0
2009,1,13,9,0,0,5.82868480682,0.0
2009,1,14,9,0,0,3.66550207138,0.0
2009,1,15,9,0,0,5.76573896408,0.0
2009,1,16,9,0,0,5.71123790741,0.0
2009,1,17,9,0,0,1.74957025051,10.0
2009,1,18,9,0,0,2.68570923805,15.6
2009,1,19,9,0,0,3.33358883858,0.6
2009,1,20,9,0,0,4.65272855759,0.0
2009,1,21,9,0,0,4.54054832458,0.0
2009,1,22,9,0,0,4.274974823,0.0
2009,1,23,9,0,0,5.77607059479,0.0
2009,1,24,9,0,0,6.11593008041,0.0
2009,1,25,9,0,0,5.51411437988,0.0
2009,1,26,9,0,0,6.00821304321,1.4
2009,1,27,9,0,0,4.13276958466,0.0
2009,1,28,9,0,0,5.27184438705,0.0
2009,1,29,9,0,0,3.50591468811,0.0
2009,1,30,9,0,0,2.23497271538,0.0
2009,1,31,9,0,0,4.08470201492,0.0
2009,2,1,9,0,0,2.69700074196,0.0
2009,2,2,9,0,0,4.93801307678,0.0
2009,2,3,9,0,0,2.71885561943,1.8
2009,2,4,9,0,0,1.6763420105,1.0
2009,2,5,9,0,0,5.22898006439,0.0
2009,2,6,9,0,0,4.29404878616,0.0
2009,2,7,9,0,0,3.78579878807,0.0
2009,2,8,9,0,0,5.38577985764,0.0
2009,2,9,9,0,0,3.68774461746,0.4
2009,2,10,9,0,0,4.22707271576,0.0
2009,2,11,9,0,0,3.18078708649,6.0
2009,2,12,9,0,0,1.13048255444,16.6
2009,2,13,9,0,0,3.69299197197,1.0
2009,2,14,9,0,0,4.91386413574,0.0
2009,2,15,9,0,0,4.77137613297,0.0
2009,2,16,9,0,0,3.32223248482,0.0
2009,2,17,9,0,0,4.35891771317,0.0
2009,2,18,9,0,0,4.50474023819,0.0
2009,2,19,9,0,0,3.99962806702,23.8
2009,2,20,9,0,0,1.13587224483,22.0
2009,2,21,9,0,0,2.78013777733,2.0
2009,2,22,9,0,0,2.80515980721,11.0
2009,2,23,9,0,0,3.05042505264,0.2
2009,2,24,9,0,0,3.73450088501,1.0
2009,2,25,9,0,0,3.70262551308,0.0
2009,2,26,9,0,0,2.08939886093,0.0
2009,2,27,9,0,0,2.73994350433,0.0
2009,2,28,9,0,0,1.34428811073,6.0
2009,3,1,9,0,0,1.9163236618,2.2
2009,3,2,9,0,0,3.05404520035,1.0
2009,3,3,9,0,0,4.22474002838,0.0
2009,3,4,9,0,0,4.6532459259,0.0
2009,3,5,9,0,0,1.99357831478,17.8
2009,3,6,9,0,0,2.38961672783,6.6
2009,3,7,9,0,0,2.85452651978,1.2
2009,3,8,9,0,0,2.85689282417,3.8
2009,3,9,9,0,0,2.64299225807,3.6
2009,3,10,9,0,0,1.79141879082,27.8
2009,3,11,9,0,0,1.89168572426,1.4
2009,3,12,9,0,0,1.78587341309,0.0
2009,3,13,9,0,0,2.91907525063,0.0
2009,3,14,9,0,0,2.78643798828,0.0
2009,3,15,9,0,0,3.42529392242,0.0
2009,3,16,9,0,0,3.8620262146,0.0
2009,3,17,9,0,0,3.45862841606,0.0
2009,3,18,9,0,0,0.77665412426,6.8
2009,3,19,9,0,0,2.19825458527,0.8
2009,3,20,9,0,0,2.41323685646,0.0
2009,3,21,9,0,0,1.72938382626,0.0
2009,3,22,9,0,0,3.04125142097,0.0
2009,3,23,9,0,0,3.48686242104,0.0
2009,3,24,9,0,0,3.25227546692,0.0
2009,3,25,9,0,0,2.19250369072,0.0
2009,3,26,9,0,0,2.71343493462,0.0
2009,3,27,9,0,0,1.97827005386,7.2
2009,3,28,9,0,0,2.54337573051,0.2
2009,3,29,9,0,0,2.91683316231,0.0
2009,3,30,9,0,0,3.05034852028,0.0
2009,3,31,9,0,0,2.69686079025,0.0
2009,4,1,9,0,0,3.10744547844,0.0
2009,4,2,9,0,0,2.8486135006,0.0
2009,4,3,9,0,0,2.90894365311,0.0
2009,4,4,9,0,0,2.21191430092,0.0
2009,4,5,9,0,0,1.57154965401,0.0
2009,4,6,9,0,0,1.45929610729,21.2
2009,4,7,9,0,0,1.0867536068,22.4
2009,4,8,9,0,0,0.803897738457,15.6
2009,4,9,9,0,0,2.22129034996,0.0
2009,4,10,9,0,0,2.08034133911,0.0
2009,4,11,9,0,0,2.12211847305,0.0
2009,4,12,9,0,0,2.01819396019,0.2
2009,4,13,9,0,0,0.779204785824,0.4
2009,4,14,9,0,0,2.48394322395,0.0
2009,4,15,9,0,0,2.07287716866,0.0
2009,4,16,9,0,0,0.775968909264,3.6
2009,4,17,9,0,0,1.1313431263,0.2
2009,4,18,9,0,0,1.8156440258,0.2
2009,4,19,9,0,0,1.26231896877,0.6
2009,4,20,9,0,0,2.05532002449,0.0
2009,4,21,9,0,0,1.59489762783,0.0
2009,4,22,9,0,0,1.77400767803,0.0
2009,4,23,9,0,0,1.96736514568,0.0
2009,4,24,9,0,0,1.24208593369,0.0
2009,4,25,9,0,0,1.06737935543,32.6
2009,4,26,9,0,0,0.914297401905,0.0
2009,4,27,9,0,0,0.774655938148,86.8
2009,4,28,9,0,0,0.786924421787,30.4
2009,4,29,9,0,0,0.672147870064,13.0
2009,4,30,9,0,0,0.656617283821,4.0
2009,5,1,9,0,0,1.21951174736,0.0
2009,5,2,9,0,0,1.50104343891,0.0
2009,5,3,9,0,0,1.59535229206,0.0
2009,5,4,9,0,0,1.59792375565,0.0
2009,5,5,9,0,0,0.807215511799,13.8
2009,5,6,9,0,0,0.804161131382,0.0
2009,5,7,9,0,0,1.04354929924,6.6
2009,5,8,9,0,0,0.832859873772,0.0
2009,5,9,9,0,0,0.843348920345,8.2
2009,5,10,9,0,0,1.13368284702,0.0
2009,5,11,9,0,0,1.53264868259,0.0
2009,5,12,9,0,0,1.07798409462,2.8
2009,5,13,9,0,0,1.11732912064,5.0
2009,5,14,9,0,0,0.875759482384,30.8
2009,5,15,9,0,0,1.2875931263,4.4
2009,5,16,9,0,0,0.545532107353,40.2
2009,5,17,9,0,0,0.818327903748,20.8
2009,5,18,9,0,0,0.644705355167,22.4
2009,5,19,9,0,0,0.58328127861,12.6
2009,5,20,9,0,0,1.06891810894,0.0
2009,5,21,9,0,0,1.17295753956,0.0
2009,5,22,9,0,0,1.0911771059,0.0
2009,5,23,9,0,0,1.10419464111,0.0
2009,5,24,9,0,0,0.737532258034,0.0
2009,5,25,9,0,0,1.47421658039,0.0
2009,5,26,9,0,0,1.22260785103,0.0
2009,5,27,9,0,0,1.17800855637,0.0
2009,5,28,9,0,0,0.982574820518,0.0
2009,5,29,9,0,0,0.803037345409,0.2
2009,5,30,9,0,0,0.969636321068,0.0
2009,5,31,9,0,0,1.06341350079,0.0
2009,6,1,9,0,0,1.09527122974,0.0
2009,6,2,9,0,0,1.03382110596,0.0
2009,6,3,9,0,0,0.808639526367,0.0
2009,6,4,9,0,0,0.652640521526,1.8
2009,6,5,9,0,0,0.611861526966,5.0
2009,6,6,9,0,0,0.893849909306,0.2
2009,6,7,9,0,0,0.60400480032,0.0
2009,6,8,9,0,0,0.918121933937,5.8
2009,6,9,9,0,0,0.400888949633,15.0
2009,6,10,9,0,0,0.350959837437,19.0
2009,6,11,9,0,0,0.753834843636,13.8
2009,6,12,9,0,0,0.304410725832,10.6
2009,6,13,9,0,0,0.520956814289,0.4
2009,6,14,9,0,0,0.801716566086,3.0
2009,6,15,9,0,0,0.802999854088,11.8
2009,6,16,9,0,0,0.827902376652,1.0
2009,6,17,9,0,0,0.889599323273,0.0
2009,6,18,9,0,0,0.9141086936,0.0
2009,6,19,9,0,0,0.881083071232,0.0
2009,6,20,9,0,0,0.916593134403,0.0
2009,6,21,9,0,0,0.955046772957,0.2
2009,6,22,9,0,0,0.988781273365,0.0
2009,6,23,9,0,0,0.496927022934,0.0
2009,6,24,9,0,0,0.879066169262,0.0
2009,6,25,9,0,0,0.546680986881,5.2
2009,6,26,9,0,0,0.457897752523,2.6
2009,6,27,9,0,0,0.915675699711,0.0
2009,6,28,9,0,0,0.68690508604,0.0
2009,6,29,9,0,0,1.05438482761,0.0
2009,6,30,9,0,0,0.970234930515,0.0
2009,7,1,9,0,0,0.995907723904,0.0
2009,7,2,9,0,0,0.298041909933,21.0
2009,7,3,9,0,0,0.56036657095,1.6
2009,7,4,9,0,0,0.546479701996,0.4
2009,7,5,9,0,0,0.519355595112,1.4
2009,7,6,9,0,0,0.543679475784,11.6
2009,7,7,9,0,0,0.707379579544,0.6
2009,7,8,9,0,0,1.03021907806,0.0
2009,7,9,9,0,0,1.0917879343,0.0
2009,7,10,9,0,0,0.984679222107,0.0
2009,7,11,9,0,0,0.992785871029,0.0
2009,7,12,9,0,0,1.19781112671,0.0
2009,7,13,9,0,0,0.952619373798,0.0
2009,7,14,9,0,0,0.4595875144,12.5
2009,7,15,9,0,0,0.752068996429,0.8
2009,7,16,9,0,0,0.856972038746,7.0
2009,7,17,9,0,0,0.47709196806,7.4
2009,7,18,9,0,0,0.875629246235,11.0
2009,7,19,9,0,0,0.745117902756,8.8
2009,7,20,9,0,0,0.726962387562,0.8
2009,7,21,9,0,0,0.365340232849,36.8
2009,7,22,9,0,0,0.582935750484,16.6
2009,7,23,9,0,0,0.218964457512,26.6
2009,7,24,9,0,0,1.29866337776,0.2
2009,7,25,9,0,0,1.21478843689,0.0
2009,7,26,9,0,0,1.20447206497,0.0
2009,7,27,9,0,0,1.07131695747,0.0
2009,7,28,9,0,0,0.579119861126,9.8
2009,7,29,9,0,0,0.818991661072,7.4
2009,7,30,9,0,0,1.07730042934,5.2
2009,7,31,9,0,0,0.517187595367,22.0
2009,8,1,9,0,0,1.05586838722,6.0
2009,8,2,9,0,0,0.445209801197,20.2
2009,8,3,9,0,0,0.954436004162,8.8
2009,8,4,9,0,0,0.616466939449,17.0
2009,8,5,9,0,0,0.552136063576,5.4
2009,8,6,9,0,0,1.33070850372,0.0
2009,8,7,9,0,0,1.36396086216,0.0
2009,8,8,9,0,0,1.61445116997,0.0
2009,8,9,9,0,0,1.65383052826,0.0
2009,8,10,9,0,0,1.59946930408,0.0
2009,8,11,9,0,0,0.894229471684,0.4
2009,8,12,9,0,0,0.940656840801,0.6
2009,8,13,9,0,0,0.87245953083,0.6
2009,8,14,9,0,0,1.6662967205,1.0
2009,8,15,9,0,0,0.813317656517,3.8
2009,8,16,9,0,0,1.57680737972,0.2
2009,8,17,9,0,0,1.79878723621,0.0
2009,8,18,9,0,0,0.51430606842,0.6
2009,8,19,9,0,0,2.28493499756,0.0
2009,8,20,9,0,0,1.97666978836,0.0
2009,8,21,9,0,0,1.93544745445,0.0
2009,8,22,9,0,0,1.99148225784,0.2
2009,8,23,9,0,0,0.779100179672,2.2
2009,8,24,9,0,0,1.15166318417,1.0
2009,8,25,9,0,0,0.793423295021,48.2
2009,8,26,9,0,0,1.50629425049,11.0
2009,8,27,9,0,0,1.02053773403,13.6
2009,8,28,9,0,0,1.21361994743,1.6
2009,8,29,9,0,0,1.87939846516,0.0
2009,8,30,9,0,0,0.942218065262,39.2
2009,8,31,9,0,0,1.66121089458,9.6
2009,9,1,9,0,0,0.972796261311,7.8
2009,9,2,9,0,0,1.37391471863,7.6
2009,9,3,9,0,0,2.19243955612,0.2
2009,9,4,9,0,0,2.31298303604,0.0
2009,9,5,9,0,0,2.39488148689,0.0
2009,9,6,9,0,0,2.4844391346,0.0
2009,9,7,9,0,0,2.16265392303,0.0
2009,9,8,9,0,0,2.73132324219,0.0
2009,9,9,9,0,0,2.61634755135,0.0
2009,9,10,9,0,0,1.36823964119,17.6
2009,9,11,9,0,0,1.68508923054,0.2
2009,9,12,9,0,0,2.12752795219,0.0
2009,9,13,9,0,0,2.4523267746,0.0
2009,9,14,9,0,0,2.79605317116,0.0
2009,9,15,9,0,0,3.03003621101,0.0
2009,9,16,9,0,0,2.2148668766,0.0
2009,9,17,9,0,0,2.82279348373,0.2
2009,9,18,9,0,0,0.503772497177,7.2
2009,9,19,9,0,0,3.06809306145,0.0
2009,9,20,9,0,0,3.44527959824,0.0
2009,9,21,9,0,0,3.04898190498,2.4
2009,9,22,9,0,0,2.10662436485,3.4
2009,9,23,9,0,0,2.15163493156,1.2
2009,9,24,9,0,0,0.934491872787,3.2
2009,9,25,9,0,0,1.75462985039,0.0
2009,9,26,9,0,0,3.76646494865,0.0
2009,9,27,9,0,0,2.10819101334,31.0
2009,9,28,9,0,0,2.01653599739,2.6
2009,9,29,9,0,0,1.39546942711,2.2
2009,9,30,9,0,0,2.88166809082,0.6
2009,10,1,9,0,0,2.2336833477,4.0
2009,10,2,9,0,0,0.721095740795,21.8
2009,10,3,9,0,0,1.19401204586,6.4
2009,10,4,9,0,0,2.51826524734,0.0
2009,10,5,9,0,0,3.3529586792,0.0
2009,10,6,9,0,0,3.56772136688,0.0
2009,10,7,9,0,0,3.87972259521,0.0
2009,10,8,9,0,0,0.996950030327,29.0
2009,10,9,9,0,0,0.43269264698,9.2
2009,10,10,9,0,0,3.78736710548,0.0
2009,10,11,9,0,0,3.9123775959,0.0
2009,10,12,9,0,0,3.38957095146,0.0
2009,10,13,9,0,0,3.10463786125,0.0
2009,10,14,9,0,0,1.09222209454,17.2
2009,10,15,9,0,0,3.98141813278,4.2
2009,10,16,9,0,0,1.30317592621,6.4
2009,10,17,9,0,0,1.20981407166,7.4
2009,10,18,9,0,0,3.04818701744,2.2
2009,10,19,9,0,0,2.09933876991,5.4
2009,10,20,9,0,0,3.88150525093,0.0
2009,10,21,9,0,0,1.98507344723,7.2
2009,10,22,9,0,0,3.3420124054,0.0
2009,10,23,9,0,0,4.07643270493,0.0
2009,10,24,9,0,0,3.36720061302,0.2
2009,10,25,9,0,0,3.03362894058,0.0
2009,10,26,9,0,0,2.72545433044,6.6
2009,10,27,9,0,0,4.28815746307,0.0
2009,10,28,9,0,0,3.08789539337,9.6
2009,10,29,9,0,0,3.35305523872,0.0
2009,10,30,9,0,0,4.24605512619,0.0
2009,10,31,9,0,0,4.73261594772,0.0
2009,11,1,9,0,0,2.52984237671,0.0
2009,11,2,9,0,0,2.11271834373,0.0
2009,11,3,9,0,0,4.57959365845,0.0
2009,11,4,9,0,0,1.56963372231,5.4
2009,11,5,9,0,0,2.73826241493,1.0
2009,11,6,9,0,0,4.65495491028,0.0
2009,11,7,9,0,0,3.00095510483,0.0
2009,11,8,9,0,0,4.53163480759,0.0
2009,11,9,9,0,0,4.08646202087,0.0
2009,11,10,9,0,0,2.4842839241,0.0
2009,11,11,9,0,0,2.75869250298,2.2
2009,11,12,9,0,0,3.7442574501,1.0
2009,11,13,9,0,0,2.43435716629,0.6
2009,11,14,9,0,0,3.52559232712,0.4
2009,11,15,9,0,0,1.37635397911,13.0
2009,11,16,9,0,0,2.51548647881,4.8
2009,11,17,9,0,0,3.94944190979,0.0
2009,11,18,9,0,0,5.6174902916,0.0
2009,11,19,9,0,0,3.45253109932,0.0
2009,11,20,9,0,0,1.74145150185,0.0
2009,11,21,9,0,0,1.65388190746,2.6
2009,11,22,9,0,0,4.51832962036,0.0
2009,11,23,9,0,0,2.67779779434,0.0
2009,11,24,9,0,0,4.56616640091,0.0
2009,11,25,9,0,0,3.77486729622,0.2
2009,11,26,9,0,0,3.94341778755,0.0
2009,11,27,9,0,0,3.6718609333,19.4
2009,11,28,9,0,0,2.78206920624,0.0
2009,11,29,9,0,0,5.72430467606,2.2
2009,11,30,9,0,0,1.41696321964,16.0
2009,12,1,9,0,0,1.84941804409,27.2
2009,12,2,9,0,0,1.81302928925,45.4
2009,12,3,9,0,0,5.23127794266,0.0
2009,12,4,9,0,0,5.82773065567,0.0
2009,12,5,9,0,0,2.80274105072,11.0
2009,12,6,9,0,0,1.58468747139,6.2
2009,12,7,9,0,0,4.86539125443,0.0
2009,12,8,9,0,0,5.55319595337,0.0
2009,12,9,9,0,0,2.80213403702,10.8
2009,12,10,9,0,0,1.19831860065,7.6
2009,12,11,9,0,0,1.23799586296,26.8
2009,12,12,9,0,0,2.45049953461,11.4
2009,12,13,9,0,0,0.966596066952,14.4
2009,12,14,9,0,0,3.49364185333,2.0
2009,12,15,9,0,0,4.43971014023,2.8
2009,12,16,9,0,0,3.15508818626,1.2
2009,12,17,9,0,0,4.49450969696,0.0
2009,12,18,9,0,0,4.6704621315,4.2
2009,12,19,9,0,0,2.02927827835,4.6
2009,12,20,9,0,0,3.52950406075,0.6
2009,12,21,9,0,0,6.08080291748,0.0
2009,12,22,9,0,0,5.98794269562,0.0
2009,12,23,9,0,0,3.74637246132,0.0
2009,12,24,9,0,0,6.01489210129,0.0
2009,12,25,9,0,0,5.19975090027,0.0
2009,12,26,9,0,0,2.68695282936,20.6
2009,12,27,9,0,0,2.08803009987,7.8
2009,12,28,9,0,0,5.36147260666,19.0
2009,12,29,9,0,0,2.82609724998,0.8
2009,12,30,9,0,0,3.51504731178,1.4
2009,12,31,9,0,0,3.44372868538,0.0
2010,1,1,9,0,0,5.32997465134,13.2
2010,1,2,9,0,0,0.835582613945,16.2
2010,1,3,9,0,0,1.49483203888,27.0
2010,1,4,9,0,0,2.86893868446,3.0
2010,1,5,9,0,0,4.99097537994,0.0
2010,1,6,9,0,0,3.31270480156,0.0
2010,1,7,9,0,0,1.16859710217,17.6
2010,1,8,9,0,0,4.32380819321,0.2
2010,1,9,9,0,0,3.28449726105,4.6
2010,1,10,9,0,0,0.928367853165,30.2
2010,1,11,9,0,0,3.66256952286,0.2
2010,1,12,9,0,0,4.68350219727,0.0
2010,1,13,9,0,0,2.79516386986,0.0
2010,1,14,9,0,0,5.55504798889,0.0
2010,1,15,9,0,0,5.94947528839,0.0
2010,1,16,9,0,0,5.627348423,0.0
2010,1,17,9,0,0,4.73105716705,8.8
2010,1,18,9,0,0,3.79580020905,0.4
2010,1,19,9,0,0,4.87673854828,0.0
2010,1,20,9,0,0,3.05505394936,31.6
2010,1,21,9,0,0,3.75571846962,3.2
2010,1,22,9,0,0,3.12386631966,0.0
2010,1,23,9,0,0,4.08894586563,0.0
2010,1,24,9,0,0,2.51408219337,0.0
2010,1,25,9,0,0,4.59708356857,0.0
2010,1,26,9,0,0,5.75846385956,0.0
2010,1,27,9,0,0,4.12905740738,0.0
2010,1,28,9,0,0,5.84924077988,0.0
2010,1,29,9,0,0,5.27262926102,4.6
2010,1,30,9,0,0,5.36036682129,0.0
2010,1,31,9,0,0,6.67960548401,0.0
2010,2,1,9,0,0,6.64793872833,0.0
2010,2,2,9,0,0,6.03518390656,0.0
2010,2,3,9,0,0,6.08166694641,0.0
2010,2,4,9,0,0,6.13101816177,0.0
2010,2,5,9,0,0,5.24167203903,0.0
2010,2,6,9,0,0,5.32940483093,0.0
2010,2,7,9,0,0,4.38547420502,0.0
2010,2,8,9,0,0,3.67443585396,0.0
2010,2,9,9,0,0,4.49933385849,0.2
2010,2,10,9,0,0,1.49526798725,23.4
2010,2,11,9,0,0,3.78534555435,0.0
2010,2,12,9,0,0,3.48732256889,33.8
2010,2,13,9,0,0,2.90642237663,3.6
2010,2,14,9,0,0,2.90471792221,0.0
2010,2,15,9,0,0,4.39345026016,0.0
2010,2,16,9,0,0,3.7848200798,0.0
2010,2,17,9,0,0,1.48611342907,7.2
2010,2,18,9,0,0,1.86017727852,2.2
2010,2,19,9,0,0,4.07104206085,0.0
2010,2,20,9,0,0,4.43269348145,0.0
2010,2,21,9,0,0,4.96187973022,0.0
2010,2,22,9,0,0,4.66031980515,0.0
2010,2,23,9,0,0,4.54646873474,0.0
2010,2,24,9,0,0,2.13913106918,10.4
2010,2,25,9,0,0,2.40053796768,0.2
2010,2,26,9,0,0,4.19326019287,0.0
2010,2,27,9,0,0,4.50923109055,0.0
2010,2,28,9,0,0,2.83352613449,0.0
2010,3,1,9,0,0,3.00429821014,6.6
2010,3,2,9,0,0,2.94940805435,1.0
2010,3,3,9,0,0,2.75388932228,0.0
2010,3,4,9,0,0,4.10314702988,0.0
2010,3,5,9,0,0,3.36214637756,0.6
2010,3,6,9,0,0,4.39975452423,0.0
2010,3,7,9,0,0,4.33304929733,0.0
2010,3,8,9,0,0,4.13427829742,0.0
2010,3,9,9,0,0,3.87511849403,0.0
2010,3,10,9,0,0,3.23666834831,0.0
2010,3,11,9,0,0,3.4161438942,0.0
2010,3,12,9,0,0,2.12137246132,1.2
2010,3,13,9,0,0,2.23323750496,0.0
2010,3,14,9,0,0,2.81652355194,0.0
2010,3,15,9,0,0,3.24371194839,0.0
2010,3,16,9,0,0,2.30241441727,19.0
2010,3,17,9,0,0,3.41296100616,0.0
2010,3,18,9,0,0,2.14680504799,0.2
2010,3,19,9,0,0,2.69316792488,0.0
2010,3,20,9,0,0,1.87783098221,0.2
2010,3,21,9,0,0,1.1307861805,3.4
2010,3,22,9,0,0,1.37058103085,14.8
2010,3,23,9,0,0,2.35643434525,18.0
2010,3,24,9,0,0,0.582980811596,27.0
2010,3,25,9,0,0,1.42435693741,0.0
2010,3,26,9,0,0,2.46853494644,0.2
2010,3,27,9,0,0,1.90718185902,12.4
2010,3,28,9,0,0,2.68295478821,0.0
2010,3,29,9,0,0,1.96178638935,0.6
2010,3,30,9,0,0,0.913782417774,0.0
2010,3,31,9,0,0,1.67148959637,0.0
2010,4,1,9,0,0,1.82300400734,0.0
2010,4,2,9,0,0,1.86449182034,0.0
2010,4,3,9,0,0,2.46682095528,0.0
2010,4,4,9,0,0,0.943072199821,0.6
2010,4,5,9,0,0,1.34645342827,0.0
2010,4,6,9,0,0,1.87714016438,0.4
2010,4,7,9,0,0,2.65676593781,0.0
2010,4,8,9,0,0,2.64857172966,0.0
2010,4,9,9,0,0,2.48991394043,0.0
2010,4,10,9,0,0,2.23710155487,0.0
2010,4,11,9,0,0,2.21643018723,0.0
2010,4,12,9,0,0,2.25265169144,0.0
2010,4,13,9,0,0,1.17918097973,28.8
2010,4,14,9,0,0,1.48658764362,1.2
2010,4,15,9,0,0,1.0249158144,3.4
2010,4,16,9,0,0,2.29166412354,0.0
2010,4,17,9,0,0,1.27635931969,0.4
2010,4,18,9,0,0,1.94407272339,1.0
2010,4,19,9,0,0,0.802511096001,0.2
2010,4,20,9,0,0,2.11996078491,0.0
2010,4,21,9,0,0,1.41898298264,0.0
2010,4,22,9,0,0,1.96449577808,0.0
2010,4,23,9,0,0,0.85136282444,0.0
2010,4,24,9,0,0,0.399846524,4.2
2010,4,25,9,0,0,0.526406466961,4.6
2010,4,26,9,0,0,1.00130999088,5.2
2010,4,27,9,0,0,0.397724270821,31.6
2010,4,28,9,0,0,1.32284498215,2.0
2010,4,29,9,0,0,1.19076430798,19.6
2010,4,30,9,0,0,0.592684984207,14.0
2010,5,1,9,0,0,1.5004503727,0.0
2010,5,2,9,0,0,1.10488712788,0.0
2010,5,3,9,0,0,1.10982942581,1.0
2010,5,4,9,0,0,1.41486763954,0.0
2010,5,5,9,0,0,0.980960130692,0.0
2010,5,6,9,0,0,0.856679677963,0.2
2010,5,7,9,0,0,0.69185513258,0.8
2010,5,8,9,0,0,0.694315195084,13.0
2010,5,9,9,0,0,1.49920785427,0.0
2010,5,10,9,0,0,1.4466612339,0.0
2010,5,11,9,0,0,1.6228774786,0.0
2010,5,12,9,0,0,1.06157708168,19.4
2010,5,13,9,0,0,1.36442661285,1.4
2010,5,14,9,0,0,1.05773591995,7.0
2010,5,15,9,0,0,1.31504249573,4.0
2010,5,16,9,0,0,0.989935398102,0.4
2010,5,17,9,0,0,0.954210042953,0.0
2010,5,18,9,0,0,1.15882766247,0.0
2010,5,19,9,0,0,0.8545820117,0.0
2010,5,20,9,0,0,1.28227174282,0.0
2010,5,21,9,0,0,1.10924780369,0.0
2010,5,22,9,0,0,0.883164525032,0.2
2010,5,23,9,0,0,0.314944565296,4.2
2010,5,24,9,0,0,0.553806841373,3.0
2010,5,25,9,0,0,0.35245975852,2.2
2010,5,26,9,0,0,0.817430198193,0.0
2010,5,27,9,0,0,0.765756487846,4.8
2010,5,28,9,0,0,0.638033509254,0.4
2010,5,29,9,0,0,0.515494167805,0.2
2010,5,30,9,0,0,1.06143271923,0.0
2010,5,31,9,0,0,1.08649504185,0.0
2010,6,1,9,0,0,0.64662784338,0.2
2010,6,2,9,0,0,0.963778078556,0.0
2010,6,3,9,0,0,1.03060901165,0.0
2010,6,4,9,0,0,0.703081011772,0.0
2010,6,5,9,0,0,0.593744456768,8.2
2010,6,6,9,0,0,0.317876935005,48.6
2010,6,7,9,0,0,0.366783648729,13.8
2010,6,8,9,0,0,1.17990779877,0.0
2010,6,9,9,0,0,0.829097807407,0.0
2010,6,10,9,0,0,0.564830362797,35.6
2010,6,11,9,0,0,0.562938034534,4.4
2010,6,12,9,0,0,0.604993402958,7.2
2010,6,13,9,0,0,0.627537488937,2.4
2010,6,14,9,0,0,0.372213929892,3.2
2010,6,15,9,0,0,0.654506266117,0.0
2010,6,16,9,0,0,0.632607460022,0.0
2010,6,17,9,0,0,0.610469043255,0.2
2010,6,18,9,0,0,0.605031430721,10.0
2010,6,19,9,0,0,0.487315326929,16.8
2010,6,20,9,0,0,0.486901313066,23.0
2010,6,21,9,0,0,0.773783147335,9.2
2010,6,22,9,0,0,0.497985899448,10.0
2010,6,23,9,0,0,0.418583333492,0.6
2010,6,24,9,0,0,0.993336558342,0.0
2010,6,25,9,0,0,0.753151893616,0.0
2010,6,26,9,0,0,1.2840899229,0.0
2010,6,27,9,0,0,1.05711352825,0.0
2010,6,28,9,0,0,0.499849528074,2.0
2010,6,29,9,0,0,0.69297426939,0.0
2010,6,30,9,0,0,0.853869020939,0.0
2010,7,1,9,0,0,0.680897831917,0.0
2010,7,2,9,0,0,0.791325747967,0.6
2010,7,3,9,0,0,0.672325134277,0.8
2010,7,4,9,0,0,0.714766561985,0.0
2010,7,5,9,0,0,0.928937971592,0.0
2010,7,6,9,0,0,0.88956618309,0.0
2010,7,7,9,0,0,0.876294255257,0.0
2010,7,8,9,0,0,1.16321575642,0.2
2010,7,9,9,0,0,1.19944167137,0.0
2010,7,10,9,0,0,1.07059586048,0.0
2010,7,11,9,0,0,0.995144128799,0.0
2010,7,12,9,0,0,0.78888630867,0.0
2010,7,13,9,0,0,0.812388956547,0.0
2010,7,14,9,0,0,0.82681286335,0.0
2010,7,15,9,0,0,0.883955359459,0.0
2010,7,16,9,0,0,0.464706927538,0.0
2010,7,17,9,0,0,0.721309185028,0.0
2010,7,18,9,0,0,0.891391515732,0.6
2010,7,19,9,0,0,0.882452785969,0.0
2010,7,20,9,0,0,0.568588554859,41.2
2010,7,21,9,0,0,0.684870958328,17.2
2010,7,22,9,0,0,0.902495503426,0.2
2010,7,23,9,0,0,0.723440468311,0.0
2010,7,24,9,0,0,1.2318110466,0.0
2010,7,25,9,0,0,0.983227014542,1.0
2010,7,26,9,0,0,0.894684016705,7.0
2010,7,27,9,0,0,0.619975149632,9.0
2010,7,28,9,0,0,0.881344974041,0.8
2010,7,29,9,0,0,0.960862159729,0.2
2010,7,30,9,0,0,1.35880196095,0.0
2010,7,31,9,0,0,0.611258387566,26.4
2010,8,1,9,0,0,0.535261154175,42.2
2010,8,2,9,0,0,0.811877846718,1.4
2010,8,3,9,0,0,1.26611983776,3.2
2010,8,4,9,0,0,0.652898788452,0.0
2010,8,5,9,0,0,1.39971041679,0.0
2010,8,6,9,0,0,0.88685542345,24.0
2010,8,7,9,0,0,0.311964541674,9.8
2010,8,8,9,0,0,0.891531348228,0.0
2010,8,9,9,0,0,1.56607687473,0.0
2010,8,10,9,0,0,1.60873198509,0.0
2010,8,11,9,0,0,1.44566082954,0.0
2010,8,12,9,0,0,0.569962739944,44.0
2010,8,13,9,0,0,0.358763962984,50.0
2010,8,14,9,0,0,1.45727026463,0.0
2010,8,15,9,0,0,1.66826140881,0.0
2010,8,16,9,0,0,1.05418419838,0.2
2010,8,17,9,0,0,0.740690112114,15.8
2010,8,18,9,0,0,1.13482189178,0.0
2010,8,19,9,0,0,1.71639335155,5.8
2010,8,20,9,0,0,1.6785620451,0.0
2010,8,21,9,0,0,1.40579020977,0.2
2010,8,22,9,0,0,0.938273131847,2.4
2010,8,23,9,0,0,1.00147986412,6.4
2010,8,24,9,0,0,1.3573448658,0.2
2010,8,25,9,0,0,1.53507554531,6.8
2010,8,26,9,0,0,1.17158746719,5.4
2010,8,27,9,0,0,1.04920303822,30.8
2010,8,28,9,0,0,0.647926926613,15.8
2010,8,29,9,0,0,1.55453014374,0.0
2010,8,30,9,0,0,2.07751703262,0.0
2010,8,31,9,0,0,1.97492051125,0.0
2010,9,1,9,0,0,1.64615595341,11.2
2010,9,2,9,0,0,0.575298726559,31.4
2010,9,3,9,0,0,0.761691987514,13.8
2010,9,4,9,0,0,1.24445509911,0.6
2010,9,5,9,0,0,1.02085399628,32.0
2010,9,6,9,0,0,0.767181038857,1.4
2010,9,7,9,0,0,1.55934071541,0.4
2010,9,8,9,0,0,2.10254120827,2.2
2010,9,9,9,0,0,2.64085960388,0.0
2010,9,10,9,0,0,1.83644747734,3.0
2010,9,11,9,0,0,0.77690333128,4.2
2010,9,12,9,0,0,1.14199328423,10.4
2010,9,13,9,0,0,1.37606322765,14.2
2010,9,14,9,0,0,0.896651089191,13.4
2010,9,15,9,0,0,1.91283845901,0.2
2010,9,16,9,0,0,1.42497003078,15.2
2010,9,17,9,0,0,0.941564977169,25.8
2010,9,18,9,0,0,1.18538951874,12.2
2010,9,19,9,0,0,1.72690725327,13.6
2010,9,20,9,0,0,0.801376104355,26.0
2010,9,21,9,0,0,1.25725734234,13.6
2010,9,22,9,0,0,1.61811721325,19.8
2010,9,23,9,0,0,1.70881950855,1.8
2010,9,24,9,0,0,0.974162101746,21.4
2010,9,25,9,0,0,2.3793964386,11.8
2010,9,26,9,0,0,1.28668165207,4.6
2010,9,27,9,0,0,3.03407144547,0.0
2010,9,28,9,0,0,1.29875671864,13.6
2010,9,29,9,0,0,0.854347765446,23.2
2010,9,30,9,0,0,0.731438755989,11.0
2010,10,1,9,0,0,2.55895233154,2.0
2010,10,2,9,0,0,2.51518559456,0.0
2010,10,3,9,0,0,3.40903043747,0.0
2010,10,4,9,0,0,3.23999357224,0.0
2010,10,5,9,0,0,2.62833428383,0.0
2010,10,6,9,0,0,1.9678093195,0.0
2010,10,7,9,0,0,3.11137962341,0.0
2010,10,8,9,0,0,1.40439975262,14.6
2010,10,9,9,0,0,1.38577055931,8.0
2010,10,10,9,0,0,1.14213693142,13.6
2010,10,11,9,0,0,3.34250473976,0.0
2010,10,12,9,0,0,4.02641296387,0.0
2010,10,13,9,0,0,4.3248591423,0.0
2010,10,14,9,0,0,4.61554145813,0.0
2010,10,15,9,0,0,4.22126197815,0.0
2010,10,16,9,0,0,4.19086265564,9.6
2010,10,17,9,0,0,1.62180256844,23.0
2010,10,18,9,0,0,1.93491625786,7.4
2010,10,19,9,0,0,1.62494087219,10.8
2010,10,20,9,0,0,2.7944662571,12.4
2010,10,21,9,0,0,2.34847688675,2.0
2010,10,22,9,0,0,3.89150261879,0.0
2010,10,23,9,0,0,4.25437545776,0.0
2010,10,24,9,0,0,2.71323442459,0.0
2010,10,25,9,0,0,2.37733197212,0.0
2010,10,26,9,0,0,4.43424701691,0.0
2010,10,27,9,0,0,3.66316843033,0.0
2010,10,28,9,0,0,2.69282531738,0.0
2010,10,29,9,0,0,2.65850114822,0.0
2010,10,30,9,0,0,5.02150964737,0.0
2010,10,31,9,0,0,4.81780147552,0.0
2010,11,1,9,0,0,4.29700565338,0.0
2010,11,2,9,0,0,4.26601886749,0.0
2010,11,3,9,0,0,4.18040561676,0.0
2010,11,4,9,0,0,2.09085226059,4.2
2010,11,5,9,0,0,2.06621026993,2.0
2010,11,6,9,0,0,4.81712865829,0.0
2010,11,7,9,0,0,5.09242486954,0.0
2010,11,8,9,0,0,2.63132834435,0.0
2010,11,9,9,0,0,5.10213088989,0.0
2010,11,10,9,0,0,5.22238683701,0.0
2010,11,11,9,0,0,4.01957273483,0.0
2010,11,12,9,0,0,3.64544582367,0.0
2010,11,13,9,0,0,5.16650152206,0.0
2010,11,14,9,0,0,1.06834459305,3.6
2010,11,15,9,0,0,4.53639602661,0.0
2010,11,16,9,0,0,3.87266874313,0.0
2010,11,17,9,0,0,4.65316534042,0.0
2010,11,18,9,0,0,4.77919864655,0.0
2010,11,19,9,0,0,2.87876534462,0.0
2010,11,20,9,0,0,1.36690843105,7.2
2010,11,21,9,0,0,3.56244754791,0.2
2010,11,22,9,0,0,5.10148286819,0.0
2010,11,23,9,0,0,4.8917388916,0.0
2010,11,24,9,0,0,5.88510704041,0.0
2010,11,25,9,0,0,5.63165998459,0.0
2010,11,26,9,0,0,6.76798963547,0.0
2010,11,27,9,0,0,6.53850460052,0.0
2010,11,28,9,0,0,5.71438074112,0.0
2010,11,29,9,0,0,7.31506252289,0.0
2010,11,30,9,0,0,6.71777200699,0.0
2010,12,1,9,0,0,4.61408853531,0.0
2010,12,2,9,0,0,6.8321056366,0.0
2010,12,3,9,0,0,5.07643604279,0.0
2010,12,4,9,0,0,6.19984149933,0.0
2010,12,5,9,0,0,5.32613945007,0.0
2010,12,6,9,0,0,3.88376522064,0.0
2010,12,7,9,0,0,4.73366880417,0.0
2010,12,8,9,0,0,4.93085479736,0.0
2010,12,9,9,0,0,4.76495409012,0.0
2010,12,10,9,0,0,3.9829750061,3.6
2010,12,11,9,0,0,4.4783115387,0.0
2010,12,12,9,0,0,4.92315149307,2.4
2010,12,13,9,0,0,2.59813094139,0.2
2010,12,14,9,0,0,5.50636339188,0.0
2010,12,15,9,0,0,6.8720498085,0.0
2010,12,16,9,0,0,3.33636474609,20.0
2010,12,17,9,0,0,1.22154653072,39.8
2010,12,18,9,0,0,5.75135421753,10.2
2010,12,19,9,0,0,2.21109032631,28.6
2010,12,20,9,0,0,1.91165554523,33.0
2010,12,21,9,0,0,1.67676198483,8.8
2010,12,22,9,0,0,3.35330724716,4.0
2010,12,23,9,0,0,5.06794643402,4.6
2010,12,24,9,0,0,2.64958310127,6.8
2010,12,25,9,0,0,4.22815704346,0.0
2010,12,26,9,0,0,4.03091001511,4.8
2010,12,27,9,0,0,2.39131760597,71.2
2010,12,28,9,0,0,1.75463116169,5.4
2010,12,29,9,0,0,6.20879364014,0.0
2010,12,30,9,0,0,5.1585316658,0.0
2010,12,31,9,0,0,3.96174860001,0.0
2011,1,1,9,0,0,6.13625621796,0.0
2011,1,2,9,0,0,2.39854049683,0.2
2011,1,3,9,0,0,4.47677755356,0.0
2011,1,4,9,0,0,3.99650335312,0.0
2011,1,5,9,0,0,1.97329580784,6.2
2011,1,6,9,0,0,2.2388510704,11.6
2011,1,7,9,0,0,5.16058206558,0.0
2011,1,8,9,0,0,6.41321372986,0.0
2011,1,9,9,0,0,7.22140312195,0.0
2011,1,10,9,0,0,6.12021827698,0.0
2011,1,11,9,0,0,4.78388738632,0.0
2011,1,12,9,0,0,4.27842950821,0.0
2011,1,13,9,0,0,5.10122585297,0.0
2011,1,14,9,0,0,6.69136381149,0.0
2011,1,15,9,0,0,4.18127202988,0.0
2011,1,16,9,0,0,3.22358036041,0.0
2011,1,17,9,0,0,5.47709989548,0.8
2011,1,18,9,0,0,0.661147594452,83.6
2011,1,19,9,0,0,4.66458749771,0.0
2011,1,20,9,0,0,4.90675783157,0.0
2011,1,21,9,0,0,3.31239652634,0.0
2011,1,22,9,0,0,6.00990819931,0.0
2011,1,23,9,0,0,3.77112317085,0.0
2011,1,24,9,0,0,7.2697224617,0.0
2011,1,25,9,0,0,6.10611152649,0.0
2011,1,26,9,0,0,6.07563877106,0.0
2011,1,27,9,0,0,6.31973171234,0.0
2011,1,28,9,0,0,5.15276145935,11.8
2011,1,29,9,0,0,3.67981028557,0.0
2011,1,30,9,0,0,2.73324203491,18.2
2011,1,31,9,0,0,2.75787067413,4.8
2011,2,1,9,0,0,4.15690660477,0.2
2011,2,2,9,0,0,2.08620977402,2.2
2011,2,3,9,0,0,3.12574791908,14.4
2011,2,4,9,0,0,4.43010044098,0.2
2011,2,5,9,0,0,4.66143035889,0.0
2011,2,6,9,0,0,4.17504692078,0.0
2011,2,7,9,0,0,1.99870634079,17.6
2011,2,8,9,0,0,5.2361240387,1.4
2011,2,9,9,0,0,5.04798364639,0.0
2011,2,10,9,0,0,5.25864171982,0.0
2011,2,11,9,0,0,5.69421434402,0.0
2011,2,12,9,0,0,4.65124320984,0.0
2011,2,13,9,0,0,2.37742328644,9.6
2011,2,14,9,0,0,3.86106920242,0.0
2011,2,15,9,0,0,5.42599201202,0.0
2011,2,16,9,0,0,5.90064287186,0.0
2011,2,17,9,0,0,5.66818761826,0.0
2011,2,18,9,0,0,3.73365211487,0.0
2011,2,19,9,0,0,3.31146907806,3.0
2011,2,20,9,0,0,3.89961600304,0.0
2011,2,21,9,0,0,3.92756795883,0.0
2011,2,22,9,0,0,1.49632561207,13.8
2011,2,23,9,0,0,3.14651560783,0.0
2011,2,24,9,0,0,4.5442199707,0.0
2011,2,25,9,0,0,3.26950526237,0.0
2011,2,26,9,0,0,3.96163344383,2.4
2011,2,27,9,0,0,3.18964481354,0.0
2011,2,28,9,0,0,3.66759300232,0.0
2011,3,1,9,0,0,2.25905871391,39.4
2011,3,2,9,0,0,2.2374112606,0.6
2011,3,3,9,0,0,4.59232997894,29.6
2011,3,4,9,0,0,2.72177147865,8.4
2011,3,5,9,0,0,2.41985750198,9.8
2011,3,6,9,0,0,3.52115106583,0.0
2011,3,7,9,0,0,4.50119304657,0.0
2011,3,8,9,0,0,3.7277944088,0.0
2011,3,9,9,0,0,3.91094756126,0.0
2011,3,10,9,0,0,4.42297554016,0.0
2011,3,11,9,0,0,2.67968249321,0.8
2011,3,12,9,0,0,3.8643643856,0.0
2011,3,13,9,0,0,4.19576978683,0.0
2011,3,14,9,0,0,4.0426235199,0.4
2011,3,15,9,0,0,2.64569330215,4.6
2011,3,16,9,0,0,1.49213957787,2.6
2011,3,17,9,0,0,1.49410736561,26.2
2011,3,18,9,0,0,3.69329547882,0.8
2011,3,19,9,0,0,2.8708357811,0.6
2011,3,20,9,0,0,3.71440553665,0.0
2011,3,21,9,0,0,3.79694509506,0.0
2011,3,22,9,0,0,3.99096250534,0.0
2011,3,23,9,0,0,3.97418498993,0.0
2011,3,24,9,0,0,3.93288588524,0.0
2011,3,25,9,0,0,3.68045186996,2.4
2011,3,26,9,0,0,2.91805744171,0.0
2011,3,27,9,0,0,1.06346726418,11.4
2011,3,28,9,0,0,2.34554862976,0.0
2011,3,29,9,0,0,2.84342384338,0.0
2011,3,30,9,0,0,3.61468935013,0.0
2011,3,31,9,0,0,2.73146295547,0.0
2011,4,1,9,0,0,3.1758980751,0.0
2011,4,2,9,0,0,3.18749475479,0.0
2011,4,3,9,0,0,1.38691139221,17.0
2011,4,4,9,0,0,0.652224898338,45.4
2011,4,5,9,0,0,2.40599370003,0.0
2011,4,6,9,0,0,1.78820168972,14.0
2011,4,7,9,0,0,2.50790834427,0.0
2011,4,8,9,0,0,3.08098340034,0.0
2011,4,9,9,0,0,1.87535834312,0.0
2011,4,10,9,0,0,1.24089229107,0.0
2011,4,11,9,0,0,2.07043147087,0.0
2011,4,12,9,0,0,2.76064276695,0.0
2011,4,13,9,0,0,1.2144151926,0.0
2011,4,14,9,0,0,1.49869191647,30.4
2011,4,15,9,0,0,1.55127370358,15.6
2011,4,16,9,0,0,1.21493077278,19.2
2011,4,17,9,0,0,1.09402596951,9.2
2011,4,18,9,0,0,2.20927906036,0.0
2011,4,19,9,0,0,1.96715056896,1.4
2011,4,20,9,0,0,1.85066962242,0.0
2011,4,21,9,0,0,2.17435789108,0.0
2011,4,22,9,0,0,1.28992760181,13.4
2011,4,23,9,0,0,1.23666715622,16.2
2011,4,24,9,0,0,0.981132507324,2.6
2011,4,25,9,0,0,1.11739969254,1.8
2011,4,26,9,0,0,2.90431785583,0.0
2011,4,27,9,0,0,2.43826770782,0.0
2011,4,28,9,0,0,2.32886958122,0.0
2011,4,29,9,0,0,2.19237351418,0.0
2011,4,30,9,0,0,2.1987259388,0.0
2011,5,1,9,0,0,1.73331236839,0.0
2011,5,2,9,0,0,1.13285589218,6.6
2011,5,3,9,0,0,1.62390172482,10.4
2011,5,4,9,0,0,0.991215646267,14.8
2011,5,5,9,0,0,1.05434608459,3.2
2011,5,6,9,0,0,1.16321468353,1.2
2011,5,7,9,0,0,0.575307846069,20.2
2011,5,8,9,0,0,0.838122010231,5.2
2011,5,9,9,0,0,1.39818370342,1.4
2011,5,10,9,0,0,1.44559931755,0.0
2011,5,11,9,0,0,1.03912055492,26.0
2011,5,12,9,0,0,1.0360609293,0.2
2011,5,13,9,0,0,0.657844901085,43.4
2011,5,14,9,0,0,1.1527556181,32.0
2011,5,15,9,0,0,0.638148903847,24.6
2011,5,16,9,0,0,0.706527769566,12.6
2011,5,17,9,0,0,0.796342134476,18.8
2011,5,18,9,0,0,1.53131735325,1.4
2011,5,19,9,0,0,0.78278785944,1.6
2011,5,20,9,0,0,0.75541806221,1.4
2011,5,21,9,0,0,1.5054346323,0.0
2011,5,22,9,0,0,0.897914350033,0.0
2011,5,23,9,0,0,0.747364044189,0.0
2011,5,24,9,0,0,0.867654502392,57.0
2011,5,25,9,0,0,0.42608037591,59.8
2011,5,26,9,0,0,0.942420423031,8.8
2011,5,27,9,0,0,0.971703112125,6.2
2011,5,28,9,0,0,0.960944831371,1.8
2011,5,29,9,0,0,0.713642656803,0.4
2011,5,30,9,0,0,0.758506178856,0.8
2011,5,31,9,0,0,1.13614809513,0.2
2011,6,1,9,0,0,1.17902052402,0.0
2011,6,2,9,0,0,0.893866837025,0.0
2011,6,3,9,0,0,0.748153209686,0.2
2011,6,4,9,0,0,0.544160664082,21.6
2011,6,5,9,0,0,0.659244120121,2.6
2011,6,6,9,0,0,0.880361795425,15.6
2011,6,7,9,0,0,0.516788184643,8.2
2011,6,8,9,0,0,0.889771401882,0.2
2011,6,9,9,0,0,1.00461876392,0.8
2011,6,10,9,0,0,0.34811848402,16.2
2011,6,11,9,0,0,0.529616355896,0.8
2011,6,12,9,0,0,0.912110567093,0.6
2011,6,13,9,0,0,0.699165940285,0.0
2011,6,14,9,0,0,1.09634459019,0.4
2011,6,15,9,0,0,0.641305506229,2.6
2011,6,16,9,0,0,1.02277457714,0.0
2011,6,17,9,0,0,0.764278411865,1.2
2011,6,18,9,0,0,0.578975498676,4.6
2011,6,19,9,0,0,0.940697908401,6.0
2011,6,20,9,0,0,1.03339040279,0.0
2011,6,21,9,0,0,0.787151455879,0.0
2011,6,22,9,0,0,0.867604374886,7.0
2011,6,23,9,0,0,0.331861138344,12.4
2011,6,24,9,0,0,0.739240169525,0.8
2011,6,25,9,0,0,0.709322750568,0.2
2011,6,26,9,0,0,1.06906759739,0.0
2011,6,27,9,0,0,0.48790293932,1.2
2011,6,28,9,0,0,0.740613996983,0.0
2011,6,29,9,0,0,1.69128739834,0.0
2011,6,30,9,0,0,1.11669671535,0.0
2011,7,1,9,0,0,0.852551519871,0.0
2011,7,2,9,0,0,0.634410619736,0.0
2011,7,3,9,0,0,0.586426794529,0.0
2011,7,4,9,0,0,0.889234364033,0.0
2011,7,5,9,0,0,0.71522551775,7.6
2011,7,6,9,0,0,0.445048362017,27.8
2011,7,7,9,0,0,0.383486449718,33.0
2011,7,8,9,0,0,0.557035267353,27.2
2011,7,9,9,0,0,0.589484333992,25.0
2011,7,10,9,0,0,0.921109139919,26.8
2011,7,11,9,0,0,0.701464474201,14.4
2011,7,12,9,0,0,0.489884525537,31.0
2011,7,13,9,0,0,0.557038545609,17.8
2011,7,14,9,0,0,0.639231622219,10.6
2011,7,15,9,0,0,1.05239260197,0.0
2011,7,16,9,0,0,0.879895329475,0.0
2011,7,17,9,0,0,1.05382275581,0.0
2011,7,18,9,0,0,0.728399336338,0.0
2011,7,19,9,0,0,0.952776193619,0.0
2011,7,20,9,0,0,0.585633814335,0.0
2011,7,21,9,0,0,0.785458028316,0.0
2011,7,22,9,0,0,1.52047121525,0.0
2011,7,23,9,0,0,0.9260160923,0.0
2011,7,24,9,0,0,0.614613592625,0.6
2011,7,25,9,0,0,1.38573288918,0.0
2011,7,26,9,0,0,1.00138986111,1.2
2011,7,27,9,0,0,1.00373983383,4.0
2011,7,28,9,0,0,0.749670028687,2.4
2011,7,29,9,0,0,0.578716635704,11.0
2011,7,30,9,0,0,1.39228153229,0.0
2011,7,31,9,0,0,1.21491718292,0.0
2011,8,1,9,0,0,1.00315284729,0.0
2011,8,2,9,0,0,0.929519534111,0.0
2011,8,3,9,0,0,1.25650930405,0.0
2011,8,4,9,0,0,0.662174582481,2.6
2011,8,5,9,0,0,1.43516564369,0.0
2011,8,6,9,0,0,0.478157669306,18.0
2011,8,7,9,0,0,0.7803992033,10.2
2011,8,8,9,0,0,1.1099691391,3.0
2011,8,9,9,0,0,1.54087138176,0.0
2011,8,10,9,0,0,1.41371023655,0.0
2011,8,11,9,0,0,0.861130475998,0.0
2011,8,12,9,0,0,0.986648142338,0.2
2011,8,13,9,0,0,1.25607132912,2.6
2011,8,14,9,0,0,0.795836210251,4.6
2011,8,15,9,0,0,0.793770194054,1.6
2011,8,16,9,0,0,1.40806865692,4.6
2011,8,17,9,0,0,1.47483468056,0.0
2011,8,18,9,0,0,1.77887248993,0.0
2011,8,19,9,0,0,1.86047875881,0.0
2011,8,20,9,0,0,2.00415468216,0.0
2011,8,21,9,0,0,1.83281290531,0.0
2011,8,22,9,0,0,1.3482735157,0.0
2011,8,23,9,0,0,1.95864987373,0.2
2011,8,24,9,0,0,1.71345067024,0.0
2011,8,25,9,0,0,1.39166653156,0.4
2011,8,26,9,0,0,1.20023357868,3.8
2011,8,27,9,0,0,1.59948992729,0.2
2011,8,28,9,0,0,1.73862564564,0.2
2011,8,29,9,0,0,0.572129070759,28.4
2011,8,30,9,0,0,0.954795539379,1.4
2011,8,31,9,0,0,1.98378252983,3.0
2011,9,1,9,0,0,1.85702848434,1.8
2011,9,2,9,0,0,2.15681195259,1.2
2011,9,3,9,0,0,1.38951003551,0.4
2011,9,4,9,0,0,1.51528143883,0.2
2011,9,5,9,0,0,1.97785294056,0.0
2011,9,6,9,0,0,1.35226655006,0.0
2011,9,7,9,0,0,1.59831726551,0.0
2011,9,8,9,0,0,1.51103198528,19.2
2011,9,9,9,0,0,1.89046728611,0.0
2011,9,10,9,0,0,1.05722463131,1.2
2011,9,11,9,0,0,1.01710939407,9.8
2011,9,12,9,0,0,2.17985725403,13.4
2011,9,13,9,0,0,1.51270055771,17.4
2011,9,14,9,0,0,2.06628322601,8.2
2011,9,15,9,0,0,1.30402243137,17.2
2011,9,16,9,0,0,1.56357300282,7.8
2011,9,17,9,0,0,2.24099230766,0.0
2011,9,18,9,0,0,3.1739859581,0.4
2011,9,19,9,0,0,1.48148751259,7.4
2011,9,20,9,0,0,3.03790736198,0.0
2011,9,21,9,0,0,2.44631958008,0.0
2011,9,22,9,0,0,2.16866493225,0.0
2011,9,23,9,0,0,2.85143303871,0.0
2011,9,24,9,0,0,1.61495935917,2.6
2011,9,25,9,0,0,1.97219538689,6.0
2011,9,26,9,0,0,2.54615402222,0.2
2011,9,27,9,0,0,2.28903532028,0.4
2011,9,28,9,0,0,2.64193487167,0.0
2011,9,29,9,0,0,3.35177373886,0.0
2011,9,30,9,0,0,3.72388911247,0.0
2011,10,1,9,0,0,1.67776846886,38.8
2011,10,2,9,0,0,1.68706285954,55.4
2011,10,3,9,0,0,1.20089197159,8.8
2011,10,4,9,0,0,1.96958637238,0.0
2011,10,5,9,0,0,3.5858361721,0.0
2011,10,6,9,0,0,3.58566236496,0.0
2011,10,7,9,0,0,2.1523194313,0.0
2011,10,8,9,0,0,2.2474219799,0.4
2011,10,9,9,0,0,3.00534319878,0.0
2011,10,10,9,0,0,2.61500263214,12.8
2011,10,11,9,0,0,2.37124228477,0.0
2011,10,12,9,0,0,2.92789435387,1.2
2011,10,13,9,0,0,3.06980633736,0.6
2011,10,14,9,0,0,1.81873834133,8.4
2011,10,15,9,0,0,2.24617815018,4.8
2011,10,16,9,0,0,3.36428833008,0.0
2011,10,17,9,0,0,2.90649485588,8.2
2011,10,18,9,0,0,3.16785883904,2.2
2011,10,19,9,0,0,2.28296279907,0.0
2011,10,20,9,0,0,3.55305600166,0.0
2011,10,21,9,0,0,2.54047298431,4.8
2011,10,22,9,0,0,2.84277534485,0.4
2011,10,23,9,0,0,4.49767208099,0.0
2011,10,24,9,0,0,3.49080634117,0.0
2011,10,25,9,0,0,1.33544564247,8.0
2011,10,26,9,0,0,1.95233380795,3.2
2011,10,27,9,0,0,3.55435705185,0.0
2011,10,28,9,0,0,4.03399658203,0.4
2011,10,29,9,0,0,2.57569646835,0.2
2011,10,30,9,0,0,3.8342602253,0.6
2011,10,31,9,0,0,3.00703406334,0.2
2011,11,1,9,0,0,1.74159741402,13.0
2011,11,2,9,0,0,1.66818761826,10.8
2011,11,3,9,0,0,2.29519820213,15.8
2011,11,4,9,0,0,1.94048798084,20.0
2011,11,5,9,0,0,2.84743952751,0.2
2011,11,6,9,0,0,3.57399177551,0.0
2011,11,7,9,0,0,4.28581953049,0.0
2011,11,8,9,0,0,1.2262326479,3.0
2011,11,9,9,0,0,1.84091830254,6.0
2011,11,10,9,0,0,5.45983886719,0.0
2011,11,11,9,0,0,4.37960338593,1.2
2011,11,12,9,0,0,2.59160661697,0.0
2011,11,13,9,0,0,4.05526685715,0.0
2011,11,14,9,0,0,4.16322040558,4.6
2011,11,15,9,0,0,3.28309631348,1.4
2011,11,16,9,0,0,5.09405565262,0.0
2011,11,17,9,0,0,4.84080791473,7.0
2011,11,18,9,0,0,3.24790620804,1.0
2011,11,19,9,0,0,4.55154132843,0.0
2011,11,20,9,0,0,1.21894490719,55.8
2011,11,21,9,0,0,1.15045821667,3.2
2011,11,22,9,0,0,4.55244350433,1.6
2011,11,23,9,0,0,0.663628935814,54.2
2011,11,24,9,0,0,3.6033437252,0.8
2011,11,25,9,0,0,3.91538763046,0.0
2011,11,26,9,0,0,4.20070838928,0.0
2011,11,27,9,0,0,5.50729894638,1.0
2011,11,28,9,0,0,1.80475747585,6.6
2011,11,29,9,0,0,5.14038276672,0.0
2011,11,30,9,0,0,6.4356098175,0.0
2011,12,1,9,0,0,4.76077842712,0.0
2011,12,2,9,0,0,5.18499135971,0.0
2011,12,3,9,0,0,4.86358118057,23.2
2011,12,4,9,0,0,2.53549695015,13.6
2011,12,5,9,0,0,4.06914186478,0.0
2011,12,6,9,0,0,1.50134241581,14.0
2011,12,7,9,0,0,3.15844893456,0.2
2011,12,8,9,0,0,4.9855966568,0.0
2011,12,9,9,0,0,6.14308357239,0.0
2011,12,10,9,0,0,4.8575091362,0.0
2011,12,11,9,0,0,5.67706298828,0.0
2011,12,12,9,0,0,2.57987809181,2.2
2011,12,13,9,0,0,6.21333932877,9.0
2011,12,14,9,0,0,0.91878259182,60.2
2011,12,15,9,0,0,1.53865730762,1.8
2011,12,16,9,0,0,2.69148564339,1.8
2011,12,17,9,0,0,6.38703393936,0.0
2011,12,18,9,0,0,5.80545759201,0.4
2011,12,19,9,0,0,3.84795451164,1.0
2011,12,20,9,0,0,5.76743173599,8.0
2011,12,21,9,0,0,4.82123565674,21.8
2011,12,22,9,0,0,5.34278154373,0.4
2011,12,23,9,0,0,5.90354919434,0.0
2011,12,24,9,0,0,6.39275693893,0.0
2011,12,25,9,0,0,6.61172437668,0.0
2011,12,26,9,0,0,6.84881401062,0.0
2011,12,27,9,0,0,6.55480241776,0.0
2011,12,28,9,0,0,3.98654794693,0.0
2011,12,29,9,0,0,1.50344133377,29.4
2011,12,30,9,0,0,0.76092004776,23.8
2011,12,31,9,0,0,5.61151361465,0.0
2012,1,1,9,0,0,6.01152563095,0.0
2012,1,2,9,0,0,6.7143945694,0.0
2012,1,3,9,0,0,3.12116599083,0.0
2012,1,4,9,0,0,5.98877620697,0.0
2012,1,5,9,0,0,5.94693183899,0.0
2012,1,6,9,0,0,5.31053543091,0.0
2012,1,7,9,0,0,5.28322887421,0.0
2012,1,8,9,0,0,7.080057621,0.0
2012,1,9,9,0,0,4.53950452805,0.2
2012,1,10,9,0,0,3.25602030754,3.0
2012,1,11,9,0,0,5.20424938202,19.6
2012,1,12,9,0,0,3.01445841789,16.6
2012,1,13,9,0,0,1.75476777554,26.6
2012,1,14,9,0,0,2.49003458023,5.0
2012,1,15,9,0,0,1.88627541065,13.0
2012,1,16,9,0,0,5.24131393433,0.0
2012,1,17,9,0,0,6.0439915657,0.0
2012,1,18,9,0,0,5.69822788239,0.0
2012,1,19,9,0,0,3.50417661667,0.0
2012,1,20,9,0,0,5.95536518097,0.0
2012,1,21,9,0,0,5.20909929276,8.6
2012,1,22,9,0,0,3.06799554825,2.8
2012,1,23,9,0,0,5.10270309448,0.0
2012,1,24,9,0,0,6.457862854,0.0
2012,1,25,9,0,0,4.51147031784,0.0
2012,1,26,9,0,0,3.02943873405,9.8
2012,1,27,9,0,0,3.94652891159,0.4
2012,1,28,9,0,0,2.87108564377,1.6
2012,1,29,9,0,0,3.25156021118,0.2
2012,1,30,9,0,0,6.01802492142,0.0
2012,1,31,9,0,0,3.1075861454,0.0
2012,2,1,9,0,0,3.01847267151,7.8
2012,2,2,9,0,0,2.42417860031,0.4
2012,2,3,9,0,0,4.43816518784,0.0
2012,2,4,9,0,0,4.37198400497,0.0
2012,2,5,9,0,0,3.66030573845,0.4
2012,2,6,9,0,0,2.29356145859,3.4
2012,2,7,9,0,0,4.93822193146,0.0
2012,2,8,9,0,0,5.32969284058,0.0
2012,2,9,9,0,0,4.08752679825,0.0
2012,2,10,9,0,0,2.70097351074,2.4
2012,2,11,9,0,0,5.16775608063,0.0
2012,2,12,9,0,0,3.40300178528,0.0
2012,2,13,9,0,0,5.08787107468,1.0
2012,2,14,9,0,0,2.54837298393,0.2
2012,2,15,9,0,0,3.0898938179,13.2
2012,2,16,9,0,0,5.72204828262,0.0
2012,2,17,9,0,0,4.99420261383,0.0
2012,2,18,9,0,0,4.76713466644,0.0
2012,2,19,9,0,0,4.53656244278,1.4
2012,2,20,9,0,0,3.34458303452,0.0
2012,2,21,9,0,0,1.70993602276,4.0
2012,2,22,9,0,0,1.31259036064,50.6
2012,2,23,9,0,0,2.76005840302,1.8
2012,2,24,9,0,0,2.13236832619,10.2
2012,2,25,9,0,0,2.64212274551,0.8
2012,2,26,9,0,0,1.8480989933,0.0
2012,2,27,9,0,0,3.62774276733,0.0
2012,2,28,9,0,0,4.24630641937,0.0
2012,2,29,9,0,0,1.59280848503,7.6
2012,3,1,9,0,0,3.05931282043,1.6
2012,3,2,9,0,0,0.955409526825,13.0
2012,3,3,9,0,0,3.24360823631,0.0
2012,3,4,9,0,0,4.58860635757,0.0
2012,3,5,9,0,0,3.42704701424,0.0
2012,3,6,9,0,0,1.72166144848,0.0
2012,3,7,9,0,0,2.3587770462,0.0
2012,3,8,9,0,0,4.51047277451,0.0
2012,3,9,9,0,0,4.61646509171,0.0
2012,3,10,9,0,0,3.72868394852,3.6
2012,3,11,9,0,0,1.02099430561,14.0
2012,3,12,9,0,0,2.98482584953,0.0
2012,3,13,9,0,0,3.87907958031,0.0
2012,3,14,9,0,0,3.26993179321,0.0
2012,3,15,9,0,0,2.11962175369,0.0
2012,3,16,9,0,0,3.21412873268,0.0
2012,3,17,9,0,0,3.73860168457,0.0
2012,3,18,9,0,0,1.5999802351,3.0
2012,3,19,9,0,0,3.10636138916,0.2
2012,3,20,9,0,0,4.45280361176,0.0
2012,3,21,9,0,0,4.00842523575,3.0
2012,3,22,9,0,0,1.39213144779,24.8
2012,3,23,9,0,0,1.94426655769,0.8
2012,3,24,9,0,0,1.30046319962,16.4
2012,3,25,9,0,0,1.34902215004,13.0
2012,3,26,9,0,0,1.97255814075,0.0
2012,3,27,9,0,0,2.15794897079,0.0
2012,3,28,9,0,0,3.23476028442,0.0
2012,3,29,9,0,0,3.12683272362,0.0
2012,3,30,9,0,0,2.95309281349,0.0
2012,3,31,9,0,0,2.97461891174,0.0
2012,4,1,9,0,0,2.33299040794,0.0
2012,4,2,9,0,0,3.30073428154,0.0
2012,4,3,9,0,0,3.68568229675,0.0
2012,4,4,9,0,0,3.21219038963,0.0
2012,4,5,9,0,0,3.31153392792,0.0
2012,4,6,9,0,0,3.18839502335,0.0
2012,4,7,9,0,0,2.99876928329,0.0
2012,4,8,9,0,0,3.05258345604,0.0
2012,4,9,9,0,0,2.22668838501,0.2
2012,4,10,9,0,0,1.55181694031,12.4
2012,4,11,9,0,0,0.44950529933,16.0
2012,4,12,9,0,0,2.35499501228,0.0
2012,4,13,9,0,0,1.43880569935,0.4
2012,4,14,9,0,0,2.80175685883,0.0
2012,4,15,9,0,0,2.2097659111,0.0
2012,4,16,9,0,0,2.65552258492,0.0
2012,4,17,9,0,0,1.91026759148,0.0
2012,4,18,9,0,0,2.51817464828,0.0
2012,4,19,9,0,0,2.62904405594,0.0
2012,4,20,9,0,0,1.40001928806,0.0
2012,4,21,9,0,0,1.34071028233,0.0
2012,4,22,9,0,0,1.86028313637,0.0
2012,4,23,9,0,0,1.29250216484,0.0
2012,4,24,9,0,0,1.51373338699,0.0
2012,4,25,9,0,0,1.89608359337,0.0
2012,4,26,9,0,0,2.02737569809,26.6
2012,4,27,9,0,0,1.19140172005,12.6
2012,4,28,9,0,0,1.5129404068,0.0
2012,4,29,9,0,0,1.02868294716,26.6
2012,4,30,9,0,0,1.15027344227,6.6
2012,5,1,9,0,0,1.91154789925,0.0
2012,5,2,9,0,0,1.73452246189,0.0
2012,5,3,9,0,0,1.73994958401,0.0
2012,5,4,9,0,0,1.58740222454,0.0
2012,5,5,9,0,0,1.56194555759,0.0
2012,5,6,9,0,0,1.13365066051,0.0
2012,5,7,9,0,0,1.48969125748,0.0
2012,5,8,9,0,0,1.16724836826,0.0
2012,5,9,9,0,0,2.03587961197,0.8
2012,5,10,9,0,0,0.553799033165,8.0
2012,5,11,9,0,0,0.809086382389,1.8
2012,5,12,9,0,0,0.994060814381,4.4
2012,5,13,9,0,0,0.821094691753,8.6
2012,5,14,9,0,0,0.491748541594,22.0
2012,5,15,9,0,0,0.961631536484,6.8
2012,5,16,9,0,0,1.29927444458,0.0
2012,5,17,9,0,0,0.715478539467,8.4
2012,5,18,9,0,0,0.790650844574,3.0
2012,5,19,9,0,0,1.32880246639,0.0
2012,5,20,9,0,0,1.02023601532,0.0
2012,5,21,9,0,0,1.27633464336,0.0
2012,5,22,9,0,0,1.26641571522,0.0
2012,5,23,9,0,0,0.964282035828,0.0
2012,5,24,9,0,0,0.997308194637,2.0
2012,5,25,9,0,0,1.19067680836,0.0
2012,5,26,9,0,0,0.501425147057,16.2
2012,5,27,9,0,0,0.612901806831,15.2
2012,5,28,9,0,0,0.783768057823,4.8
2012,5,29,9,0,0,1.22532701492,0.0
2012,5,30,9,0,0,0.918649554253,0.2
2012,5,31,9,0,0,0.965406835079,0.0
2012,6,1,9,0,0,0.928260207176,0.0
2012,6,2,9,0,0,0.935947656631,0.0
2012,6,3,9,0,0,0.665136516094,1.8
2012,6,4,9,0,0,0.990274429321,0.0
2012,6,5,9,0,0,0.369380921125,94.6
2012,6,6,9,0,0,0.242788210511,18.0
2012,6,7,9,0,0,0.655866742134,1.0
2012,6,8,9,0,0,0.563614547253,11.2
2012,6,9,9,0,0,0.702693045139,9.8
2012,6,10,9,0,0,0.828612446785,1.0
2012,6,11,9,0,0,0.697400450706,4.8
2012,6,12,9,0,0,1.17450034618,0.0
2012,6,13,9,0,0,0.987604439259,0.0
2012,6,14,9,0,0,0.912152647972,0.0
2012,6,15,9,0,0,1.42144215107,0.0
2012,6,16,9,0,0,1.18183159828,0.0
2012,6,17,9,0,0,0.652052521706,13.8
2012,6,18,9,0,0,0.361393660307,8.8
2012,6,19,9,0,0,0.51243853569,4.4
2012,6,20,9,0,0,0.637836813927,0.2
2012,6,21,9,0,0,1.02546346188,0.0
2012,6,22,9,0,0,0.612857878208,0.8
2012,6,23,9,0,0,0.418379604816,31.2
2012,6,24,9,0,0,0.737484872341,14.4
2012,6,25,9,0,0,0.649297654629,25.8
2012,6,26,9,0,0,0.528723180294,9.4
2012,6,27,9,0,0,0.269095093012,23.8
2012,6,28,9,0,0,0.528940081596,24.8
2012,6,29,9,0,0,1.04729151726,0.4
2012,6,30,9,0,0,0.989562153816,0.0
2012,7,1,9,0,0,0.942013382912,0.0
2012,7,2,9,0,0,1.01129937172,0.2
2012,7,3,9,0,0,1.09813129902,0.0
2012,7,4,9,0,0,1.02605903149,0.0
2012,7,5,9,0,0,0.937271773815,0.0
2012,7,6,9,0,0,1.08117461205,0.2
2012,7,7,9,0,0,1.01222801208,0.0
2012,7,8,9,0,0,0.997412145138,0.2
2012,7,9,9,0,0,0.681199848652,0.0
2012,7,10,9,0,0,0.730933129787,0.0
2012,7,11,9,0,0,0.981444180012,0.0
2012,7,12,9,0,0,0.535562753677,0.2
2012,7,13,9,0,0,0.501152694225,28.8
2012,7,14,9,0,0,0.394648045301,73.6
2012,7,15,9,0,0,0.661587059498,3.6
2012,7,16,9,0,0,0.666590571404,5.0
2012,7,17,9,0,0,1.11568522453,0.0
2012,7,18,9,0,0,1.04628539085,0.0
2012,7,19,9,0,0,0.77258425951,0.0
2012,7,20,9,0,0,1.18870770931,0.0
2012,7,21,9,0,0,0.580315887928,0.0
2012,7,22,9,0,0,0.791532933712,0.0
2012,7,23,9,0,0,1.11954712868,0.0
2012,7,24,9,0,0,0.649968147278,1.2
2012,7,25,9,0,0,0.99388808012,0.0
2012,7,26,9,0,0,1.26535904408,0.0
2012,7,27,9,0,0,1.36611545086,0.0
2012,7,28,9,0,0,1.21057295799,0.0
2012,7,29,9,0,0,1.39121735096,0.2
2012,7,30,9,0,0,0.95535415411,2.4
2012,7,31,9,0,0,0.780318140984,0.0
2012,8,1,9,0,0,1.66876339912,0.0
2012,8,2,9,0,0,2.0159945488,0.0
2012,8,3,9,0,0,1.13333189487,0.0
2012,8,4,9,0,0,1.30784964561,0.2
2012,8,5,9,0,0,1.16246247292,0.8
2012,8,6,9,0,0,1.07893586159,1.4
2012,8,7,9,0,0,0.503755033016,8.2
2012,8,8,9,0,0,0.663606762886,0.0
2012,8,9,9,0,0,1.76081132889,0.0
2012,8,10,9,0,0,1.39433789253,0.0
2012,8,11,9,0,0,1.5807415247,3.4
2012,8,12,9,0,0,0.551892757416,5.8
2012,8,13,9,0,0,1.24397110939,0.0
2012,8,14,9,0,0,2.16422915459,0.6
2012,8,15,9,0,0,1.23680365086,4.8
2012,8,16,9,0,0,1.13341629505,1.8
2012,8,17,9,0,0,1.3502368927,0.0
2012,8,18,9,0,0,1.69367599487,0.0
2012,8,19,9,0,0,0.540047764778,13.0
2012,8,20,9,0,0,1.62649559975,0.8
2012,8,21,9,0,0,2.02373528481,0.0
2012,8,22,9,0,0,1.27670204639,1.2
2012,8,23,9,0,0,1.40570688248,0.0
2012,8,24,9,0,0,1.73317325115,0.0
2012,8,25,9,0,0,1.33161246777,13.2
2012,8,26,9,0,0,1.23140823841,46.2
2012,8,27,9,0,0,1.28664088249,1.4
2012,8,28,9,0,0,1.83300554752,0.0
2012,8,29,9,0,0,2.1457362175,0.0
2012,8,30,9,0,0,2.23280715942,0.0
2012,8,31,9,0,0,2.32129192352,0.0
2012,9,1,9,0,0,0.818900704384,8.8
2012,9,2,9,0,0,0.81995254755,40.2
2012,9,3,9,0,0,0.880056917667,17.6
2012,9,4,9,0,0,1.1821051836,14.8
2012,9,5,9,0,0,1.23411858082,0.6
2012,9,6,9,0,0,1.42706990242,27.4
2012,9,7,9,0,0,1.47696530819,29.2
2012,9,8,9,0,0,0.698791384697,20.2
2012,9,9,9,0,0,1.23610532284,11.6
2012,9,10,9,0,0,1.05532753468,17.6
2012,9,11,9,0,0,1.02353191376,4.8
2012,9,12,9,0,0,2.30107998848,0.4
2012,9,13,9,0,0,1.96168065071,0.0
2012,9,14,9,0,0,1.5602684021,6.6
2012,9,15,9,0,0,1.03111732006,3.8
2012,9,16,9,0,0,2.22588253021,0.0
2012,9,17,9,0,0,1.66336524487,3.8
2012,9,18,9,0,0,2.38208460808,0.0
2012,9,19,9,0,0,2.16273903847,0.0
2012,9,20,9,0,0,2.00046205521,1.8
2012,9,21,9,0,0,3.22984528542,0.0
2012,9,22,9,0,0,2.76899147034,0.0
2012,9,23,9,0,0,2.97498106956,0.8
2012,9,24,9,0,0,2.31282114983,0.0
2012,9,25,9,0,0,1.89160692692,10.4
2012,9,26,9,0,0,0.999967932701,15.8
2012,9,27,9,0,0,3.50676393509,0.0
2012,9,28,9,0,0,3.71537041664,0.0
2012,9,29,9,0,0,3.71302771568,0.0
2012,9,30,9,0,0,2.67882680893,10.2
2012,10,1,9,0,0,1.3902490139,8.4
2012,10,2,9,0,0,2.50549316406,0.0
2012,10,3,9,0,0,1.85263800621,12.8
2012,10,4,9,0,0,2.51519036293,2.6
2012,10,5,9,0,0,1.10668754578,17.8
2012,10,6,9,0,0,1.2853012085,14.4
2012,10,7,9,0,0,2.62626338005,13.6
2012,10,8,9,0,0,0.703353285789,46.8
2012,10,9,9,0,0,1.39028131962,11.0
2012,10,10,9,0,0,2.60528063774,3.6
2012,10,11,9,0,0,3.13445782661,0.2
2012,10,12,9,0,0,1.49777698517,35.2
2012,10,13,9,0,0,0.973092496395,31.8
2012,10,14,9,0,0,4.13374614716,3.4
2012,10,15,9,0,0,2.6735458374,4.4
2012,10,16,9,0,0,2.61259222031,0.8
2012,10,17,9,0,0,0.960561215878,22.0
2012,10,18,9,0,0,1.22602713108,18.6
2012,10,19,9,0,0,2.98550510406,2.4
2012,10,20,9,0,0,2.55474853516,7.0
2012,10,21,9,0,0,1.85068655014,13.2
2012,10,22,9,0,0,2.36129951477,5.2
2012,10,23,9,0,0,3.23238182068,0.4
2012,10,24,9,0,0,2.67279815674,0.0
2012,10,25,9,0,0,2.5507338047,0.2
2012,10,26,9,0,0,2.6710588932,0.0
2012,10,27,9,0,0,1.32495057583,13.0
2012,10,28,9,0,0,2.27784824371,0.0
2012,10,29,9,0,0,5.22052955627,0.0
2012,10,30,9,0,0,5.0872335434,0.0
2012,10,31,9,0,0,4.52638626099,0.0
2012,11,1,9,0,0,2.98095679283,0.0
2012,11,2,9,0,0,2.50968503952,15.6
2012,11,3,9,0,0,2.21796512604,1.2
2012,11,4,9,0,0,3.83697867393,0.2
2012,11,5,9,0,0,3.5272526741,0.0
2012,11,6,9,0,0,4.9406747818,0.0
2012,11,7,9,0,0,4.97498703003,0.0
2012,11,8,9,0,0,5.2841963768,0.0
2012,11,9,9,0,0,5.42273664474,0.0
2012,11,10,9,0,0,3.22997403145,0.2
2012,11,11,9,0,0,2.25241661072,1.2
2012,11,12,9,0,0,4.3182053566,0.0
2012,11,13,9,0,0,3.55729365349,5.6
2012,11,14,9,0,0,3.2291302681,0.0
2012,11,15,9,0,0,3.74010491371,3.0
2012,11,16,9,0,0,2.88225221634,0.0
2012,11,17,9,0,0,1.72332489491,17.0
2012,11,18,9,0,0,3.86543059349,0.4
2012,11,19,9,0,0,2.78162479401,0.0
2012,11,20,9,0,0,5.06382513046,0.0
2012,11,21,9,0,0,5.84867620468,0.0
2012,11,22,9,0,0,5.32018756866,0.0
2012,11,23,9,0,0,3.74838423729,0.4
2012,11,24,9,0,0,5.24428033829,0.0
2012,11,25,9,0,0,4.80224943161,0.0
2012,11,26,9,0,0,1.99600374699,0.0
2012,11,27,9,0,0,4.2016954422,0.0
2012,11,28,9,0,0,5.66814994812,0.0
2012,11,29,9,0,0,2.72209620476,6.6
2012,11,30,9,0,0,3.94832086563,0.0
2012,12,1,9,0,0,3.83596158028,2.8
2012,12,2,9,0,0,2.45198512077,0.0
2012,12,3,9,0,0,5.77279186249,0.0
2012,12,4,9,0,0,3.96918106079,21.2
2012,12,5,9,0,0,2.28779149055,12.0
2012,12,6,9,0,0,1.77333533764,18.6
2012,12,7,9,0,0,2.91882896423,3.0
2012,12,8,9,0,0,4.03982114792,0.2
2012,12,9,9,0,0,5.4930100441,0.0
2012,12,10,9,0,0,5.39939308167,0.0
2012,12,11,9,0,0,6.60164546967,0.0
2012,12,12,9,0,0,5.29896736145,0.0
2012,12,13,9,0,0,6.09833097458,0.0
2012,12,14,9,0,0,2.74409461021,0.0
2012,12,15,9,0,0,5.87040519714,0.0
2012,12,16,9,0,0,6.6664056778,0.0
2012,12,17,9,0,0,4.34678268433,15.8
2012,12,18,9,0,0,2.21759033203,0.4
2012,12,19,9,0,0,6.2627954483,0.0
2012,12,20,9,0,0,7.04351329803,0.0
2012,12,21,9,0,0,2.10407876968,3.0
2012,12,22,9,0,0,5.50247478485,0.0
2012,12,23,9,0,0,7.03591775894,0.0
2012,12,24,9,0,0,7.38062810898,0.0
2012,12,25,9,0,0,6.51450681686,1.6
2012,12,26,9,0,0,2.42512369156,12.8
2012,12,27,9,0,0,3.20568084717,0.0
2012,12,28,9,0,0,3.91349124908,2.4
2012,12,29,9,0,0,2.87648248672,8.2
2012,12,30,9,0,0,1.91263544559,21.2
2012,12,31,9,0,0,3.69814682007,5.6
2013,1,1,9,0,0,1.98597574234,14.4
2013,1,2,9,0,0,0.821645498276,55.6
2013,1,3,9,0,0,4.47947978973,0.6
2013,1,4,9,0,0,6.11882352829,0.0
2013,1,5,9,0,0,6.76233911514,0.0
2013,1,6,9,0,0,6.94900274277,0.0
2013,1,7,9,0,0,5.03383779526,7.4
2013,1,8,9,0,0,4.64378929138,0.8
2013,1,9,9,0,0,2.35690736771,29.4
2013,1,10,9,0,0,2.1080493927,10.2
2013,1,11,9,0,0,4.65146636963,0.2
2013,1,12,9,0,0,5.48728847504,0.0
2013,1,13,9,0,0,1.48470652103,33.4
2013,1,14,9,0,0,1.9701628685,14.0
2013,1,15,9,0,0,1.38335061073,14.4
2013,1,16,9,0,0,3.30666446686,5.8
2013,1,17,9,0,0,2.77203941345,12.0
2013,1,18,9,0,0,4.63804149628,0.0
2013,1,19,9,0,0,2.52960395813,1.2
2013,1,20,9,0,0,5.5227689743,0.0
2013,1,21,9,0,0,6.13648319244,0.0
2013,1,22,9,0,0,6.19363546371,0.0
2013,1,23,9,0,0,3.52821850777,4.4
2013,1,24,9,0,0,5.77122592926,0.0
2013,1,25,9,0,0,6.33302116394,0.0
2013,1,26,9,0,0,6.16533851624,0.0
2013,1,27,9,0,0,6.39065170288,0.0
2013,1,28,9,0,0,6.61851501465,0.0
2013,1,29,9,0,0,6.36070680618,0.0
2013,1,30,9,0,0,6.59230327606,0.0
2013,1,31,9,0,0,6.74166679382,0.0
2013,2,1,9,0,0,6.59651565552,0.0
2013,2,2,9,0,0,4.97507381439,0.0
2013,2,3,9,0,0,5.10586929321,0.0
2013,2,4,9,0,0,1.13503372669,37.0
2013,2,5,9,0,0,5.34589910507,0.0
2013,2,6,9,0,0,5.86205863953,0.0
2013,2,7,9,0,0,4.77503156662,0.0
2013,2,8,9,0,0,5.31169939041,0.0
2013,2,9,9,0,0,5.49186992645,0.0
2013,2,10,9,0,0,5.89557170868,0.0
2013,2,11,9,0,0,4.22061920166,0.4
2013,2,12,9,0,0,4.10933876038,0.0
2013,2,13,9,0,0,3.95843076706,0.0
2013,2,14,9,0,0,3.8102581501,0.0
2013,2,15,9,0,0,4.75296068192,0.0
2013,2,16,9,0,0,3.94635272026,0.0
2013,2,17,9,0,0,4.88290262222,0.0
2013,2,18,9,0,0,4.76988887787,0.0
2013,2,19,9,0,0,5.3617978096,0.0
2013,2,20,9,0,0,5.53880023956,0.0
2013,2,21,9,0,0,4.54528856277,0.0
2013,2,22,9,0,0,5.47103404999,0.0
2013,2,23,9,0,0,5.12301492691,0.0
2013,2,24,9,0,0,5.13110208511,0.0
2013,2,25,9,0,0,5.37557268143,0.0
2013,2,26,9,0,0,4.88030910492,0.0
2013,2,27,9,0,0,5.36863899231,0.0
2013,2,28,9,0,0,4.93827581406,0.0
2013,3,1,9,0,0,5.04794740677,0.0
2013,3,2,9,0,0,3.30611944199,0.0
2013,3,3,9,0,0,4.71224403381,0.0
2013,3,4,9,0,0,3.1883058548,0.0
2013,3,5,9,0,0,3.8718829155,0.0
2013,3,6,9,0,0,3.52948069572,0.0
2013,3,7,9,0,0,3.76686286926,0.0
2013,3,8,9,0,0,4.97449064255,0.0
2013,3,9,9,0,0,4.40173816681,0.0
2013,3,10,9,0,0,4.67681503296,0.0
2013,3,11,9,0,0,4.42891836166,0.0
2013,3,12,9,0,0,2.82185101509,0.0
2013,3,13,9,0,0,4.07857513428,0.0
2013,3,14,9,0,0,4.2359085083,0.0
2013,3,15,9,0,0,2.39453458786,0.0
2013,3,16,9,0,0,3.24181318283,0.4
2013,3,17,9,0,0,1.4784655571,7.2
2013,3,18,9,0,0,1.69716310501,28.0
2013,3,19,9,0,0,1.4506906271,0.6
2013,3,20,9,0,0,3.26023435593,0.0
2013,3,21,9,0,0,2.59459781647,0.0
2013,3,22,9,0,0,2.20594477654,0.0
2013,3,23,9,0,0,1.27147352695,0.0
2013,3,24,9,0,0,2.36109972,0.0
2013,3,25,9,0,0,1.75677704811,0.2
2013,3,26,9,0,0,2.80532431602,0.0
2013,3,27,9,0,0,3.37434053421,0.0
2013,3,28,9,0,0,3.32890820503,0.0
2013,3,29,9,0,0,1.91277933121,2.6
2013,3,30,9,0,0,3.44161701202,6.6
2013,3,31,9,0,0,1.66849708557,18.2
2013,4,1,9,0,0,2.70190238953,0.4
2013,4,2,9,0,0,2.28204107285,10.8
2013,4,3,9,0,0,0.879571139812,23.4
2013,4,4,9,0,0,2.69577121735,0.0
2013,4,5,9,0,0,1.80892300606,3.0
2013,4,6,9,0,0,2.26158428192,0.0
2013,4,7,9,0,0,2.38954353333,0.0
2013,4,8,9,0,0,1.80946338177,0.0
2013,4,9,9,0,0,2.28045892715,0.0
2013,4,10,9,0,0,1.90150856972,0.0
2013,4,11,9,0,0,1.70861256123,3.0
2013,4,12,9,0,0,2.21529722214,0.0
2013,4,13,9,0,0,1.03901100159,5.2
2013,4,14,9,0,0,2.10061836243,0.0
2013,4,15,9,0,0,2.03877973557,0.2
2013,4,16,9,0,0,0.738176345825,7.6
2013,4,17,9,0,0,0.759076356888,13.6
2013,4,18,9,0,0,1.63937342167,0.4
2013,4,19,9,0,0,1.15788555145,2.8
2013,4,20,9,0,0,1.18335700035,1.0
2013,4,21,9,0,0,0.55716240406,21.8
2013,4,22,9,0,0,1.42869651318,2.0
2013,4,23,9,0,0,1.40177190304,12.2
2013,4,24,9,0,0,1.171007514,7.8
2013,4,25,9,0,0,1.28481626511,3.0
2013,4,26,9,0,0,1.47385811806,6.2
2013,4,27,9,0,0,1.12618374825,3.0
2013,4,28,9,0,0,1.13059556484,1.6
2013,4,29,9,0,0,0.900629281998,0.4
2013,4,30,9,0,0,1.30640470982,0.0
2013,5,1,9,0,0,1.85870993137,0.0
2013,5,2,9,0,0,0.616308748722,29.0
2013,5,3,9,0,0,1.11940693855,0.0
2013,5,4,9,0,0,0.792597830296,0.4
2013,5,5,9,0,0,1.09211540222,0.4
2013,5,6,9,0,0,1.49512696266,0.0
2013,5,7,9,0,0,1.9132848978,0.0
2013,5,8,9,0,0,1.77783989906,0.0
2013,5,9,9,0,0,1.19287931919,0.4
2013,5,10,9,0,0,1.7093411684,0.0
2013,5,11,9,0,0,1.72640407085,0.0
2013,5,12,9,0,0,1.76948368549,0.0
2013,5,13,9,0,0,1.38196778297,0.0
2013,5,14,9,0,0,1.27684617043,0.0
2013,5,15,9,0,0,1.69599401951,0.0
2013,5,16,9,0,0,1.26113975048,0.2
2013,5,17,9,0,0,0.446044802666,12.8
2013,5,18,9,0,0,1.50649225712,0.0
2013,5,19,9,0,0,1.37607908249,1.2
2013,5,20,9,0,0,1.3976624012,0.0
2013,5,21,9,0,0,0.712567925453,3.4
2013,5,22,9,0,0,0.689513742924,1.2
2013,5,23,9,0,0,0.922201693058,0.0
2013,5,24,9,0,0,1.37022686005,0.6
2013,5,25,9,0,0,0.957170665264,0.2
2013,5,26,9,0,0,0.539482355118,10.2
2013,5,27,9,0,0,0.598386347294,8.2
2013,5,28,9,0,0,1.1022131443,0.2
2013,5,29,9,0,0,1.23390448093,0.0
2013,5,30,9,0,0,0.877015173435,0.0
2013,5,31,9,0,0,0.819159805775,1.0
2013,6,1,9,0,0,0.635091602802,7.4
2013,6,2,9,0,0,0.889239907265,4.4
2013,6,3,9,0,0,0.592767655849,51.6
2013,6,4,9,0,0,0.263301819563,10.6
2013,6,5,9,0,0,1.37280917168,0.0
2013,6,6,9,0,0,1.22764015198,0.2
2013,6,7,9,0,0,0.603945612907,0.0
2013,6,8,9,0,0,0.517817974091,14.6
2013,6,9,9,0,0,0.569547712803,0.0
2013,6,10,9,0,0,0.819149315357,0.0
2013,6,11,9,0,0,0.847040176392,0.0
2013,6,12,9,0,0,0.673912405968,0.0
2013,6,13,9,0,0,0.694574654102,0.0
2013,6,14,9,0,0,0.881202816963,0.0
2013,6,15,9,0,0,0.414350420237,20.0
2013,6,16,9,0,0,0.311909496784,19.0
2013,6,17,9,0,0,0.583125293255,3.8
2013,6,18,9,0,0,0.445694625378,15.0
2013,6,19,9,0,0,0.44381532073,29.6
2013,6,20,9,0,0,0.53450191021,0.0
2013,6,21,9,0,0,1.62681889534,0.0
2013,6,22,9,0,0,0.68640857935,0.0
2013,6,23,9,0,0,1.1447262764,0.0
2013,6,24,9,0,0,0.707650780678,0.0
2013,6,25,9,0,0,0.734301269054,0.0
2013,6,26,9,0,0,0.89280128479,0.0
2013,6,27,9,0,0,0.590930521488,0.0
2013,6,28,9,0,0,1.04273343086,0.0
2013,6,29,9,0,0,0.831404030323,0.0
2013,6,30,9,0,0,0.637233793736,0.4
2013,7,1,9,0,0,0.826243519783,6.8
2013,7,2,9,0,0,0.706614851952,1.4
2013,7,3,9,0,0,0.566659510136,5.8
2013,7,4,9,0,0,1.03452837467,0.2
2013,7,5,9,0,0,0.872660815716,23.6
2013,7,6,9,0,0,0.707991123199,21.6
2013,7,7,9,0,0,0.737727761269,18.6
2013,7,8,9,0,0,0.738768219948,3.4
2013,7,9,9,0,0,0.307855248451,2.8
2013,7,10,9,0,0,1.29403781891,0.0
2013,7,11,9,0,0,1.1490060091,0.0
2013,7,12,9,0,0,0.506111383438,0.0
2013,7,13,9,0,0,1.13666844368,0.0
2013,7,14,9,0,0,0.977292895317,0.0
2013,7,15,9,0,0,1.18046498299,0.0
2013,7,16,9,0,0,1.02140307426,0.0
2013,7,17,9,0,0,0.706275165081,0.0
2013,7,18,9,0,0,1.0390920639,0.0
2013,7,19,9,0,0,1.04648411274,0.0
2013,7,20,9,0,0,0.927655100822,0.0
2013,7,21,9,0,0,0.986495733261,0.0
2013,7,22,9,0,0,0.862826645374,6.0
2013,7,23,9,0,0,0.430963218212,19.8
2013,7,24,9,0,0,0.902366876602,3.6
2013,7,25,9,0,0,0.822096467018,3.2
2013,7,26,9,0,0,0.832215964794,0.0
2013,7,27,9,0,0,0.834794282913,0.4
2013,7,28,9,0,0,1.17057335377,0.0
2013,7,29,9,0,0,1.44689011574,0.0
2013,7,30,9,0,0,1.30376029015,0.0
2013,7,31,9,0,0,1.32632601261,0.0
2013,8,1,9,0,0,0.672138869762,0.0
2013,8,2,9,0,0,1.35495555401,0.0
2013,8,3,9,0,0,1.67654192448,1.4
2013,8,4,9,0,0,0.578968763351,3.8
2013,8,5,9,0,0,0.7729819417,3.4
2013,8,6,9,0,0,0.579000711441,10.6
2013,8,7,9,0,0,0.478395849466,26.6
2013,8,8,9,0,0,0.750935018063,5.6
2013,8,9,9,0,0,0.88221758604,6.6
2013,8,10,9,0,0,1.63555347919,0.0
2013,8,11,9,0,0,0.578345537186,4.2
2013,8,12,9,0,0,1.18646013737,0.0
2013,8,13,9,0,0,1.04106032848,17.4
2013,8,14,9,0,0,0.955767333508,11.6
2013,8,15,9,0,0,1.39115905762,2.6
2013,8,16,9,0,0,1.00651502609,0.0
2013,8,17,9,0,0,1.51263856888,0.0
2013,8,18,9,0,0,1.93382751942,0.0
2013,8,19,9,0,0,1.80197393894,0.0
2013,8,20,9,0,0,1.17682993412,0.8
2013,8,21,9,0,0,1.15590441227,3.4
2013,8,22,9,0,0,1.05948519707,13.0
2013,8,23,9,0,0,1.62250840664,1.2
2013,8,24,9,0,0,1.67516541481,0.0
2013,8,25,9,0,0,1.34160137177,2.6
2013,8,26,9,0,0,1.40027296543,0.4
2013,8,27,9,0,0,1.4419131279,0.0
2013,8,28,9,0,0,1.83677268028,5.8
2013,8,29,9,0,0,1.98017215729,0.0
2013,8,30,9,0,0,2.25120925903,0.0
2013,8,31,9,0,0,2.42438721657,0.0
2013,9,1,9,0,0,2.33608841896,0.0
2013,9,2,9,0,0,2.56607532501,0.0
2013,9,3,9,0,0,2.44796442986,8.6
2013,9,4,9,0,0,1.15697598457,1.0
2013,9,5,9,0,0,2.72172880173,0.0
2013,9,6,9,0,0,1.62967824936,0.0
2013,9,7,9,0,0,1.81772315502,10.0
2013,9,8,9,0,0,2.11600804329,8.8
2013,9,9,9,0,0,1.80127990246,2.2
2013,9,10,9,0,0,1.17451369762,80.8
2013,9,11,9,0,0,0.502613842487,30.8
2013,9,12,9,0,0,1.57707333565,6.4
2013,9,13,9,0,0,2.10137248039,0.4
2013,9,14,9,0,0,2.22756171227,2.0
2013,9,15,9,0,0,2.29120230675,0.0
2013,9,16,9,0,0,2.11953353882,0.0
2013,9,17,9,0,0,3.00498890877,0.0
2013,9,18,9,0,0,2.82418131828,0.0
2013,9,19,9,0,0,1.58159351349,25.8
2013,9,20,9,0,0,1.11292815208,17.4
2013,9,21,9,0,0,1.10507690907,8.6
2013,9,22,9,0,0,0.707590401173,10.4
2013,9,23,9,0,0,2.30877566338,3.4
2013,9,24,9,0,0,2.50404930115,0.2
2013,9,25,9,0,0,1.06434631348,1.8
2013,9,26,9,0,0,3.02229118347,0.0
2013,9,27,9,0,0,1.98091888428,24.4
2013,9,28,9,0,0,1.20858371258,11.4
2013,9,29,9,0,0,2.35356688499,7.2
2013,9,30,9,0,0,3.28902363777,0.0
2013,10,1,9,0,0,3.48495340347,0.0
2013,10,2,9,0,0,2.9858109951,3.8
2013,10,3,9,0,0,1.10715222359,3.0
2013,10,4,9,0,0,2.97724461555,0.0
2013,10,5,9,0,0,2.81950187683,0.0
2013,10,6,9,0,0,2.23623418808,0.6
2013,10,7,9,0,0,1.32242274284,7.4
2013,10,8,9,0,0,0.632849037647,9.0
2013,10,9,9,0,0,2.74717330933,0.0
2013,10,10,9,0,0,2.01674938202,1.0
2013,10,11,9,0,0,0.941011846066,14.4
2013,10,12,9,0,0,1.80826199055,10.6
2013,10,13,9,0,0,1.70352518559,10.2
2013,10,14,9,0,0,0.655200362206,40.6
2013,10,15,9,0,0,2.57322216034,14.8
2013,10,16,9,0,0,2.25012660027,0.2
2013,10,17,9,0,0,1.87565767765,0.8
2013,10,18,9,0,0,1.06510579586,7.4
2013,10,19,9,0,0,3.99562621117,0.0
2013,10,20,9,0,0,3.82483363152,0.0
2013,10,21,9,0,0,2.78714108467,14.6
2013,10,22,9,0,0,0.971345901489,13.8
2013,10,23,9,0,0,3.6593413353,5.8
2013,10,24,9,0,0,0.909466445446,37.4
2013,10,25,9,0,0,1.54871141911,13.0
2013,10,26,9,0,0,1.40654087067,20.4
2013,10,27,9,0,0,2.09133052826,5.8
2013,10,28,9,0,0,3.30799341202,0.0
2013,10,29,9,0,0,3.7967979908,0.0
2013,10,30,9,0,0,2.11964154243,28.6
2013,10,31,9,0,0,1.93005716801,2.0
2013,11,1,9,0,0,3.23519706726,2.0
2013,11,2,9,0,0,2.86074399948,0.0
2013,11,3,9,0,0,4.75635910034,0.0
2013,11,4,9,0,0,4.1297082901,0.0
2013,11,5,9,0,0,2.86865496635,0.0
2013,11,6,9,0,0,5.39795017242,0.0
2013,11,7,9,0,0,5.75135755539,0.0
2013,11,8,9,0,0,5.15762042999,0.0
2013,11,9,9,0,0,3.2471871376,0.0
2013,11,10,9,0,0,4.88291931152,0.0
2013,11,11,9,0,0,4.45430469513,0.0
2013,11,12,9,0,0,5.65647268295,0.0
2013,11,13,9,0,0,5.55502128601,0.0
2013,11,14,9,0,0,4.6188583374,0.0
2013,11,15,9,0,0,4.08230733871,0.0
2013,11,16,9,0,0,2.70755720139,0.6
2013,11,17,9,0,0,1.52778363228,7.8
2013,11,18,9,0,0,5.51467132568,0.0
2013,11,19,9,0,0,4.76604509354,0.0
2013,11,20,9,0,0,3.75705289841,1.0
2013,11,21,9,0,0,2.26622033119,0.0
2013,11,22,9,0,0,5.09304189682,0.0
2013,11,23,9,0,0,5.12375307083,0.0
2013,11,24,9,0,0,5.74684524536,0.0
2013,11,25,9,0,0,1.27248215675,21.8
2013,11,26,9,0,0,1.48162722588,5.0
2013,11,27,9,0,0,2.94601655006,0.4
2013,11,28,9,0,0,2.68509173393,0.2
2013,11,29,9,0,0,2.46067714691,14.6
2013,11,30,9,0,0,1.96968305111,14.2
2013,12,1,9,0,0,3.33530044556,0.8
2013,12,2,9,0,0,5.90209913254,0.0
2013,12,3,9,0,0,6.11677980423,0.0
2013,12,4,9,0,0,4.40301275253,0.0
2013,12,5,9,0,0,4.37517929077,0.0
2013,12,6,9,0,0,3.22089266777,6.6
2013,12,7,9,0,0,2.20934820175,20.8
2013,12,8,9,0,0,1.79771327972,18.0
2013,12,9,9,0,0,2.97405290604,8.6
2013,12,10,9,0,0,3.45883917809,0.2
2013,12,11,9,0,0,2.76909518242,0.0
2013,12,12,9,0,0,3.87545013428,13.8
2013,12,13,9,0,0,5.19255208969,0.0
2013,12,14,9,0,0,5.70819139481,0.0
2013,12,15,9,0,0,6.28013277054,0.0
2013,12,16,9,0,0,3.14525318146,3.2
2013,12,17,9,0,0,4.3562669754,0.0
2013,12,18,9,0,0,3.04821634293,0.2
2013,12,19,9,0,0,4.99325227737,0.0
2013,12,20,9,0,0,4.98709821701,0.0
2013,12,21,9,0,0,3.0446536541,12.0
2013,12,22,9,0,0,4.99628257751,0.0
2013,12,23,9,0,0,4.19620990753,1.0
2013,12,24,9,0,0,1.54604101181,15.2
2013,12,25,9,0,0,3.08448886871,0.6
2013,12,26,9,0,0,4.11133956909,1.2
2013,12,27,9,0,0,5.29013586044,0.0
2013,12,28,9,0,0,4.35673952103,2.8
2013,12,29,9,0,0,2.4285402298,1.4
2013,12,30,9,0,0,2.13437056541,12.0
2013,12,31,9,0,0,3.6844894886,8.8
2014,1,1,9,0,0,2.07454681396,10.0
2014,1,2,9,0,0,2.7029440403,31.2
2014,1,3,9,0,0,1.6568608284,2.8
2014,1,4,9,0,0,2.99195218086,3.6
2014,1,5,9,0,0,3.48978877068,5.2
2014,1,6,9,0,0,4.68469619751,1.8
2014,1,7,9,0,0,1.57300198078,11.4
2014,1,8,9,0,0,3.02360510826,10.8
2014,1,9,9,0,0,4.93029737473,2.8
2014,1,10,9,0,0,3.80277848244,0.0
2014,1,11,9,0,0,4.17983818054,0.0
2014,1,12,9,0,0,2.7718360424,6.4
2014,1,13,9,0,0,2.90269136429,3.0
2014,1,14,9,0,0,3.47827458382,0.0
2014,1,15,9,0,0,5.64810657501,0.0
2014,1,16,9,0,0,0.994477689266,4.0
2014,1,17,9,0,0,3.39356350899,0.0
2014,1,18,9,0,0,5.44631052017,0.0
2014,1,19,9,0,0,6.13812589645,0.0
2014,1,20,9,0,0,2.26244115829,4.8
2014,1,21,9,0,0,3.27887153625,2.4
2014,1,22,9,0,0,2.48501420021,4.2
2014,1,23,9,0,0,2.9617960453,4.8
2014,1,24,9,0,0,4.44169378281,0.0
2014,1,25,9,0,0,4.98174571991,2.2
2014,1,26,9,0,0,1.38992631435,22.6
2014,1,27,9,0,0,4.81438970566,0.0
2014,1,28,9,0,0,4.99081754684,0.0
2014,1,29,9,0,0,3.95215773582,0.0
2014,1,30,9,0,0,5.19752311707,0.0
2014,1,31,9,0,0,5.45160675049,0.0
2014,2,1,9,0,0,4.65695142746,0.0
2014,2,2,9,0,0,5.65882015228,0.0
2014,2,3,9,0,0,5.19424772263,0.0
2014,2,4,9,0,0,3.16904592514,0.0
2014,2,5,9,0,0,5.39071464539,0.4
2014,2,6,9,0,0,5.96105098724,0.0
2014,2,7,9,0,0,2.36292076111,2.6
2014,2,8,9,0,0,5.23117685318,0.0
2014,2,9,9,0,0,5.50119972229,0.0
2014,2,10,9,0,0,5.71583461761,0.0
2014,2,11,9,0,0,3.4411919117,0.2
2014,2,12,9,0,0,2.39622378349,1.4
2014,2,13,9,0,0,2.05086374283,0.6
2014,2,14,9,0,0,3.1157875061,0.4
2014,2,15,9,0,0,4.09370994568,0.0
2014,2,16,9,0,0,4.97677278519,0.0
2014,2,17,9,0,0,3.9274764061,0.0
2014,2,18,9,0,0,2.09202671051,4.8
2014,2,19,9,0,0,2.5516936779,0.0
2014,2,20,9,0,0,5.20036029816,0.0
2014,2,21,9,0,0,4.78082418442,3.4
2014,2,22,9,0,0,3.25303959846,7.4
2014,2,23,9,0,0,2.71748328209,4.6
2014,2,24,9,0,0,2.99553799629,0.0
2014,2,25,9,0,0,4.26176071167,0.0
2014,2,26,9,0,0,4.21336650848,0.0
2014,2,27,9,0,0,4.29539012909,0.0
2014,2,28,9,0,0,1.82513689995,3.4
2014,3,1,9,0,0,3.73363447189,0.0
2014,3,2,9,0,0,2.58128023148,17.8
2014,3,3,9,0,0,1.75339436531,8.0
2014,3,4,9,0,0,2.07702302933,0.0
2014,3,5,9,0,0,3.26836442947,0.0
2014,3,6,9,0,0,4.3644118309,0.0
2014,3,7,9,0,0,3.54459857941,0.0
2014,3,8,9,0,0,3.99302601814,0.0
2014,3,9,9,0,0,4.24444532394,0.0
2014,3,10,9,0,0,3.89948987961,0.0
2014,3,11,9,0,0,3.43154191971,0.0
2014,3,12,9,0,0,2.86435031891,0.0
2014,3,13,9,0,0,3.34432840347,0.0
2014,3,14,9,0,0,4.14374780655,0.0
2014,3,15,9,0,0,2.78466629982,1.0
2014,3,16,9,0,0,2.31437277794,5.8
2014,3,17,9,0,0,1.72391712666,12.0
2014,3,18,9,0,0,2.64517402649,0.8
2014,3,19,9,0,0,3.68656468391,0.0
2014,3,20,9,0,0,2.7948114872,0.0
2014,3,21,9,0,0,3.49245595932,0.0
2014,3,22,9,0,0,3.57071399689,0.0
2014,3,23,9,0,0,3.49510073662,0.0
2014,3,24,9,0,0,2.87966752052,2.8
2014,3,25,9,0,0,1.5593110323,1.6
2014,3,26,9,0,0,3.28912878036,0.0
2014,3,27,9,0,0,3.32947683334,0.0
2014,3,28,9,0,0,1.90778446198,0.0
2014,3,29,9,0,0,1.76596605778,0.0
2014,3,30,9,0,0,1.91630256176,0.0
2014,3,31,9,0,0,2.71108746529,0.0
2014,4,1,9,0,0,2.94956541061,0.0
2014,4,2,9,0,0,2.82086515427,0.0
2014,4,3,9,0,0,3.18841099739,0.0
2014,4,4,9,0,0,2.47146368027,0.0
2014,4,5,9,0,0,2.02526473999,0.0
2014,4,6,9,0,0,2.74732804298,0.0
2014,4,7,9,0,0,1.42956089973,8.8
2014,4,8,9,0,0,1.51030659676,0.6
2014,4,9,9,0,0,1.26924717426,8.8
2014,4,10,9,0,0,1.38455057144,6.8
2014,4,11,9,0,0,1.48358333111,19.6
2014,4,12,9,0,0,1.56439864635,3.2
2014,4,13,9,0,0,0.728355586529,2.2
2014,4,14,9,0,0,0.87697404623,2.6
2014,4,15,9,0,0,0.774693131447,58.2
2014,4,16,9,0,0,1.95807516575,5.0
2014,4,17,9,0,0,1.6545125246,2.2
2014,4,18,9,0,0,0.923030376434,22.6
2014,4,19,9,0,0,1.66911458969,7.8
2014,4,20,9,0,0,1.01487076283,15.8
2014,4,21,9,0,0,1.23716413975,1.4
2014,4,22,9,0,0,1.29077088833,0.0
2014,4,23,9,0,0,1.821393013,0.8
2014,4,24,9,0,0,0.893321037292,2.6
2014,4,25,9,0,0,0.760328650475,15.8
2014,4,26,9,0,0,1.80260789394,0.0
2014,4,27,9,0,0,1.08164906502,10.4
2014,4,28,9,0,0,1.08375835419,8.8
2014,4,29,9,0,0,1.56987452507,0.0
2014,4,30,9,0,0,1.91855418682,0.0
2014,5,1,9,0,0,1.69534027576,0.0
2014,5,2,9,0,0,1.11297190189,0.2
2014,5,3,9,0,0,1.65840113163,0.0
2014,5,4,9,0,0,1.1893903017,6.6
2014,5,5,9,0,0,0.800344109535,41.8
2014,5,6,9,0,0,1.09552037716,15.4
2014,5,7,9,0,0,0.519590258598,15.4
2014,5,8,9,0,0,0.875111997128,1.8
2014,5,9,9,0,0,1.3649661541,0.0
2014,5,10,9,0,0,1.56420338154,0.0
2014,5,11,9,0,0,1.2609950304,0.0
2014,5,12,9,0,0,1.13942205906,0.6
2014,5,13,9,0,0,0.99987924099,0.0
2014,5,14,9,0,0,0.997322022915,0.2
2014,5,15,9,0,0,1.22355234623,0.0
2014,5,16,9,0,0,1.37902319431,0.0
2014,5,17,9,0,0,0.812965631485,0.0
2014,5,18,9,0,0,1.16623139381,0.2
2014,5,19,9,0,0,0.955868780613,0.2
2014,5,20,9,0,0,0.985485970974,3.6
2014,5,21,9,0,0,0.407106101513,13.6
2014,5,22,9,0,0,0.820701658726,15.1999998093
2014,5,23,9,0,0,0.350904405117,42.2999992371
2014,5,24,9,0,0,0.446661800146,28.2000007629
2014,5,25,9,0,0,0.696659803391,23.1000003815
2014,5,26,9,0,0,1.04981184006,0.0
2014,5,27,9,0,0,0.818792104721,0.0
2014,5,28,9,0,0,1.01170444489,6.8
2014,5,29,9,0,0,0.830105900764,4.9
2014,5,30,9,0,0,1.15514814854,0.0
2014,5,31,9,0,0,1.19374501705,0.0
2014,6,1,9,0,0,1.20880973339,0.0
2014,6,2,9,0,0,0.98011559248,0.0
2014,6,3,9,0,0,0.984004437923,0.0
2014,6,4,9,0,0,0.777817666531,2.2
2014,6,5,9,0,0,0.511423528194,0.3
2014,6,6,9,0,0,0.552887678146,1.6
2014,6,7,9,0,0,0.429058343172,18.5
2014,6,8,9,0,0,0.330004304647,6.7
2014,6,9,9,0,0,0.78668576479,0.3
2014,6,10,9,0,0,0.685040414333,0.0
2014,6,11,9,0,0,0.977806150913,0.0
2014,6,12,9,0,0,1.36952638626,0.0
2014,6,13,9,0,0,1.13229203224,0.0
2014,6,14,9,0,0,0.933330595493,0.1
2014,6,15,9,0,0,0.788669228554,0.3
2014,6,16,9,0,0,0.449301749468,8.3
2014,6,17,9,0,0,0.563381791115,3.4
2014,6,18,9,0,0,0.54904538393,10.8
2014,6,19,9,0,0,0.683573365211,5.7
2014,6,20,9,0,0,0.62435978651,0.6
2014,6,21,9,0,0,0.453955471516,16.2
2014,6,22,9,0,0,1.15427720547,0.0
2014,6,23,9,0,0,0.852785587311,0.0
2014,6,24,9,0,0,0.680201590061,27.8
2014,6,25,9,0,0,0.656647562981,19.4
2014,6,26,9,0,0,0.719402611256,8.4
2014,6,27,9,0,0,0.369486957788,23.4
2014,6,28,9,0,0,0.75615888834,0.2
2014,6,29,9,0,0,0.972908318043,30.6
2014,6,30,9,0,0,0.744212627411,14.4
2014,7,1,9,0,0,0.843787014484,13.0
2014,7,2,9,0,0,0.586663484573,1.0
2014,7,3,9,0,0,0.624019026756,0.6
2014,7,4,9,0,0,0.673201143742,5.8
2014,7,5,9,0,0,0.763321757317,5.8
2014,7,6,9,0,0,0.938692450523,0.0
2014,7,7,9,0,0,0.900303840637,0.0
2014,7,8,9,0,0,1.03303956985,0.0
2014,7,9,9,0,0,0.953647553921,0.2
2014,7,10,9,0,0,0.675975739956,4.2
2014,7,11,9,0,0,0.491579383612,5.0
2014,7,12,9,0,0,0.466624140739,17.0
2014,7,13,9,0,0,0.926087975502,0.0
2014,7,14,9,0,0,0.608045697212,0.0
2014,7,15,9,0,0,0.716298043728,0.0
2014,7,16,9,0,0,1.18727302551,0.0
2014,7,17,9,0,0,1.28450965881,0.0
2014,7,18,9,0,0,0.47877985239,0.0
2014,7,19,9,0,0,1.18269443512,0.0
2014,7,20,9,0,0,1.18385648727,0.0
2014,7,21,9,0,0,1.04984772205,0.0
2014,7,22,9,0,0,1.18706309795,0.0
2014,7,23,9,0,0,0.9889767766,0.0
2014,7,24,9,0,0,0.742435157299,1.0
2014,7,25,9,0,0,0.80066215992,0.4
2014,7,26,9,0,0,0.74646794796,0.2
2014,7,27,9,0,0,0.929292976856,0.0
2014,7,28,9,0,0,1.14918804169,6.2
2014,7,29,9,0,0,0.49976670742,6.8
2014,7,30,9,0,0,0.570554554462,16.2
2014,7,31,9,0,0,0.636119246483,8.0
2014,8,1,9,0,0,0.790073871613,9.8
2014,8,2,9,0,0,0.635567128658,26.6
2014,8,3,9,0,0,0.652938783169,4.2
2014,8,4,9,0,0,1.16783618927,0.0
2014,8,5,9,0,0,0.96038132906,10.8
2014,8,6,9,0,0,1.41593492031,0.2
2014,8,7,9,0,0,0.601517558098,17.8
2014,8,8,9,0,0,0.993682980537,2.4
2014,8,9,9,0,0,1.32386934757,0.0
2014,8,10,9,0,0,1.16299700737,0.6
2014,8,11,9,0,0,0.594810366631,30.8
2014,8,12,9,0,0,0.800625324249,12.2
2014,8,13,9,0,0,0.678689002991,10.6
2014,8,14,9,0,0,0.525116920471,8.8
2014,8,15,9,0,0,1.42516088486,0.2
2014,8,16,9,0,0,1.44975554943,0.0
2014,8,17,9,0,0,1.31271243095,0.0
2014,8,18,9,0,0,1.53891909122,0.0
2014,8,19,9,0,0,0.899735450745,0.0
2014,8,20,9,0,0,1.34494698048,0.0
2014,8,21,9,0,0,1.69878482819,0.0
2014,8,22,9,0,0,1.88049173355,0.0
2014,8,23,9,0,0,1.94284176826,0.0
2014,8,24,9,0,0,1.93012905121,0.0
2014,8,25,9,0,0,1.29131996632,0.0
2014,8,26,9,0,0,2.24354982376,0.0
2014,8,27,9,0,0,2.06666994095,0.0
2014,8,28,9,0,0,2.0856692791,0.0
2014,8,29,9,0,0,2.10922574997,0.0
2014,8,30,9,0,0,2.27252602577,0.0
2014,8,31,9,0,0,2.31799912453,0.0
2014,9,1,9,0,0,2.19450902939,0.0
2014,9,2,9,0,0,2.46239900589,0.0
2014,9,3,9,0,0,2.40042638779,0.0
2014,9,4,9,0,0,2.28940224648,0.0
2014,9,5,9,0,0,1.98554754257,0.0
2014,9,6,9,0,0,2.6380147934,0.0
2014,9,7,9,0,0,1.74224543571,0.0
2014,9,8,9,0,0,2.2514090538,0.0
2014,9,9,9,0,0,1.12420582771,0.0
2014,9,10,9,0,0,1.90678858757,0.2
2014,9,11,9,0,0,1.46984004974,4.0
2014,9,12,9,0,0,2.16173481941,6.8
2014,9,13,9,0,0,1.27456223965,4.8
2014,9,14,9,0,0,2.61489868164,0.8
2014,9,15,9,0,0,1.2144793272,17.4
2014,9,16,9,0,0,0.919329166412,20.6
2014,9,17,9,0,0,1.80803453922,0.2
2014,9,18,9,0,0,1.93215417862,22.6
2014,9,19,9,0,0,1.31743001938,16.6
2014,9,20,9,0,0,1.82238543034,0.2
2014,9,21,9,0,0,1.78196191788,15.8
2014,9,22,9,0,0,2.71004009247,0.0
2014,9,23,9,0,0,2.31086206436,0.0
2014,9,24,9,0,0,3.15487504005,0.0
2014,9,25,9,0,0,1.84403038025,0.8
2014,9,26,9,0,0,1.04821479321,0.2
2014,9,27,9,0,0,1.07601213455,5.4
2014,9,28,9,0,0,2.84837388992,0.0
2014,9,29,9,0,0,3.62789988518,0.0
2014,9,30,9,0,0,3.51185321808,0.0
2014,10,1,9,0,0,3.39538288116,0.0
2014,10,2,9,0,0,1.16759610176,11.8
2014,10,3,9,0,0,1.25058603287,22.6
2014,10,4,9,0,0,1.75095975399,4.0
2014,10,5,9,0,0,1.59082305431,24.2
2014,10,6,9,0,0,1.72791981697,9.0
2014,10,7,9,0,0,3.00778007507,11.6
2014,10,8,9,0,0,1.8458108902,1.4
2014,10,9,9,0,0,2.61376714706,0.0
2014,10,10,9,0,0,3.29665613174,0.0
2014,10,11,9,0,0,3.3746342659,0.0
2014,10,12,9,0,0,3.304271698,0.0
2014,10,13,9,0,0,3.0943377018,0.0
2014,10,14,9,0,0,3.69999980927,0.0
2014,10,15,9,0,0,4.1331744194,0.0
2014,10,16,9,0,0,3.46599316597,18.8
2014,10,17,9,0,0,2.41212558746,0.8
2014,10,18,9,0,0,2.17767310143,4.0
2014,10,19,9,0,0,2.56671690941,0.8
2014,10,20,9,0,0,2.39616155624,2.2
2014,10,21,9,0,0,1.36264693737,1.2
2014,10,22,9,0,0,3.05494165421,0.0
2014,10,23,9,0,0,3.88234567642,2.0
2014,10,24,9,0,0,3.05204725266,0.8
2014,10,25,9,0,0,3.52863621712,0.0
2014,10,26,9,0,0,1.43664038181,4.0
2014,10,27,9,0,0,3.55283236504,0.0
2014,10,28,9,0,0,3.05982136726,4.8
2014,10,29,9,0,0,1.08947741985,16.8
2014,10,30,9,0,0,1.80051457882,7.4
2014,10,31,9,0,0,2.13563966751,4.2
2014,11,1,9,0,0,2.45830011368,0.0
2014,11,2,9,0,0,2.06794404984,24.6
2014,11,3,9,0,0,2.35736393929,11.4
2014,11,4,9,0,0,3.13289833069,0.6
2014,11,5,9,0,0,2.68274331093,0.0
2014,11,6,9,0,0,3.49469661713,0.0
2014,11,7,9,0,0,4.05950164795,0.0
2014,11,8,9,0,0,4.4378285408,0.0
2014,11,9,9,0,0,3.7616007328,0.0
2014,11,10,9,0,0,2.05569338799,2.0
2014,11,11,9,0,0,1.58441662788,13.4
2014,11,12,9,0,0,2.21414446831,2.0
2014,11,13,9,0,0,3.75417089462,0.0
2014,11,14,9,0,0,3.60146927834,13.4
2014,11,15,9,0,0,2.85505914688,11.0
2014,11,16,9,0,0,3.38157844543,0.2
2014,11,17,9,0,0,1.84690928459,2.8
2014,11,18,9,0,0,3.30117511749,11.2
2014,11,19,9,0,0,1.79299521446,10.0
2014,11,20,9,0,0,2.9160220623,1.0
2014,11,21,9,0,0,1.54144787788,10.8
2014,11,22,9,0,0,1.19431304932,16.0
2014,11,23,9,0,0,4.21953344345,0.0
2014,11,24,9,0,0,5.17620754242,0.0
2014,11,25,9,0,0,1.80485641956,16.8
2014,11,26,9,0,0,4.27674913406,2.0
2014,11,27,9,0,0,2.19802880287,11.6
2014,11,28,9,0,0,3.03429174423,5.4
2014,11,29,9,0,0,2.79587006569,11.6
2014,11,30,9,0,0,2.89362621307,2.2
2014,12,1,9,0,0,3.81150746346,1.6
2014,12,2,9,0,0,5.04394626617,0.0
2014,12,3,9,0,0,4.11256980896,0.0
2014,12,4,9,0,0,1.62868535519,5.8
2014,12,5,9,0,0,4.86115074158,0.0
2014,12,6,9,0,0,3.24036622047,5.0
2014,12,7,9,0,0,2.97052502632,0.4
2014,12,8,9,0,0,4.45155382156,0.0
2014,12,9,9,0,0,2.62456393242,13.6
2014,12,10,9,0,0,1.17044425011,8.2
2014,12,11,9,0,0,1.72627866268,3.4
2014,12,12,9,0,0,4.46967792511,0.0
2014,12,13,9,0,0,5.17685556412,0.0
2014,12,14,9,0,0,6.31086206436,0.0
2014,12,15,9,0,0,6.21443319321,0.0
2014,12,16,9,0,0,6.04159164429,0.0
2014,12,17,9,0,0,2.15165185928,17.0
2014,12,18,9,0,0,3.04242324829,5.2
2014,12,19,9,0,0,2.99986124039,12.8
2014,12,20,9,0,0,2.18700575829,4.4
2014,12,21,9,0,0,2.67398071289,6.4
2014,12,22,9,0,0,5.60247039795,0.0
2014,12,23,9,0,0,6.33081245422,0.0
2014,12,24,9,0,0,5.98754262924,0.0
2014,12,25,9,0,0,4.70653152466,0.0
2014,12,26,9,0,0,4.58160209656,0.2
2014,12,27,9,0,0,2.92824101448,2.8
2014,12,28,9,0,0,3.70333361626,0.4
2014,12,29,9,0,0,3.82131958008,7.4
2014,12,30,9,0,0,3.47933506966,16.8
2014,12,31,9,0,0,1.43296813965,25.2
2015,1,1,9,0,0,5.05332803726,0.0
2015,1,2,9,0,0,4.76189136505,0.0
2015,1,3,9,0,0,5.03657484055,0.0
2015,1,4,9,0,0,5.11130905151,0.0
2015,1,5,9,0,0,6.00668478012,0.0
2015,1,6,9,0,0,5.03868722916,0.0
2015,1,7,9,0,0,6.13739395142,0.0
2015,1,8,9,0,0,5.20031261444,0.0
2015,1,9,9,0,0,5.83557510376,0.0
2015,1,10,9,0,0,6.20919895172,0.0
2015,1,11,9,0,0,5.07963037491,0.0
2015,1,12,9,0,0,4.95412445068,0.0
2015,1,13,9,0,0,6.16303825378,0.0
2015,1,14,9,0,0,5.1190905571,0.0
2015,1,15,9,0,0,4.28170394897,0.0
2015,1,16,9,0,0,1.93212807178,2.2
2015,1,17,9,0,0,4.67234420776,3.4
2015,1,18,9,0,0,4.25742816925,0.0
2015,1,19,9,0,0,3.47547698021,10.8
2015,1,20,9,0,0,3.69462585449,0.4
2015,1,21,9,0,0,5.33691883087,0.0
2015,1,22,9,0,0,5.74319696426,0.0
2015,1,23,9,0,0,6.1187543869,0.0
2015,1,24,9,0,0,6.43002557755,0.0
2015,1,25,9,0,0,6.536901474,0.0
2015,1,26,9,0,0,6.27290439606,0.0
2015,1,27,9,0,0,6.86966943741,0.8
2015,1,28,9,0,0,5.44319438934,0.0
2015,1,29,9,0,0,5.80752229691,0.0
2015,1,30,9,0,0,3.68224644661,3.4
2015,1,31,9,0,0,2.59929156303,13.0
2015,2,1,9,0,0,3.37595772743,8.0
2015,2,2,9,0,0,3.47806859016,7.6
2015,2,3,9,0,0,3.66272783279,0.4
2015,2,4,9,0,0,1.76580345631,10.4
2015,2,5,9,0,0,1.82302570343,31.0
2015,2,6,9,0,0,3.978525877,0.0
2015,2,7,9,0,0,4.33153963089,0.0
2015,2,8,9,0,0,4.56883192062,0.0
2015,2,9,9,0,0,1.89514827728,12.0
2015,2,10,9,0,0,4.99368524551,0.0
2015,2,11,9,0,0,5.33198785782,0.0
2015,2,12,9,0,0,5.21243047714,0.0
2015,2,13,9,0,0,5.49496841431,0.0
2015,2,14,9,0,0,3.5005095005,0.0
2015,2,15,9,0,0,5.04219102859,0.0
2015,2,16,9,0,0,5.0672621727,0.0
2015,2,17,9,0,0,4.29050779343,0.0
2015,2,18,9,0,0,5.39780807495,0.0
2015,2,19,9,0,0,3.35533428192,0.2
2015,2,20,9,0,0,4.99175834656,0.0
2015,2,21,9,0,0,2.63425922394,7.2
2015,2,22,9,0,0,3.94538426399,1.0
2015,2,23,9,0,0,2.65676450729,3.6
2015,2,24,9,0,0,3.42920994759,0.4
2015,2,25,9,0,0,3.59604001045,0.0
2015,2,26,9,0,0,2.53437328339,0.8
2015,2,27,9,0,0,4.39458274841,0.0
2015,2,28,9,0,0,3.82882618904,0.0
2015,3,1,9,0,0,3.11779904366,0.0
2015,3,2,9,0,0,4.19984006882,0.0
2015,3,3,9,0,0,2.3265683651,11.8
2015,3,4,9,0,0,2.66546320915,0.2
2015,3,5,9,0,0,2.57386827469,73.6
2015,3,6,9,0,0,1.3739528656,29.6
2015,3,7,9,0,0,1.12166333199,35.8
2015,3,8,9,0,0,2.06475234032,0.2
2015,3,9,9,0,0,3.15755486488,0.0
2015,3,10,9,0,0,3.71217632294,0.0
2015,3,11,9,0,0,3.37933397293,0.0
2015,3,12,9,0,0,2.96776390076,24.8
2015,3,13,9,0,0,2.35916113853,0.0
2015,3,14,9,0,0,3.48541021347,0.0
2015,3,15,9,0,0,3.57525897026,0.0
2015,3,16,9,0,0,3.4992711544,0.0
2015,3,17,9,0,0,3.59868192673,0.0
2015,3,18,9,0,0,3.56156492233,0.0
2015,3,19,9,0,0,3.80730009079,0.0
2015,3,20,9,0,0,1.56313538551,3.4
2015,3,21,9,0,0,2.95054793358,1.0
2015,3,22,9,0,0,1.60307300091,1.0
2015,3,23,9,0,0,2.70073151588,0.0
2015,3,24,9,0,0,1.66650593281,0.0
2015,3,25,9,0,0,1.91158771515,0.0
2015,3,26,9,0,0,2.29758167267,0.2
2015,3,27,9,0,0,2.99165344238,0.0
2015,3,28,9,0,0,1.78209292889,3.4
2015,3,29,9,0,0,1.25766372681,7.2
2015,3,30,9,0,0,2.16525506973,2.8
2015,3,31,9,0,0,2.76671600342,0.0
2015,4,1,9,0,0,3.09914278984,0.0
2015,4,2,9,0,0,2.10605478287,0.0
2015,4,3,9,0,0,2.13308477402,0.0
2015,4,4,9,0,0,1.59016704559,4.8
2015,4,5,9,0,0,2.96920013428,0.0
2015,4,6,9,0,0,1.15434169769,29.2
2015,4,7,9,0,0,1.6237449646,2.0
2015,4,8,9,0,0,1.12949800491,0.0
2015,4,9,9,0,0,1.7280831337,3.0
2015,4,10,9,0,0,1.34774553776,1.0
2015,4,11,9,0,0,2.11910843849,0.6
2015,4,12,9,0,0,1.17573165894,26.8
2015,4,13,9,0,0,1.03645205498,1.4
2015,4,14,9,0,0,2.18266439438,0.2
2015,4,15,9,0,0,2.23361349106,0.0
2015,4,16,9,0,0,2.45002555847,0.0
2015,4,17,9,0,0,1.28861200809,5.4
2015,4,18,9,0,0,2.38589406013,0.0
2015,4,19,9,0,0,1.88312208652,0.0
2015,4,20,9,0,0,1.76887452602,2.0
2015,4,21,9,0,0,0.618654727936,3.6
2015,4,22,9,0,0,1.64393603802,0.0
2015,4,23,9,0,0,2.32787466049,0.0
2015,4,24,9,0,0,2.31776499748,0.0
2015,4,25,9,0,0,0.972342193127,0.8
2015,4,26,9,0,0,1.2120205164,38.0
2015,4,27,9,0,0,0.890287697315,29.2
2015,4,28,9,0,0,1.12527096272,14.8
2015,4,29,9,0,0,0.982766151428,16.2
2015,4,30,9,0,0,1.77939164639,0.0
2015,5,1,9,0,0,1.19962823391,0.0
2015,5,2,9,0,0,1.80980467796,0.0
2015,5,3,9,0,0,1.84881019592,0.0
2015,5,4,9,0,0,1.51492404938,0.0
2015,5,5,9,0,0,0.841484308243,4.4
2015,5,6,9,0,0,0.831806838512,38.4
2015,5,7,9,0,0,1.29438626766,4.2
2015,5,8,9,0,0,0.740236163139,9.4
2015,5,9,9,0,0,1.02866137028,6.8
2015,5,10,9,0,0,1.52492129803,3.6
2015,5,11,9,0,0,0.644480526447,53.0
2015,5,12,9,0,0,0.981156170368,4.4
2015,5,13,9,0,0,1.02964448929,7.0
2015,5,14,9,0,0,0.63628667593,7.0
2015,5,15,9,0,0,0.778883755207,0.0
2015,5,16,9,0,0,1.27144384384,0.0
2015,5,17,9,0,0,1.29655575752,1.8
2015,5,18,9,0,0,0.792618334293,1.8
2015,5,19,9,0,0,1.0731304884,0.0
2015,5,20,9,0,0,0.893561005592,8.4
2015,5,21,9,0,0,0.622360646725,11.6
2015,5,22,9,0,0,0.861037194729,0.2
2015,5,23,9,0,0,1.35163640976,0.4
2015,5,24,9,0,0,0.565064370632,6.8
2015,5,25,9,0,0,1.18775331974,0.4
2015,5,26,9,0,0,0.808049738407,0.0
2015,5,27,9,0,0,0.998817265034,0.0
2015,5,28,9,0,0,1.15735208988,0.0
2015,5,29,9,0,0,0.920042395592,0.0
2015,5,30,9,0,0,0.518710434437,14.8
2015,5,31,9,0,0,0.860282123089,0.8
2015,6,1,9,0,0,0.652798116207,3.8
2015,6,2,9,0,0,1.20539259911,3.2
2015,6,3,9,0,0,1.13557195663,0.0
2015,6,4,9,0,0,1.11791837215,0.0
2015,6,5,9,0,0,0.805006086826,0.6
2015,6,6,9,0,0,0.769182503223,3.6
2015,6,7,9,0,0,0.757980883121,0.0
2015,6,8,9,0,0,0.74952173233,0.4
2015,6,9,9,0,0,0.752738118172,18.4
2015,6,10,9,0,0,0.543971002102,15.4
2015,6,11,9,0,0,0.853349685669,5.6
2015,6,12,9,0,0,0.365384310484,22.6
2015,6,13,9,0,0,0.734501004219,15.0
2015,6,14,9,0,0,0.640579998493,10.4
2015,6,15,9,0,0,0.75188434124,1.4
2015,6,16,9,0,0,0.796060860157,0.0
2015,6,17,9,0,0,0.65837854147,1.2
2015,6,18,9,0,0,0.346344023943,82.8
2015,6,19,9,0,0,0.455328375101,13.2
2015,6,20,9,0,0,0.743563950062,0.4
2015,6,21,9,0,0,0.514427602291,15.0
2015,6,22,9,0,0,1.1339097023,0.0
2015,6,23,9,0,0,0.944802284241,0.0
2015,6,24,9,0,0,1.00815856457,0.0
2015,6,25,9,0,0,1.16434848309,0.0
2015,6,26,9,0,0,0.480152606964,15.0
2015,6,27,9,0,0,0.797784566879,0.8
2015,6,28,9,0,0,0.585025906563,2.4
2015,6,29,9,0,0,0.478794008493,10.4
2015,6,30,9,0,0,0.888335168362,1.8
2015,7,1,9,0,0,0.775046885014,0.0
2015,7,2,9,0,0,0.782080948353,22.8
2015,7,3,9,0,0,0.425980895758,7.0
2015,7,4,9,0,0,0.901936769485,0.0
2015,7,5,9,0,0,0.779569983482,9.8
2015,7,6,9,0,0,0.607829988003,7.0
2015,7,7,9,0,0,0.836448848248,0.0
2015,7,8,9,0,0,1.1340212822,0.2
2015,7,9,9,0,0,0.958962798119,0.0
2015,7,10,9,0,0,1.10917901993,0.0
2015,7,11,9,0,0,1.11694049835,0.0
2015,7,12,9,0,0,1.11108231544,0.0
2015,7,13,9,0,0,1.10108423233,0.0
2015,7,14,9,0,0,0.647112727165,23.8
2015,7,15,9,0,0,0.3753644526,34.2
2015,7,16,9,0,0,0.908612430096,1.8
2015,7,17,9,0,0,1.04421579838,0.0
2015,7,18,9,0,0,0.335148274899,12.4
2015,7,19,9,0,0,1.29002761841,0.2
2015,7,20,9,0,0,0.476015985012,5.6
2015,7,21,9,0,0,0.881255924702,0.2
2015,7,22,9,0,0,1.12744796276,0.0
2015,7,23,9,0,0,1.02686786652,0.0
2015,7,24,9,0,0,1.25679349899,0.0
2015,7,25,9,0,0,1.2186498642,10.8
2015,7,26,9,0,0,0.680837392807,25.4
2015,7,27,9,0,0,0.575544834137,10.8
2015,7,28,9,0,0,0.828988134861,3.6
2015,7,29,9,0,0,1.02108800411,0.0
2015,7,30,9,0,0,1.13192355633,0.0
2015,7,31,9,0,0,0.933754622936,1.4
2015,8,1,9,0,0,0.673344910145,3.6
2015,8,2,9,0,0,1.04176664352,17.4
2015,8,3,9,0,0,0.478327155113,22.2
2015,8,4,9,0,0,0.642330944538,7.6
2015,8,5,9,0,0,1.34719920158,0.0
2015,8,6,9,0,0,1.32153844833,17.6
2015,8,7,9,0,0,0.471121788025,22.6
2015,8,8,9,0,0,1.25753104687,0.0
2015,8,9,9,0,0,1.30046975613,0.0
2015,8,10,9,0,0,1.56194603443,0.0
2015,8,11,9,0,0,1.55989682674,0.0
2015,8,12,9,0,0,1.47710454464,0.0
2015,8,13,9,0,0,0.691450595856,10.6
2015,8,14,9,0,0,0.760513186455,0.8
2015,8,15,9,0,0,1.69577038288,0.0
2015,8,16,9,0,0,1.88329982758,0.0
2015,8,17,9,0,0,1.15270745754,1.0
2015,8,18,9,0,0,0.782997131348,50.0
2015,8,19,9,0,0,1.18052697182,2.4
2015,8,20,9,0,0,1.73705005646,0.0
2015,8,21,9,0,0,1.8309276104,0.0
2015,8,22,9,0,0,1.43694913387,0.0
2015,8,23,9,0,0,1.44347679615,0.0
2015,8,24,9,0,0,0.834284722805,13.2
2015,8,25,9,0,0,0.976594269276,1.2
2015,8,26,9,0,0,2.0994591713,0.0
2015,8,27,9,0,0,1.28105962276,0.0
2015,8,28,9,0,0,1.14710831642,0.2
2015,8,29,9,0,0,0.878891408443,10.0
2015,8,30,9,0,0,2.21492338181,0.0
2015,8,31,9,0,0,2.01401925087,0.0
2015,9,1,9,0,0,1.27398180962,4.0
2015,9,2,9,0,0,1.39706838131,10.2
2015,9,3,9,0,0,1.99625051022,0.0
2015,9,4,9,0,0,1.27493000031,0.6
2015,9,5,9,0,0,1.11434984207,16.8
2015,9,6,9,0,0,1.45504939556,0.2
2015,9,7,9,0,0,2.1788725853,0.0
2015,9,8,9,0,0,2.04788279533,0.0
2015,9,9,9,0,0,2.14986681938,9.6
2015,9,10,9,0,0,1.05475020409,6.0
2015,9,11,9,0,0,1.22838795185,3.0
2015,9,12,9,0,0,2.31376862526,0.4
2015,9,13,9,0,0,1.61649096012,0.0
2015,9,14,9,0,0,1.73841130733,0.0
2015,9,15,9,0,0,0.612333118916,1.0
2015,9,16,9,0,0,1.44090461731,1.2
2015,9,17,9,0,0,1.25102210045,7.8
2015,9,18,9,0,0,1.87470591068,4.0
2015,9,19,9,0,0,2.04689121246,0.0
2015,9,20,9,0,0,2.89206552505,0.0
2015,9,21,9,0,0,3.22413849831,0.0
2015,9,22,9,0,0,2.49036622047,0.0
2015,9,23,9,0,0,2.54425811768,0.0
2015,9,24,9,0,0,3.53186035156,0.0
2015,9,25,9,0,0,3.51023173332,0.0
2015,9,26,9,0,0,3.43872690201,0.0
2015,9,27,9,0,0,2.74999213219,0.0
2015,9,28,9,0,0,3.21862030029,0.0
2015,9,29,9,0,0,2.64616203308,0.0
2015,9,30,9,0,0,2.92454791069,6.8
2015,10,1,9,0,0,1.146723032,20.8
2015,10,2,9,0,0,1.73063731194,0.4
2015,10,3,9,0,0,3.00775384903,0.0
2015,10,4,9,0,0,1.97939777374,10.2
2015,10,5,9,0,0,2.88664531708,0.0
2015,10,6,9,0,0,3.65014863014,0.0
2015,10,7,9,0,0,3.35546565056,4.8
2015,10,8,9,0,0,2.39547777176,2.8
2015,10,9,9,0,0,2.34042000771,0.0
2015,10,10,9,0,0,3.10503149033,0.0
2015,10,11,9,0,0,3.04304099083,0.0
2015,10,12,9,0,0,1.299710989,23.8
2015,10,13,9,0,0,2.12033748627,1.0
2015,10,14,9,0,0,3.3022851944,0.0
2015,10,15,9,0,0,4.07154893875,0.0
2015,10,16,9,0,0,3.35729694366,0.8
2015,10,17,9,0,0,1.54504358768,15.6
2015,10,18,9,0,0,2.57637119293,2.4
2015,10,19,9,0,0,3.03597354889,1.8
2015,10,20,9,0,0,2.70899128914,0.2
2015,10,21,9,0,0,1.18883144855,17.4
2015,10,22,9,0,0,3.43518710136,0.0
2015,10,23,9,0,0,1.5783059597,0.8
2015,10,24,9,0,0,4.3064827919,0.0
2015,10,25,9,0,0,2.99495458603,0.0
2015,10,26,9,0,0,4.38454771042,0.0
2015,10,27,9,0,0,1.25703132153,21.0
2015,10,28,9,0,0,1.18012976646,5.0
2015,10,29,9,0,0,3.35082864761,0.4
2015,10,30,9,0,0,3.814214468,0.0
2015,10,31,9,0,0,3.80007433891,0.0
2015,11,1,9,0,0,4.39000034332,0.0
2015,11,2,9,0,0,3.82121968269,0.0
2015,11,3,9,0,0,1.93468594551,4.2
2015,11,4,9,0,0,2.36274075508,0.0
2015,11,5,9,0,0,5.13836956024,0.0
2015,11,6,9,0,0,4.96691513062,0.0
2015,11,7,9,0,0,4.49691867828,0.0
2015,11,8,9,0,0,2.06596064568,2.0
2015,11,9,9,0,0,4.60057640076,11.4
2015,11,10,9,0,0,3.57440185547,0.0
2015,11,11,9,0,0,2.33944964409,0.0
2015,11,12,9,0,0,3.56245708466,0.0
2015,11,13,9,0,0,4.95047235489,0.0
2015,11,14,9,0,0,2.80194854736,2.2
2015,11,15,9,0,0,2.53564834595,2.0
2015,11,16,9,0,0,3.62776684761,0.2
2015,11,17,9,0,0,3.18016290665,0.0
2015,11,18,9,0,0,5.44543075562,0.0
2015,11,19,9,0,0,3.8087375164,7.8
2015,11,20,9,0,0,1.37564229965,7.0
2015,11,21,9,0,0,2.2106449604,2.8
2015,11,22,9,0,0,3.26276540756,1.6
2015,11,23,9,0,0,2.70042085648,0.0
2015,11,24,9,0,0,2.29700231552,0.0
2015,11,25,9,0,0,2.64246439934,0.0
2015,11,26,9,0,0,5.60728168488,1.8
2015,11,27,9,0,0,1.52058494091,13.8
2015,11,28,9,0,0,3.97974848747,0.8
2015,11,29,9,0,0,4.10772418976,0.0
2015,11,30,9,0,0,5.59504127502,0.0
2015,12,1,9,0,0,1.88134753704,11.0
2015,12,2,9,0,0,2.00966405869,3.2
2015,12,3,9,0,0,2.25693583488,7.4
2015,12,4,9,0,0,4.38222074509,0.0
2015,12,5,9,0,0,2.79655599594,9.6
2015,12,6,9,0,0,4.55045509338,0.2
2015,12,7,9,0,0,3.99149680138,2.0
2015,12,8,9,0,0,3.54694485664,0.0
2015,12,9,9,0,0,4.53836536407,0.0
2015,12,10,9,0,0,2.07177114487,0.0
2015,12,11,9,0,0,3.16175532341,3.8
2015,12,12,9,0,0,1.19807875156,22.4
2015,12,13,9,0,0,2.59207987785,4.4
2015,12,14,9,0,0,2.56216740608,0.0
2015,12,15,9,0,0,2.86433911324,1.2
2015,12,16,9,0,0,3.57187724113,2.8
2015,12,17,9,0,0,3.27748537064,0.0
2015,12,18,9,0,0,4.91497612,0.0
2015,12,19,9,0,0,5.16720914841,0.0
2015,12,20,9,0,0,1.52955877781,0.0
2015,12,21,9,0,0,6.44212388992,4.0
2015,12,22,9,0,0,3.25432682037,0.0
2015,12,23,9,0,0,5.29443359375,0.0
2015,12,24,9,0,0,5.28375434875,0.0
2015,12,25,9,0,0,6.19612598419,0.0
2015,12,26,9,0,0,6.53882598877,0.0
2015,12,27,9,0,0,6.69187450409,0.0
2015,12,28,9,0,0,7.07617616653,0.0
2015,12,29,9,0,0,6.61862802505,0.0
2015,12,30,9,0,0,6.07003927231,0.0
2015,12,31,9,0,0,6.7478260994,0.0
2016,1,1,9,0,0,6.78943967819,1.4
2016,1,2,9,0,0,1.16104352474,27.2
2016,1,3,9,0,0,2.11814880371,1.0
2016,1,4,9,0,0,6.54603099823,0.0
2016,1,5,9,0,0,6.25869846344,0.0
2016,1,6,9,0,0,5.61126804352,0.0
2016,1,7,9,0,0,4.33863401413,28.0
2016,1,8,9,0,0,2.49854183197,18.8
2016,1,9,9,0,0,4.14542484283,0.0
2016,1,10,9,0,0,4.45942783356,0.4
2016,1,11,9,0,0,6.279504776,0.0
2016,1,12,9,0,0,4.70486021042,0.0
2016,1,13,9,0,0,3.87470293045,0.0
2016,1,14,9,0,0,5.13653802872,0.0
2016,1,15,9,0,0,3.39626860619,2.2
2016,1,16,9,0,0,1.36576509476,1.4
2016,1,17,9,0,0,3.01398253441,2.4
2016,1,18,9,0,0,2.28392195702,19.2
2016,1,19,9,0,0,2.49353599548,13.0
2016,1,20,9,0,0,4.54084873199,0.0
2016,1,21,9,0,0,3.50737071037,0.0
2016,1,22,9,0,0,3.01404285431,0.0
2016,1,23,9,0,0,4.82110118866,0.0
2016,1,24,9,0,0,2.03290700912,3.0
2016,1,25,9,0,0,5.0615606308,2.6
2016,1,26,9,0,0,2.09309983253,6.8
2016,1,27,9,0,0,1.55385422707,16.4
2016,1,28,9,0,0,4.3807554245,0.0
2016,1,29,9,0,0,5.2206158638,0.0
2016,1,30,9,0,0,5.33722162247,0.0
2016,1,31,9,0,0,6.12913417816,0.0
2016,2,1,9,0,0,5.98570489883,0.0
2016,2,2,9,0,0,5.77031040192,0.0
2016,2,3,9,0,0,6.30458450317,0.0
2016,2,4,9,0,0,4.88003158569,0.6
2016,2,5,9,0,0,3.92939186096,1.4
2016,2,6,9,0,0,6.23900651932,0.0
2016,2,7,9,0,0,5.97657966614,0.0
2016,2,8,9,0,0,5.87424087524,0.0
2016,2,9,9,0,0,4.6753783226,0.0
2016,2,10,9,0,0,4.79672145844,0.0
2016,2,11,9,0,0,5.7012963295,0.0
2016,2,12,9,0,0,5.27163076401,0.0
2016,2,13,9,0,0,5.45794010162,0.0
2016,2,14,9,0,0,5.57736206055,0.0
2016,2,15,9,0,0,4.97910690308,0.0
2016,2,16,9,0,0,3.94488525391,19.2
2016,2,17,9,0,0,1.0623844862,65.0
2016,2,18,9,0,0,2.19945716858,25.4
2016,2,19,9,0,0,1.88750183582,3.2
2016,2,20,9,0,0,3.93067860603,0.0
2016,2,21,9,0,0,4.30417108536,0.0
2016,2,22,9,0,0,4.88478040695,0.0
2016,2,23,9,0,0,3.58138823509,0.0
2016,2,24,9,0,0,2.64529442787,0.0
2016,2,25,9,0,0,2.00220608711,0.0
2016,2,26,9,0,0,4.59815168381,0.0
2016,2,27,9,0,0,1.90053248405,0.8
2016,2,28,9,0,0,4.05383968353,0.0
2016,2,29,9,0,0,3.05424714088,0.0
2016,3,1,9,0,0,4.23032188416,0.0
2016,3,2,9,0,0,4.60500431061,0.0
2016,3,3,9,0,0,3.22310996056,0.0
2016,3,4,9,0,0,4.12685489655,0.0
2016,3,5,9,0,0,2.61413693428,0.0
2016,3,6,9,0,0,2.71402931213,0.0
2016,3,7,9,0,0,2.04755973816,6.4
2016,3,8,9,0,0,2.37370085716,1.6
2016,3,9,9,0,0,3.81470394135,0.0
2016,3,10,9,0,0,1.55822110176,5.2
2016,3,11,9,0,0,3.71729040146,0.0
2016,3,12,9,0,0,2.59350323677,0.0
2016,3,13,9,0,0,2.83836889267,0.0
2016,3,14,9,0,0,2.46186280251,0.0
2016,3,15,9,0,0,3.2152364254,16.2
2016,3,16,9,0,0,0.868334949017,6.4
2016,3,17,9,0,0,3.34243988991,0.0
2016,3,18,9,0,0,2.77388620377,1.2
2016,3,19,9,0,0,1.58022916317,0.2
2016,3,20,9,0,0,2.54075622559,0.0
2016,3,21,9,0,0,2.47034811974,0.0
2016,3,22,9,0,0,2.92837500572,0.0
2016,3,23,9,0,0,1.01052546501,82.2
2016,3,24,9,0,0,2.6278283596,0.6
2016,3,25,9,0,0,2.79021906853,0.6
2016,3,26,9,0,0,3.0600566864,2.2
2016,3,27,9,0,0,3.15980052948,0.4
2016,3,28,9,0,0,2.52486753464,0.0
2016,3,29,9,0,0,2.69127750397,0.0
2016,3,30,9,0,0,2.84354138374,0.0
2016,3,31,9,0,0,2.89276885986,0.4
2016,4,1,9,0,0,0.951869308949,9.4
2016,4,2,9,0,0,1.14628446102,7.4
2016,4,3,9,0,0,1.5298242569,5.0
2016,4,4,9,0,0,2.74934911728,0.0
2016,4,5,9,0,0,2.62144517899,0.0
2016,4,6,9,0,0,2.26300549507,0.0
2016,4,7,9,0,0,2.07623529434,14.2
2016,4,8,9,0,0,1.81307983398,0.8
2016,4,9,9,0,0,1.93726158142,0.0
2016,4,10,9,0,0,1.99083721638,0.0
2016,4,11,9,0,0,2.02622318268,8.2
2016,4,12,9,0,0,1.33103394508,2.8
2016,4,13,9,0,0,2.40863656998,0.0
2016,4,14,9,0,0,1.95535242558,0.0
2016,4,15,9,0,0,2.59563875198,0.0
2016,4,16,9,0,0,2.15105462074,0.0
2016,4,17,9,0,0,2.03309106827,0.0
2016,4,18,9,0,0,2.3274679184,0.0
2016,4,19,9,0,0,2.06591367722,0.0
2016,4,20,9,0,0,2.26785087585,0.0
2016,4,21,9,0,0,2.04256367683,0.0
2016,4,22,9,0,0,1.38084769249,0.0
2016,4,23,9,0,0,0.778745174408,27.8
2016,4,24,9,0,0,2.02506947517,0.6
2016,4,25,9,0,0,1.54915261269,1.6
2016,4,26,9,0,0,1.49288582802,0.2
2016,4,27,9,0,0,1.58381938934,0.0
2016,4,28,9,0,0,2.05912089348,0.0
2016,4,29,9,0,0,1.47724175453,0.0
2016,4,30,9,0,0,1.83527112007,0.0
2016,5,1,9,0,0,0.776168107986,0.2
2016,5,2,9,0,0,0.876473069191,14.4
2016,5,3,9,0,0,1.3640512228,3.4
2016,5,4,9,0,0,0.881767034531,18.4
2016,5,5,9,0,0,1.58020794392,0.0
2016,5,6,9,0,0,1.76105248928,0.0
2016,5,7,9,0,0,1.96951889992,0.0
2016,5,8,9,0,0,1.7444409132,0.0
2016,5,9,9,0,0,0.650422990322,0.0
2016,5,10,9,0,0,0.725323975086,4.2
2016,5,11,9,0,0,0.401158422232,20.6
2016,5,12,9,0,0,1.13689398766,36.6
2016,5,13,9,0,0,1.02473545074,10.0
2016,5,14,9,0,0,0.759993612766,3.8
2016,5,15,9,0,0,0.982910513878,7.2
2016,5,16,9,0,0,0.526101708412,26.2
2016,5,17,9,0,0,1.46712911129,20.6
2016,5,18,9,0,0,0.55134254694,25.0
2016,5,19,9,0,0,0.809426784515,10.4
2016,5,20,9,0,0,0.346410989761,31.4
2016,5,21,9,0,0,1.08200478554,0.6
2016,5,22,9,0,0,0.624613463879,5.8
2016,5,23,9,0,0,0.824773848057,13.0
2016,5,24,9,0,0,0.517576336861,11.8
2016,5,25,9,0,0,0.984156429768,12.0
2016,5,26,9,0,0,0.608091175556,18.8
2016,5,27,9,0,0,0.812485992908,49.0
2016,5,28,9,0,0,0.398024648428,13.0
2016,5,29,9,0,0,0.774292886257,0.0
2016,5,30,9,0,0,0.812375843525,0.2
2016,5,31,9,0,0,0.885494947433,0.0
2016,6,1,9,0,0,1.24328291416,0.0
2016,6,2,9,0,0,1.07381367683,0.0
2016,6,3,9,0,0,0.859998106956,0.0
2016,6,4,9,0,0,0.765054881573,0.0
2016,6,5,9,0,0,0.889602124691,0.0
2016,6,6,9,0,0,1.06445288658,0.0
2016,6,7,9,0,0,1.07395303249,0.0
2016,6,8,9,0,0,1.16337120533,0.2
2016,6,9,9,0,0,0.5244358778,19.0
2016,6,10,9,0,0,0.579125404358,16.2
2016,6,11,9,0,0,0.755931556225,19.4
2016,6,12,9,0,0,0.283830076456,11.4
2016,6,13,9,0,0,0.636717021465,0.2
2016,6,14,9,0,0,0.860732018948,0.2
2016,6,15,9,0,0,0.370301127434,10.6
2016,6,16,9,0,0,0.932113051414,0.0
2016,6,17,9,0,0,0.931996524334,0.0
2016,6,18,9,0,0,0.984128952026,0.2
2016,6,19,9,0,0,0.572089850903,0.2
2016,6,20,9,0,0,0.502809762955,0.2
2016,6,21,9,0,0,0.578673422337,27.0
2016,6,22,9,0,0,0.611615478992,30.8
2016,6,23,9,0,0,0.283861994743,22.4
2016,6,24,9,0,0,0.656832158566,1.6
2016,6,25,9,0,0,0.817159891129,5.6
2016,6,26,9,0,0,0.834775209427,12.2
2016,6,27,9,0,0,0.956908881664,0.2
2016,6,28,9,0,0,0.703881382942,0.4
2016,6,29,9,0,0,0.788887798786,0.0
2016,6,30,9,0,0,1.02959156036,0.0
2016,7,1,9,0,0,1.16820931435,0.2
2016,7,2,9,0,0,0.765831172466,0.2
2016,7,3,9,0,0,0.752979099751,0.0
2016,7,4,9,0,0,0.664229214191,2.4
2016,7,5,9,0,0,0.903665065765,0.0
2016,7,6,9,0,0,0.836934626102,0.0
2016,7,7,9,0,0,1.15180671215,0.0
2016,7,8,9,0,0,1.26076376438,0.0
2016,7,9,9,0,0,1.31089675426,0.0
2016,7,10,9,0,0,1.0315297842,0.0
2016,7,11,9,0,0,1.02477180958,0.0
2016,7,12,9,0,0,0.83246588707,2.0
2016,7,13,9,0,0,0.554688572884,66.4
2016,7,14,9,0,0,0.763070046902,25.6
2016,7,15,9,0,0,0.713427066803,7.0
2016,7,16,9,0,0,0.657418608665,13.8
2016,7,17,9,0,0,0.447571009398,10.0
2016,7,18,9,0,0,0.877596974373,0.0
2016,7,19,9,0,0,0.250861644745,33.0
2016,7,20,9,0,0,0.64120310545,7.8
2016,7,21,9,0,0,0.927093207836,0.2
2016,7,22,9,0,0,1.26593697071,0.6
2016,7,23,9,0,0,0.492932587862,55.2
2016,7,24,9,0,0,0.739231705666,24.2
2016,7,25,9,0,0,0.768578350544,4.2
2016,7,26,9,0,0,1.2241319418,4.2
2016,7,27,9,0,0,1.3122304678,11.0
2016,7,28,9,0,0,0.462670713663,44.8
2016,7,29,9,0,0,0.903859555721,7.4
2016,7,30,9,0,0,0.341851145029,28.8
2016,7,31,9,0,0,0.614916682243,9.2
2016,8,1,9,0,0,0.765323758125,0.0
2016,8,2,9,0,0,1.30336403847,23.6
2016,8,3,9,0,0,0.691766381264,7.8
2016,8,4,9,0,0,0.707233428955,0.0
2016,8,5,9,0,0,1.35537970066,0.0
2016,8,6,9,0,0,1.72199976444,0.0
2016,8,7,9,0,0,1.48577785492,0.0
2016,8,8,9,0,0,1.50813746452,0.0
2016,8,9,9,0,0,1.58654141426,0.0
2016,8,10,9,0,0,1.58638453484,0.0
2016,8,11,9,0,0,1.68539774418,0.0
2016,8,12,9,0,0,0.517382979393,13.0
2016,8,13,9,0,0,1.33144330978,0.0
2016,8,14,9,0,0,1.52857768536,2.8
2016,8,15,9,0,0,1.4164904356,0.0
2016,8,16,9,0,0,1.85706102848,0.0
2016,8,17,9,0,0,1.37976515293,0.0
2016,8,18,9,0,0,1.75127375126,0.0
2016,8,19,9,0,0,1.74524641037,0.0
2016,8,20,9,0,0,1.43821585178,0.4
2016,8,21,9,0,0,0.891943216324,22.6
2016,8,22,9,0,0,1.46915352345,0.0
2016,8,23,9,0,0,1.57625496387,0.0
2016,8,24,9,0,0,0.730036139488,1.8
2016,8,25,9,0,0,1.15270018578,0.0
2016,8,26,9,0,0,0.520417332649,14.0
2016,8,27,9,0,0,0.88355499506,14.2
2016,8,28,9,0,0,1.73639118671,1.2
2016,8,29,9,0,0,1.4038528204,0.2
2016,8,30,9,0,0,1.74616682529,0.0
2016,8,31,9,0,0,1.13982594013,0.0
2016,9,1,9,0,0,1.56305277348,2.4
2016,9,2,9,0,0,1.70360219479,3.0
2016,9,3,9,0,0,2.4827580452,0.8
2016,9,4,9,0,0,0.737418591976,29.0
2016,9,5,9,0,0,1.73709261417,0.0
2016,9,6,9,0,0,1.76450073719,1.4
2016,9,7,9,0,0,0.886295199394,10.8
2016,9,8,9,0,0,1.44719517231,3.4
2016,9,9,9,0,0,2.34863162041,0.0
2016,9,10,9,0,0,2.9642188549,0.0
2016,9,11,9,0,0,2.55898857117,0.0
2016,9,12,9,0,0,1.22377312183,0.2
2016,9,13,9,0,0,2.36923694611,0.0
2016,9,14,9,0,0,2.55444359779,0.0
2016,9,15,9,0,0,3.00592756271,20.2
2016,9,16,9,0,0,0.49726498127,16.6
2016,9,17,9,0,0,3.00433063507,0.0
2016,9,18,9,0,0,2.91518807411,0.0
2016,9,19,9,0,0,2.80563759804,2.2
2016,9,20,9,0,0,2.94133448601,0.0
2016,9,21,9,0,0,3.31859493256,0.0
2016,9,22,9,0,0,2.88345956802,0.0
2016,9,23,9,0,0,3.43842864037,0.0
2016,9,24,9,0,0,1.72240614891,7.2
2016,9,25,9,0,0,0.906184434891,11.4
2016,9,26,9,0,0,1.69508802891,2.6
2016,9,27,9,0,0,2.36947441101,7.8
2016,9,28,9,0,0,2.30372238159,0.2
2016,9,29,9,0,0,3.06493473053,3.6
2016,9,30,9,0,0,2.50144696236,0.6
2016,10,1,9,0,0,1.89226317406,1.8
2016,10,2,9,0,0,2.5500459671,1.0
2016,10,3,9,0,0,3.19956851006,7.4
2016,10,4,9,0,0,2.89191865921,7.4
2016,10,5,9,0,0,2.51383590698,9.4
2016,10,6,9,0,0,1.4582555294,9.0
2016,10,7,9,0,0,3.07812047005,0.8
2016,10,8,9,0,0,0.920341849327,4.6
2016,10,9,9,0,0,3.01057362556,1.8
2016,10,10,9,0,0,3.02796959877,0.0
2016,10,11,9,0,0,3.07441926003,13.0
2016,10,12,9,0,0,1.70344531536,9.2
2016,10,13,9,0,0,2.87684321404,29.8
2016,10,14,9,0,0,1.37066149712,7.0
2016,10,15,9,0,0,4.1951584816,0.0
2016,10,16,9,0,0,3.12466621399,0.0
2016,10,17,9,0,0,3.72696328163,0.0
2016,10,18,9,0,0,2.80339884758,2.8
2016,10,19,9,0,0,3.5136487484,0.0
2016,10,20,9,0,0,1.58394885063,4.4
2016,10,21,9,0,0,3.12961435318,0.0
2016,10,22,9,0,0,4.71712684631,0.0
2016,10,23,9,0,0,3.65271782875,0.0
2016,10,24,9,0,0,1.72485685349,12.0
2016,10,25,9,0,0,2.87881588936,7.8
2016,10,26,9,0,0,3.25802874565,1.0
2016,10,27,9,0,0,2.92230439186,0.0
2016,10,28,9,0,0,1.26848006248,7.6
2016,10,29,9,0,0,1.54947769642,10.6
2016,10,30,9,0,0,4.11100482941,0.6
2016,10,31,9,0,0,3.36056995392,0.0
2016,11,1,9,0,0,2.24370026588,1.4
2016,11,2,9,0,0,3.2120153904,2.6
2016,11,3,9,0,0,2.93801212311,3.8
2016,11,4,9,0,0,2.72093439102,0.2
2016,11,5,9,0,0,2.64559960365,0.6
2016,11,6,9,0,0,1.94687664509,7.4
2016,11,7,9,0,0,2.49764561653,0.0
2016,11,8,9,0,0,4.43091583252,0.0
2016,11,9,9,0,0,1.14820563793,5.6
2016,11,10,9,0,0,1.19899713993,13.4
2016,11,11,9,0,0,1.07247447968,37.4
2016,11,12,9,0,0,2.94638156891,0.0
2016,11,13,9,0,0,2.75452637672,0.8
2016,11,14,9,0,0,1.57592880726,17.2
2016,11,15,9,0,0,2.78393030167,6.2
2016,11,16,9,0,0,1.95237481594,7.0
2016,11,17,9,0,0,2.82024931908,0.2
2016,11,18,9,0,0,5.16491127014,0.0
2016,11,19,9,0,0,3.84265971184,5.2
2016,11,20,9,0,0,3.47587800026,0.2
2016,11,21,9,0,0,3.33795785904,0.0
2016,11,22,9,0,0,5.97044897079,0.0
2016,11,23,9,0,0,4.48734331131,0.0
2016,11,24,9,0,0,4.59116649628,1.0
2016,11,25,9,0,0,1.68497645855,17.2
2016,11,26,9,0,0,2.89820122719,19.8
2016,11,27,9,0,0,1.86647891998,22.6
2016,11,28,9,0,0,2.48835611343,3.8
2016,11,29,9,0,0,1.42702102661,20.0
2016,11,30,9,0,0,4.27289485931,0.0
2016,12,1,9,0,0,5.31375646591,0.0
2016,12,2,9,0,0,5.78017950058,0.0
2016,12,3,9,0,0,3.51442074776,0.0
2016,12,4,9,0,0,4.8523607254,0.0
2016,12,5,9,0,0,5.48282718658,0.0
2016,12,6,9,0,0,2.5866985321,0.4
2016,12,7,9,0,0,1.46797966957,14.0
2016,12,8,9,0,0,3.57192778587,0.0
2016,12,9,9,0,0,4.54764604568,0.4
2016,12,10,9,0,0,2.48921656609,18.0
2016,12,11,9,0,0,3.06287050247,6.0
2016,12,12,9,0,0,3.46996736526,2.2
2016,12,13,9,0,0,2.97841978073,0.2
2016,12,14,9,0,0,3.26498031616,26.4
2016,12,15,9,0,0,2.4471321106,10.0
2016,12,16,9,0,0,4.598487854,0.0
2016,12,17,9,0,0,6.25071954727,0.0
2016,12,18,9,0,0,2.48646020889,5.2
2016,12,19,9,0,0,4.35215139389,0.4
2016,12,20,9,0,0,6.18351840973,0.0
2016,12,21,9,0,0,5.46601676941,13.2
2016,12,22,9,0,0,1.47800302505,13.6
2016,12,23,9,0,0,3.54288125038,0.0
2016,12,24,9,0,0,4.79994630814,0.0
2016,12,25,9,0,0,4.36444330215,0.0
2016,12,26,9,0,0,4.15118074417,0.0
2016,12,27,9,0,0,1.76411032677,0.6
2016,12,28,9,0,0,5.75893449783,0.0
2016,12,29,9,0,0,5.11611843109,0.0
2016,12,30,9,0,0,5.0590133667,0.0
2016,12,31,9,0,0,1.98117947578,13.0
2017,1,1,9,0,0,3.13469719887,0.0
2017,1,2,9,0,0,3.52149200439,5.2
2017,1,3,9,0,0,1.25545573235,7.6
2017,1,4,9,0,0,3.38362836838,2.6
2017,1,5,9,0,0,5.33601951599,0.0
2017,1,6,9,0,0,2.18507552147,1.0
2017,1,7,9,0,0,2.88242483139,1.0
2017,1,8,9,0,0,2.53163361549,0.0
2017,1,9,9,0,0,2.05005741119,4.4
2017,1,10,9,0,0,4.09131574631,2.0
2017,1,11,9,0,0,3.22484946251,11.6
2017,1,12,9,0,0,2.69657754898,6.2
2017,1,13,9,0,0,4.59345245361,0.0
2017,1,14,9,0,0,2.91265273094,7.4
2017,1,15,9,0,0,4.01966190338,0.0
2017,1,16,9,0,0,3.73119688034,0.2
2017,1,17,9,0,0,2.42466831207,18.0
2017,1,18,9,0,0,0.871285498142,84.4
2017,1,19,9,0,0,2.88021993637,5.4
2017,1,20,9,0,0,4.76040935516,0.0
2017,1,21,9,0,0,1.43244373798,32.6
2017,1,22,9,0,0,1.7501386404,18.6
2017,1,23,9,0,0,4.37728309631,0.0
2017,1,24,9,0,0,4.56661891937,6.0
2017,1,25,9,0,0,3.2763774395,2.2
2017,1,26,9,0,0,1.62340700626,9.2
2017,1,27,9,0,0,2.78252124786,1.0
2017,1,28,9,0,0,5.57891273499,0.0
2017,1,29,9,0,0,3.28974175453,0.0
2017,1,30,9,0,0,4.9628329277,0.0
2017,1,31,9,0,0,1.46849095821,1.6
2017,2,1,9,0,0,1.93208563328,19.8
2017,2,2,9,0,0,1.34190189838,3.6
2017,2,3,9,0,0,4.67408704758,0.0
2017,2,4,9,0,0,2.53270578384,0.0
2017,2,5,9,0,0,5.69786596298,0.0
2017,2,6,9,0,0,2.75882959366,7.6
2017,2,7,9,0,0,1.699172616,0.0
2017,2,8,9,0,0,4.81704807281,0.0
2017,2,9,9,0,0,4.26687335968,0.6
2017,2,10,9,0,0,2.01901555061,0.0
2017,2,11,9,0,0,4.42031431198,0.0
2017,2,12,9,0,0,3.08859562874,12.4
2017,2,13,9,0,0,2.52001523972,3.6
2017,2,14,9,0,0,3.17926025391,5.4
2017,2,15,9,0,0,4.45376348495,0.0
2017,2,16,9,0,0,4.87307977676,0.0
2017,2,17,9,0,0,3.45915007591,0.0
2017,2,18,9,0,0,3.96769165993,2.8
2017,2,19,9,0,0,4.21098899841,8.8
2017,2,20,9,0,0,3.24095964432,0.0
2017,2,21,9,0,0,4.14636802673,0.0
2017,2,22,9,0,0,3.54835700989,0.0
2017,2,23,9,0,0,4.52413272858,0.0
2017,2,24,9,0,0,4.71178865433,0.0
2017,2,25,9,0,0,4.30135917664,0.0
2017,2,26,9,0,0,4.41252756119,0.0
2017,2,27,9,0,0,4.72761392593,0.0
2017,2,28,9,0,0,4.25996589661,0.0
2017,3,1,9,0,0,4.43348169327,0.0
2017,3,2,9,0,0,4.30544424057,0.0
2017,3,3,9,0,0,2.16984152794,1.6
2017,3,4,9,0,0,3.2177491188,0.0
2017,3,5,9,0,0,3.04704999924,0.0
2017,3,6,9,0,0,2.30476093292,0.0
2017,3,7,9,0,0,1.06763505936,6.6
2017,3,8,9,0,0,4.35956668854,0.0
2017,3,9,9,0,0,4.55717849731,0.0
2017,3,10,9,0,0,2.39770889282,2.8
2017,3,11,9,0,0,0.917357325554,13.0
2017,3,12,9,0,0,1.54497897625,11.0
2017,3,13,9,0,0,1.35571885109,6.8
2017,3,14,9,0,0,3.08615589142,0.0
2017,3,15,9,0,0,3.94258236885,0.0
2017,3,16,9,0,0,3.69932031631,0.0
2017,3,17,9,0,0,3.93816065788,0.0
2017,3,18,9,0,0,2.98694038391,0.2
2017,3,19,9,0,0,2.30051064491,0.0
2017,3,20,9,0,0,3.13550448418,0.0
2017,3,21,9,0,0,1.78918766975,0.6
2017,3,22,9,0,0,3.10854291916,0.0
2017,3,23,9,0,0,3.7695441246,0.0
2017,3,24,9,0,0,1.99702048302,5.2
2017,3,25,9,0,0,1.81985247135,8.2
2017,3,26,9,0,0,1.39048397541,6.2
2017,3,27,9,0,0,2.30527687073,3.6
2017,3,28,9,0,0,3.56923794746,0.0
2017,3,29,9,0,0,3.17820119858,0.0
2017,3,30,9,0,0,2.78791594505,0.0
2017,3,31,9,0,0,2.30794334412,0.0
2017,4,1,9,0,0,1.67726647854,0.0
2017,4,2,9,0,0,0.964884757996,7.6
2017,4,3,9,0,0,1.90862095356,0.2
2017,4,4,9,0,0,2.90763354301,0.0
2017,4,5,9,0,0,1.712646842,11.6
2017,4,6,9,0,0,1.35491883755,0.4
2017,4,7,9,0,0,2.90925860405,0.0
2017,4,8,9,0,0,1.24613726139,0.0
2017,4,9,9,0,0,2.69899606705,0.0
2017,4,10,9,0,0,2.34112381935,0.4
2017,4,11,9,0,0,0.778090238571,59.6
2017,4,12,9,0,0,0.538032472134,32.0
2017,4,13,9,0,0,0.776582539082,12.0
2017,4,14,9,0,0,1.14162409306,25.4
2017,4,15,9,0,0,1.56327521801,9.2
2017,4,16,9,0,0,2.08014082909,0.0
2017,4,17,9,0,0,2.32762169838,0.0
2017,4,18,9,0,0,1.80295526981,2.6
2017,4,19,9,0,0,1.51624166965,2.8
2017,4,20,9,0,0,2.12634992599,0.0
2017,4,21,9,0,0,1.77306187153,0.0
2017,4,22,9,0,0,1.97658622265,0.0
2017,4,23,9,0,0,1.71541619301,0.6
2017,4,24,9,0,0,2.10180711746,0.0
2017,4,25,9,0,0,1.7012680769,0.0
2017,4,26,9,0,0,1.31834697723,0.0
2017,4,27,9,0,0,1.8325650692,9.4
2017,4,28,9,0,0,1.10450482368,3.2
2017,4,29,9,0,0,1.16851389408,0.4
2017,4,30,9,0,0,0.541505753994,5.8
2017,5,1,9,0,0,2.02809882164,0.0
2017,5,2,9,0,0,0.964044868946,0.0
2017,5,3,9,0,0,0.603703856468,37.0
2017,5,4,9,0,0,0.75608921051,3.2
2017,5,5,9,0,0,1.57751071453,0.0
2017,5,6,9,0,0,0.950061261654,0.0
2017,5,7,9,0,0,1.46345818043,0.0
2017,5,8,9,0,0,1.11865997314,0.4
2017,5,9,9,0,0,0.934763908386,4.6
2017,5,10,9,0,0,0.529275536537,7.4
2017,5,11,9,0,0,0.481669336557,24.8
2017,5,12,9,0,0,1.50516450405,0.2
2017,5,13,9,0,0,1.65536499023,0.0
2017,5,14,9,0,0,0.934191584587,0.0
2017,5,15,9,0,0,0.832290053368,0.0
2017,5,16,9,0,0,0.879242658615,10.6
2017,5,17,9,0,0,0.636007070541,43.4
2017,5,18,9,0,0,1.10506272316,8.4
2017,5,19,9,0,0,0.644278228283,20.6
2017,5,20,9,0,0,1.02124321461,0.2
2017,5,21,9,0,0,1.18621742725,0.0
2017,5,22,9,0,0,0.641929864883,0.2
2017,5,23,9,0,0,0.620767951012,8.2
2017,5,24,9,0,0,0.905754506588,0.0
2017,5,25,9,0,0,1.07362735271,0.0
2017,5,26,9,0,0,0.895718097687,41.0
2017,5,27,9,0,0,0.780904948711,0.2
2017,5,28,9,0,0,1.31647527218,0.0
2017,5,29,9,0,0,0.971932888031,0.4
2017,5,30,9,0,0,0.683853089809,0.0
2017,5,31,9,0,0,0.798367798328,0.0
2017,6,1,9,0,0,1.06814777851,0.0
2017,6,2,9,0,0,1.09988927841,0.0
2017,6,3,9,0,0,0.931640803814,0.0
2017,6,4,9,0,0,0.421174496412,1.8
2017,6,5,9,0,0,1.33778059483,0.0
2017,6,6,9,0,0,1.06214702129,0.0
2017,6,7,9,0,0,0.997638165951,0.0
2017,6,8,9,0,0,0.951554298401,0.0
2017,6,9,9,0,0,0.95588773489,0.6
2017,6,10,9,0,0,0.706187844276,0.2
2017,6,11,9,0,0,0.935661673546,0.0
2017,6,12,9,0,0,0.707629442215,17.0
2017,6,13,9,0,0,0.405519872904,18.0
2017,6,14,9,0,0,1.03318226337,0.0
2017,6,15,9,0,0,0.716191709042,0.4
2017,6,16,9,0,0,0.574773788452,0.0
2017,6,17,9,0,0,0.769168436527,0.0
2017,6,18,9,0,0,0.589880466461,0.0
2017,6,19,9,0,0,0.739185810089,0.2
2017,6,20,9,0,0,0.871476650238,0.0
2017,6,21,9,0,0,0.941413521767,0.0
2017,6,22,9,0,0,0.680576384068,0.0
2017,6,23,9,0,0,1.0702329874,0.6
2017,6,24,9,0,0,0.64967918396,4.2
2017,6,25,9,0,0,0.918106019497,0.4
2017,6,26,9,0,0,0.816348671913,0.0
2017,6,27,9,0,0,0.821255147457,0.0
2017,6,28,9,0,0,0.553435564041,0.2
2017,6,29,9,0,0,0.643275499344,0.0
2017,6,30,9,0,0,0.455340743065,46.6
2017,7,1,9,0,0,0.350158333778,21.8
2017,7,2,9,0,0,0.624151170254,0.2
2017,7,3,9,0,0,0.844350934029,4.8
2017,7,4,9,0,0,0.855260074139,2.0
2017,7,5,9,0,0,0.806714832783,0.0
2017,7,6,9,0,0,0.571673214436,0.0
2017,7,7,9,0,0,0.639011263847,0.0
2017,7,8,9,0,0,0.751756310463,0.2
2017,7,9,9,0,0,0.762622892857,0.4
2017,7,10,9,0,0,0.82005918026,0.8
2017,7,11,9,0,0,0.679372668266,4.2
2017,7,12,9,0,0,1.41787219048,0.0
2017,7,13,9,0,0,1.3780477047,0.0
2017,7,14,9,0,0,1.19915521145,0.0
2017,7,15,9,0,0,1.10847640038,0.0
2017,7,16,9,0,0,0.366826713085,27.0
2017,7,17,9,0,0,0.828033208847,0.2
2017,7,18,9,0,0,0.979290544987,0.0
2017,7,19,9,0,0,0.97701895237,0.0
2017,7,20,9,0,0,0.755953371525,10.0
2017,7,21,9,0,0,0.260821163654,13.8
2017,7,22,9,0,0,1.27095746994,0.0
2017,7,23,9,0,0,1.25872385502,0.0
2017,7,24,9,0,0,0.484666883945,10.2
2017,7,25,9,0,0,0.987895488739,0.0
2017,7,26,9,0,0,0.79194945097,10.8
2017,7,27,9,0,0,0.78051584959,8.6
2017,7,28,9,0,0,1.34610879421,0.0
2017,7,29,9,0,0,1.39148724079,0.0
2017,7,30,9,0,0,1.25602328777,0.0
2017,7,31,9,0,0,0.707381546497,15.4
2017,8,1,9,0,0,1.12178063393,0.0
2017,8,2,9,0,0,1.54758954048,0.0
2017,8,3,9,0,0,1.43524122238,0.0
2017,8,4,9,0,0,1.505407691,0.0
2017,8,5,9,0,0,1.53325247765,13.4
2017,8,6,9,0,0,0.649877011776,15.0
2017,8,7,9,0,0,1.33663868904,0.0
2017,8,8,9,0,0,0.562685728073,32.8
2017,8,9,9,0,0,0.335334062576,26.4
2017,8,10,9,0,0,0.812437713146,2.4
2017,8,11,9,0,0,0.73655807972,15.2
2017,8,12,9,0,0,1.40154838562,10.6
2017,8,13,9,0,0,0.550278604031,13.6
2017,8,14,9,0,0,0.870887160301,1.6
2017,8,15,9,0,0,0.808389782906,3.2
2017,8,16,9,0,0,1.33502399921,43.2
2017,8,17,9,0,0,0.771279394627,15.4
2017,8,18,9,0,0,0.847583413124,4.0
2017,8,19,9,0,0,0.933149576187,0.0
2017,8,20,9,0,0,1.66752552986,0.0
2017,8,21,9,0,0,2.01873755455,0.0
2017,8,22,9,0,0,2.14888525009,0.0
2017,8,23,9,0,0,1.59399294853,0.0
2017,8,24,9,0,0,1.29951870441,0.0
2017,8,25,9,0,0,2.02415418625,0.0
2017,8,26,9,0,0,1.12063443661,2.4
2017,8,27,9,0,0,1.65047371387,7.2
2017,8,28,9,0,0,0.84362500906,17.8
2017,8,29,9,0,0,1.85924816132,0.0
2017,8,30,9,0,0,1.85952472687,0.2
2017,8,31,9,0,0,1.38032865524,0.0
2017,9,1,9,0,0,1.71114218235,0.0
2017,9,2,9,0,0,2.3458340168,0.0
2017,9,3,9,0,0,2.36116433144,0.0
2017,9,4,9,0,0,1.90047705173,0.0
2017,9,5,9,0,0,0.746661543846,17.2
2017,9,6,9,0,0,1.88022983074,28.4
2017,9,7,9,0,0,0.916031897068,23.6
2017,9,8,9,0,0,0.95971006155,18.8
2017,9,9,9,0,0,1.07525861263,15.0
2017,9,10,9,0,0,1.43669271469,6.0
2017,9,11,9,0,0,2.14895057678,0.8
2017,9,12,9,0,0,1.22917056084,1.4
2017,9,13,9,0,0,1.0405292511,1.2
2017,9,14,9,0,0,1.3941783905,1.2
2017,9,15,9,0,0,0.997466623783,25.6
2017,9,16,9,0,0,1.63577544689,12.6
2017,9,17,9,0,0,0.416422307491,46.0
2017,9,18,9,0,0,0.631528556347,7.2
2017,9,19,9,0,0,2.62346339226,0.0
2017,9,20,9,0,0,1.74553763866,8.8
2017,9,21,9,0,0,2.35396909714,0.0
2017,9,22,9,0,0,2.96260786057,0.0
2017,9,23,9,0,0,2.44245290756,0.0
2017,9,24,9,0,0,1.97568309307,5.8
2017,9,25,9,0,0,0.524753630161,33.2
2017,9,26,9,0,0,1.16789758205,17.8
2017,9,27,9,0,0,2.65588092804,10.6
2017,9,28,9,0,0,2.64467811584,1.2
2017,9,29,9,0,0,2.01214623451,1.4
2017,9,30,9,0,0,3.18857884407,0.0
2017,10,1,9,0,0,2.20717453957,2.2
2017,10,2,9,0,0,2.00611186028,4.2
2017,10,3,9,0,0,2.75142812729,0.0
2017,10,4,9,0,0,2.06302261353,2.0
2017,10,5,9,0,0,3.2231388092,0.4
2017,10,6,9,0,0,1.82310199738,11.8
2017,10,7,9,0,0,0.548758029938,13.4
2017,10,8,9,0,0,2.1024479866,0.0
2017,10,9,9,0,0,2.58292078972,3.2
2017,10,10,9,0,0,2.14512991905,10.0
2017,10,11,9,0,0,1.99190413952,2.4
2017,10,12,9,0,0,2.8489010334,0.2
2017,10,13,9,0,0,2.25146627426,0.4
2017,10,14,9,0,0,1.79045820236,14.2
2017,10,15,9,0,0,2.38195538521,2.8
2017,10,16,9,0,0,2.93518090248,3.4
2017,10,17,9,0,0,1.99266350269,0.0
2017,10,18,9,0,0,3.90654540062,0.0
2017,10,19,9,0,0,3.62598562241,0.0
2017,10,20,9,0,0,2.37931370735,0.0
2017,10,21,9,0,0,2.09582138062,1.4
2017,10,22,9,0,0,2.70972824097,2.4
2017,10,23,9,0,0,2.17171478271,11.8
2017,10,24,9,0,0,2.98959708214,0.0
2017,10,25,9,0,0,1.30233764648,17.8
2017,10,26,9,0,0,2.80754828453,0.0
2017,10,27,9,0,0,4.10508823395,0.0
2017,10,28,9,0,0,4.79948234558,0.0
2017,10,29,9,0,0,2.38965988159,0.2
2017,10,30,9,0,0,3.53008127213,0.0
2017,10,31,9,0,0,4.36151981354,0.0
2017,11,1,9,0,0,3.48808169365,0.0
2017,11,2,9,0,0,3.95672678947,20.6
2017,11,3,9,0,0,1.76515221596,5.2
2017,11,4,9,0,0,2.72542858124,3.4
2017,11,5,9,0,0,1.64753246307,15.0
2017,11,6,9,0,0,3.66486477852,0.0
2017,11,7,9,0,0,2.69082546234,45.0
2017,11,8,9,0,0,2.68774795532,1.4
2017,11,9,9,0,0,4.00897407532,1.0
2017,11,10,9,0,0,3.04609322548,0.0
2017,11,11,9,0,0,4.77340888977,0.0
2017,11,12,9,0,0,3.85271191597,0.8
2017,11,13,9,0,0,4.69021558762,0.0
2017,11,14,9,0,0,4.39968681335,0.0
2017,11,15,9,0,0,4.80354547501,0.0
2017,11,16,9,0,0,1.83383345604,3.2
2017,11,17,9,0,0,5.13070201874,0.0
2017,11,18,9,0,0,5.47666025162,0.0
2017,11,19,9,0,0,5.75602054596,0.0
2017,11,20,9,0,0,6.03596162796,0.0
2017,11,21,9,0,0,4.79627418518,0.0
2017,11,22,9,0,0,5.55832910538,0.0
2017,11,23,9,0,0,5.72994804382,0.0
2017,11,24,9,0,0,3.32002735138,0.0
2017,11,25,9,0,0,4.53279018402,0.0
2017,11,26,9,0,0,3.85624170303,0.0
2017,11,27,9,0,0,5.34358596802,0.0
2017,11,28,9,0,0,5.97388410568,0.0
2017,11,29,9,0,0,5.4929356575,0.0
2017,11,30,9,0,0,4.37672138214,0.8
2017,12,1,9,0,0,5.9133939743,0.0
2017,12,2,9,0,0,5.46425151825,0.0
2017,12,3,9,0,0,5.9809217453,0.0
2017,12,4,9,0,0,6.45753240585,0.0
2017,12,5,9,0,0,6.73480224609,0.0
2017,12,6,9,0,0,6.12017822266,0.0
2017,12,7,9,0,0,6.72543525696,0.0
2017,12,8,9,0,0,6.77574157715,0.0
2017,12,9,9,0,0,2.60128641129,2.8
2017,12,10,9,0,0,5.1299328804,0.0
2017,12,11,9,0,0,5.81442689896,0.0
2017,12,12,9,0,0,3.60067152977,0.2
2017,12,13,9,0,0,2.88814854622,12.2
2017,12,14,9,0,0,5.61234521866,0.0
2017,12,15,9,0,0,5.06737565994,0.0
2017,12,16,9,0,0,6.50680351257,0.0
2017,12,17,9,0,0,4.58013916016,0.0
2017,12,18,9,0,0,5.87887239456,0.0
2017,12,19,9,0,0,1.792745471,2.2
2017,12,20,9,0,0,6.04963541031,0.0
2017,12,21,9,0,0,3.00161528587,0.0
2017,12,22,9,0,0,5.18069791794,0.0
2017,12,23,9,0,0,5.25288724899,0.0
2017,12,24,9,0,0,5.25984430313,0.0
2017,12,25,9,0,0,5.76345252991,12.6
2017,12,26,9,0,0,4.80635023117,0.0
2017,12,27,9,0,0,6.40647792816,0.0
2017,12,28,9,0,0,5.82490301132,0.0
2017,12,29,9,0,0,6.64616203308,0.0
2017,12,30,9,0,0,5.02247238159,0.0
2017,12,31,9,0,0,2.45453214645,0.0
2018,1,1,9,0,0,4.61604070663,0.0
2018,1,2,9,0,0,4.32281541824,0.0
2018,1,3,9,0,0,6.00019073486,0.0
2018,1,4,9,0,0,3.71356034279,11.6
2018,1,5,9,0,0,1.76600968838,2.6
2018,1,6,9,0,0,5.91122913361,0.0
2018,1,7,9,0,0,4.66089248657,0.0
2018,1,8,9,0,0,4.95994615555,0.0
2018,1,9,9,0,0,1.65800392628,16.6
2018,1,10,9,0,0,1.29036533833,33.0
2018,1,11,9,0,0,1.07437741756,45.2
2018,1,12,9,0,0,2.36996483803,12.2
2018,1,13,9,0,0,4.55336380005,0.6
2018,1,14,9,0,0,6.30046367645,0.0
2018,1,15,9,0,0,5.37995624542,0.0
2018,1,16,9,0,0,4.18219423294,0.0
2018,1,17,9,0,0,1.76862943172,30.4
2018,1,18,9,0,0,4.86769723892,0.8
2018,1,19,9,0,0,4.74585056305,0.0
2018,1,20,9,0,0,4.67489719391,0.0
2018,1,21,9,0,0,5.74361371994,0.0
2018,1,22,9,0,0,3.86588835716,0.0
2018,1,23,9,0,0,5.51648616791,0.0
2018,1,24,9,0,0,5.64499187469,0.0
2018,1,25,9,0,0,4.88474225998,0.0
2018,1,26,9,0,0,5.57727575302,0.0
2018,1,27,9,0,0,5.76074743271,0.0
2018,1,28,9,0,0,6.14728736877,0.0
2018,1,29,9,0,0,6.20286369324,0.0
2018,1,30,9,0,0,5.876973629,0.0
2018,1,31,9,0,0,2.75336623192,21.4
2018,2,1,9,0,0,2.43525767326,17.8
2018,2,2,9,0,0,2.67614579201,1.6
2018,2,3,9,0,0,5.40234994888,0.0
2018,2,4,9,0,0,2.55156254768,0.4
2018,2,5,9,0,0,3.5746011734,8.0
2018,2,6,9,0,0,3.65827655792,0.2
2018,2,7,9,0,0,5.28954744339,0.0
2018,2,8,9,0,0,5.77839374542,0.0
2018,2,9,9,0,0,5.68020439148,0.0
2018,2,10,9,0,0,4.14587497711,33.4
2018,2,11,9,0,0,1.10530304909,53.6
2018,2,12,9,0,0,5.44992637634,0.0
2018,2,13,9,0,0,2.56760215759,0.0
2018,2,14,9,0,0,3.57137298584,0.0
2018,2,15,9,0,0,3.09395360947,0.0
2018,2,16,9,0,0,4.58966445923,7.6
2018,2,17,9,0,0,1.77960932255,25.4
2018,2,18,9,0,0,4.50728607178,0.0
2018,2,19,9,0,0,3.24454212189,5.6
2018,2,20,9,0,0,0.529396355152,33.4
2018,2,21,9,0,0,1.95155656338,5.6
2018,2,22,9,0,0,4.38566112518,0.0
2018,2,23,9,0,0,3.50997114182,0.0
2018,2,24,9,0,0,3.69099807739,0.0
2018,2,25,9,0,0,2.91811299324,15.0
2018,2,26,9,0,0,3.69605588913,0.2
2018,2,27,9,0,0,2.43699359894,4.8
2018,2,28,9,0,0,1.39076459408,0.6
2018,3,1,9,0,0,3.01280641556,5.6
2018,3,2,9,0,0,1.53732299805,2.8
2018,3,3,9,0,0,2.21721339226,0.6
2018,3,4,9,0,0,2.65994358063,2.6
2018,3,5,9,0,0,3.13286733627,0.0
2018,3,6,9,0,0,2.42020916939,3.6
2018,3,7,9,0,0,3.3765130043,0.0
2018,3,8,9,0,0,4.72205066681,0.0
2018,3,9,9,0,0,4.30364656448,0.0
2018,3,10,9,0,0,3.85351324081,0.0
2018,3,11,9,0,0,4.05831623077,0.0
2018,3,12,9,0,0,3.18443179131,0.8
2018,3,13,9,0,0,2.34274625778,8.6
2018,3,14,9,0,0,2.01800918579,1.0
2018,3,15,9,0,0,2.49586367607,0.6
2018,3,16,9,0,0,2.77223682404,0.0
2018,3,17,9,0,0,2.85825538635,0.0
2018,3,18,9,0,0,2.86135005951,0.0
2018,3,19,9,0,0,1.95123517513,0.0
2018,3,20,9,0,0,2.67440366745,0.0
2018,3,21,9,0,0,1.53520083427,14.4
2018,3,22,9,0,0,1.68091416359,15.0
2018,3,23,9,0,0,0.846031606197,4.6
2018,3,24,9,0,0,2.05034470558,4.8
2018,3,25,9,0,0,1.85264492035,1.2
2018,3,26,9,0,0,2.72102570534,1.2
2018,3,27,9,0,0,1.45478987694,20.8
2018,3,28,9,0,0,3.1912791729,0.0
2018,3,29,9,0,0,2.51573371887,0.0
2018,3,30,9,0,0,2.87435865402,0.0
2018,3,31,9,0,0,1.19183719158,7.6
2018,4,1,9,0,0,2.2096054554,0.0
2018,4,2,9,0,0,1.27857542038,6.8
2018,4,3,9,0,0,1.9150301218,0.0
2018,4,4,9,0,0,2.64521622658,4.2
2018,4,5,9,0,0,2.82191348076,0.0
2018,4,6,9,0,0,2.24578762054,1.2
2018,4,7,9,0,0,2.51179862022,0.0
2018,4,8,9,0,0,1.51634609699,0.4
2018,4,9,9,0,0,1.15924322605,21.4
2018,4,10,9,0,0,0.73038238287,2.4
2018,4,11,9,0,0,2.0131111145,0.0
2018,4,12,9,0,0,0.819629788399,1.8
2018,4,13,9,0,0,1.27345442772,0.0
2018,4,14,9,0,0,1.58223521709,0.0
2018,4,15,9,0,0,1.30537772179,81.0
2018,4,16,9,0,0,1.29922294617,21.0
2018,4,17,9,0,0,1.39904367924,7.6
2018,4,18,9,0,0,1.70705974102,3.8
2018,4,19,9,0,0,1.35712349415,1.6
2018,4,20,9,0,0,0.676303446293,5.2
2018,4,21,9,0,0,1.1739783287,5.8
2018,4,22,9,0,0,1.86230671406,0.0
2018,4,23,9,0,0,1.9061164856,0.0
2018,4,24,9,0,0,1.47689342499,0.2
2018,4,25,9,0,0,1.65072262287,0.0
2018,4,26,9,0,0,1.89591825008,0.0
2018,4,27,9,0,0,0.806385576725,1.2
2018,4,28,9,0,0,0.664666414261,11.0
2018,4,29,9,0,0,1.0953810215,19.2
2018,4,30,9,0,0,0.397007703781,10.0
2018,5,1,9,0,0,1.88220739365,0.0
2018,5,2,9,0,0,1.79417037964,0.0
2018,5,3,9,0,0,1.41462135315,0.0
2018,5,4,9,0,0,1.37361800671,0.0
2018,5,5,9,0,0,0.80133575201,13.8
2018,5,6,9,0,0,1.30968999863,6.2
2018,5,7,9,0,0,0.910865545273,0.2
2018,5,8,9,0,0,0.94329482317,7.6
2018,5,9,9,0,0,1.73560929298,0.0
2018,5,10,9,0,0,0.591333031654,1.4
2018,5,11,9,0,0,0.67046636343,12.0
2018,5,12,9,0,0,1.13013267517,2.8
2018,5,13,9,0,0,0.435148686171,8.8
2018,5,14,9,0,0,1.65973818302,1.6
2018,5,15,9,0,0,0.877614796162,18.2
2018,5,16,9,0,0,0.427195578814,17.6
2018,5,17,9,0,0,0.887199580669,5.0
2018,5,18,9,0,0,0.692432641983,11.6
2018,5,19,9,0,0,0.985850095749,2.8
2018,5,20,9,0,0,0.78206384182,15.2
2018,5,21,9,0,0,0.853137671947,4.4
2018,5,22,9,0,0,0.46615216136,37.4
2018,5,23,9,0,0,0.736456573009,5.0
2018,5,24,9,0,0,0.633532643318,18.0
2018,5,25,9,0,0,1.10809111595,0.0
2018,5,26,9,0,0,0.699527800083,6.6
2018,5,27,9,0,0,1.17298543453,0.2
2018,5,28,9,0,0,1.19125080109,0.0
2018,5,29,9,0,0,1.10091102123,0.0
2018,5,30,9,0,0,0.638865292072,0.0
2018,5,31,9,0,0,0.932101547718,0.0
2018,6,1,9,0,0,1.16879403591,0.0
2018,6,2,9,0,0,1.21316659451,0.0
2018,6,3,9,0,0,0.896208703518,0.0
2018,6,4,9,0,0,0.769493699074,0.0
2018,6,5,9,0,0,0.948213279247,1.6
2018,6,6,9,0,0,1.30438017845,0.2
2018,6,7,9,0,0,1.00498020649,0.0
2018,6,8,9,0,0,1.11757707596,0.0
2018,6,9,9,0,0,0.872622609138,0.0
2018,6,10,9,0,0,0.750035881996,0.0
2018,6,11,9,0,0,0.942610919476,0.0
2018,6,12,9,0,0,0.842764675617,0.0
2018,6,13,9,0,0,1.58982253075,0.0
2018,6,14,9,0,0,0.699230194092,0.0
2018,6,15,9,0,0,0.629329621792,0.4
2018,6,16,9,0,0,0.474767833948,12.8
2018,6,17,9,0,0,0.750636279583,5.2
2018,6,18,9,0,0,0.451302200556,0.0
2018,6,19,9,0,0,1.41849350929,0.0
2018,6,20,9,0,0,1.12333333492,0.0
2018,6,21,9,0,0,1.04530143738,0.0
2018,6,22,9,0,0,0.535516738892,0.0
2018,6,23,9,0,0,0.709389984608,0.8
2018,6,24,9,0,0,0.366604715586,20.8
2018,6,25,9,0,0,0.438404232264,14.4
2018,6,26,9,0,0,0.971128821373,0.0
2018,6,27,9,0,0,0.991712808609,0.0
2018,6,28,9,0,0,0.886247456074,0.0
2018,6,29,9,0,0,0.643209993839,0.0
2018,6,30,9,0,0,0.76142090559,1.8
2018,7,1,9,0,0,0.416531592607,28.6
2018,7,2,9,0,0,0.934128284454,0.2
2018,7,3,9,0,0,0.85870206356,0.0
2018,7,4,9,0,0,0.902878820896,0.0
2018,7,5,9,0,0,0.587694048882,0.2
2018,7,6,9,0,0,0.531339287758,6.2
2018,7,7,9,0,0,0.455294549465,45.2
2018,7,8,9,0,0,0.225019484758,51.0
2018,7,9,9,0,0,0.541530072689,8.6
2018,7,10,9,0,0,0.735389471054,0.4
2018,7,11,9,0,0,0.71570366621,8.0
2018,7,12,9,0,0,0.955895245075,1.6
2018,7,13,9,0,0,0.944402337074,0.2
2018,7,14,9,0,0,0.892266750336,0.0
2018,7,15,9,0,0,0.948840677738,3.6
2018,7,16,9,0,0,0.621548771858,9.2
2018,7,17,9,0,0,1.16103029251,0.0
2018,7,18,9,0,0,0.857316672802,0.0
2018,7,19,9,0,0,0.705286681652,0.0
2018,7,20,9,0,0,0.884058773518,0.0
2018,7,21,9,0,0,0.662581086159,36.8
2018,7,22,9,0,0,0.560504317284,29.6
2018,7,23,9,0,0,0.681322395802,7.2
2018,7,24,9,0,0,0.53675442934,2.6
2018,7,25,9,0,0,0.865211963654,5.6
2018,7,26,9,0,0,0.840034365654,2.0
2018,7,27,9,0,0,0.658545076847,13.4
2018,7,28,9,0,0,0.687839210033,13.4
2018,7,29,9,0,0,0.86279797554,5.2
2018,7,30,9,0,0,1.10602664948,2.8
2018,7,31,9,0,0,0.790348947048,10.4
2018,8,1,9,0,0,1.04174029827,23.2
2018,8,2,9,0,0,0.334321588278,22.8
2018,8,3,9,0,0,1.13165187836,0.0
2018,8,4,9,0,0,1.1916885376,0.0
2018,8,5,9,0,0,1.31008017063,0.0
2018,8,6,9,0,0,1.17799329758,0.2
2018,8,7,9,0,0,0.89214849472,9.0
2018,8,8,9,0,0,0.429687529802,29.8
2018,8,9,9,0,0,1.35119915009,0.0
2018,8,10,9,0,0,1.68739187717,0.0
2018,8,11,9,0,0,1.73872184753,0.0
2018,8,12,9,0,0,1.15233802795,0.0
2018,8,13,9,0,0,1.0749849081,0.0
2018,8,14,9,0,0,0.59792137146,4.2
2018,8,15,9,0,0,1.68406867981,0.0
2018,8,16,9,0,0,0.778920292854,23.0
2018,8,17,9,0,0,0.910612761974,2.2
2018,8,18,9,0,0,1.74291884899,0.0
2018,8,19,9,0,0,1.74732005596,9.6
2018,8,20,9,0,0,0.572828173637,36.2
2018,8,21,9,0,0,0.900886297226,10.6
2018,8,22,9,0,0,1.37331771851,2.8
2018,8,23,9,0,0,1.56361281872,0.2
2018,8,24,9,0,0,1.76657092571,0.8
2018,8,25,9,0,0,1.21003055573,1.2
2018,8,26,9,0,0,1.51901161671,0.0
2018,8,27,9,0,0,1.55499601364,0.0
2018,8,28,9,0,0,1.71647334099,0.2
2018,8,29,9,0,0,0.773168325424,13.8
2018,8,30,9,0,0,1.76165342331,0.0
2018,8,31,9,0,0,1.79488241673,0.0
2018,9,1,9,0,0,1.79170644283,1.6
2018,9,2,9,0,0,0.988809466362,21.0
2018,9,3,9,0,0,0.900223374367,0.0
2018,9,4,9,0,0,2.16837096214,0.0
2018,9,5,9,0,0,2.74099779129,0.0
2018,9,6,9,0,0,2.1986451149,0.0
2018,9,7,9,0,0,2.74269962311,0.0
2018,9,8,9,0,0,2.69107699394,0.0
2018,9,9,9,0,0,2.66140055656,0.0
2018,9,10,9,0,0,2.39576911926,0.0
2018,9,11,9,0,0,2.78680849075,0.0
2018,9,12,9,0,0,2.63477540016,0.0
2018,9,13,9,0,0,1.98022294044,2.8
2018,9,14,9,0,0,1.97002506256,0.2
2018,9,15,9,0,0,2.86257910728,0.0
2018,9,16,9,0,0,1.35582232475,8.4
2018,9,17,9,0,0,0.757052719593,19.6
2018,9,18,9,0,0,2.65225934982,0.0
2018,9,19,9,0,0,2.70107626915,0.0
2018,9,20,9,0,0,2.86774921417,0.0
2018,9,21,9,0,0,1.25288665295,0.0
2018,9,22,9,0,0,3.59769129753,0.0
2018,9,23,9,0,0,2.42306566238,0.2
2018,9,24,9,0,0,1.48558080196,8.8
2018,9,25,9,0,0,2.46648788452,6.0
2018,9,26,9,0,0,1.80611455441,1.2
2018,9,27,9,0,0,1.84488594532,1.0
2018,9,28,9,0,0,2.31787991524,0.0
2018,9,29,9,0,0,2.35403823853,0.4
2018,9,30,9,0,0,1.66046380997,8.0
2018,10,1,9,0,0,2.19411897659,3.2
2018,10,2,9,0,0,2.52030229568,0.0
2018,10,3,9,0,0,2.710324049,0.0
2018,10,4,9,0,0,2.06223654747,0.0
2018,10,5,9,0,0,1.90646886826,0.2
2018,10,6,9,0,0,2.59846830368,0.0
2018,10,7,9,0,0,3.57145166397,0.0
2018,10,8,9,0,0,2.96727705002,0.0
2018,10,9,9,0,0,2.85884976387,0.0
2018,10,10,9,0,0,2.02775073051,0.0
2018,10,11,9,0,0,0.876948237419,21.0
2018,10,12,9,0,0,1.23766672611,0.0
2018,10,13,9,0,0,3.86953091621,0.0
2018,10,14,9,0,0,4.04014825821,0.0
2018,10,15,9,0,0,3.83170604706,0.0
2018,10,16,9,0,0,2.39199638367,0.0
2018,10,17,9,0,0,2.47035622597,0.0
2018,10,18,9,0,0,3.45597171783,0.2
2018,10,19,9,0,0,2.7946536541,0.0
2018,10,20,9,0,0,2.66647076607,0.0
2018,10,21,9,0,0,4.24189805984,0.0
2018,10,22,9,0,0,4.2269282341,0.0
2018,10,23,9,0,0,3.78939414024,0.0
2018,10,24,9,0,0,2.43111157417,0.0
2018,10,25,9,0,0,1.58540821075,6.4
2018,10,26,9,0,0,2.5835545063,0.0
2018,10,27,9,0,0,2.85208916664,0.0
2018,10,28,9,0,0,3.05797624588,0.8
2018,10,29,9,0,0,1.55495893955,9.6
2018,10,30,9,0,0,1.45615005493,0.2
2018,10,31,9,0,0,3.51128745079,3.8
2018,11,1,9,0,0,3.84352016449,0.0
2018,11,2,9,0,0,3.27672982216,2.4
2018,11,3,9,0,0,0.852018177509,20.0
2018,11,4,9,0,0,2.22954010963,4.0
2018,11,5,9,0,0,3.41758227348,0.0
2018,11,6,9,0,0,3.45645308495,0.0
2018,11,7,9,0,0,2.87124276161,5.4
2018,11,8,9,0,0,0.753215551376,54.2
2018,11,9,9,0,0,0.896881759167,19.8
2018,11,10,9,0,0,2.56732177734,0.0
2018,11,11,9,0,0,4.77662086487,0.0
2018,11,12,9,0,0,4.98940563202,0.0
2018,11,13,9,0,0,4.96282243729,0.0
2018,11,14,9,0,0,4.44510698318,0.0
2018,11,15,9,0,0,5.16425800323,0.0
2018,11,16,9,0,0,3.21860361099,0.6
2018,11,17,9,0,0,3.0571141243,0.2
2018,11,18,9,0,0,2.91412949562,7.2
2018,11,19,9,0,0,3.77835154533,0.8
2018,11,20,9,0,0,2.84409189224,0.0
2018,11,21,9,0,0,4.30927944183,6.2
2018,11,22,9,0,0,4.50173187256,0.0
2018,11,23,9,0,0,4.87595319748,1.0
2018,11,24,9,0,0,2.86552190781,1.2
2018,11,25,9,0,0,4.09829378128,0.0
2018,11,26,9,0,0,2.66827821732,0.0
2018,11,27,9,0,0,4.19468021393,0.0
2018,11,28,9,0,0,3.44624781609,3.8
2018,11,29,9,0,0,4.6050453186,6.2
2018,11,30,9,0,0,4.86088275909,0.0
2018,12,1,9,0,0,2.6519973278,0.0
2018,12,2,9,0,0,4.83255958557,2.6
2018,12,3,9,0,0,4.32992219925,8.0
2018,12,4,9,0,0,2.77716231346,17.2
2018,12,5,9,0,0,1.50193107128,13.8
2018,12,6,9,0,0,4.53106069565,0.0
2018,12,7,9,0,0,5.47139310837,0.0
2018,12,8,9,0,0,5.47085046768,0.0
2018,12,9,9,0,0,5.53370904922,0.0
2018,12,10,9,0,0,5.17475557327,0.0
2018,12,11,9,0,0,1.70689713955,19.0
2018,12,12,9,0,0,3.46163916588,1.8
2018,12,13,9,0,0,3.32386994362,48.6
2018,12,14,9,0,0,3.34239602089,0.2
2018,12,15,9,0,0,5.46863603592,0.0
2018,12,16,9,0,0,5.79408979416,0.0
2018,12,17,9,0,0,5.89172315598,0.0
2018,12,18,9,0,0,3.52042555809,3.2
2018,12,19,9,0,0,2.76278138161,16.0
2018,12,20,9,0,0,2.61454820633,0.6
2018,12,21,9,0,0,2.43032717705,12.8
2018,12,22,9,0,0,3.73111987114,0.0
2018,12,23,9,0,0,5.48567199707,0.0
2018,12,24,9,0,0,6.62723302841,0.0
2018,12,25,9,0,0,3.9577858448,0.0
2018,12,26,9,0,0,5.78284645081,0.0
2018,12,27,9,0,0,5.55684614182,0.0
2018,12,28,9,0,0,5.77991056442,0.6
2018,12,29,9,0,0,2.63219738007,0.0
2018,12,30,9,0,0,2.31159996986,0.0
2018,12,31,9,0,0,3.50247049332,0.0
2019,1,1,9,0,0,4.41411972046,0.6
2019,1,2,9,0,0,2.93106126785,0.0
2019,1,3,9,0,0,4.38545799255,0.0
2019,1,4,9,0,0,5.2189655304,0.0
2019,1,5,9,0,0,6.26769018173,0.0
2019,1,6,9,0,0,3.99148774147,1.6
2019,1,7,9,0,0,5.11649990082,0.0
2019,1,8,9,0,0,6.03378820419,0.0
2019,1,9,9,0,0,4.7851805687,2.2
2019,1,10,9,0,0,3.98950529099,2.0
2019,1,11,9,0,0,5.12676525116,0.0
2019,1,12,9,0,0,5.9513168335,0.0
2019,1,13,9,0,0,3.16629099846,12.8
2019,1,14,9,0,0,3.85766029358,0.0
2019,1,15,9,0,0,6.11190271378,0.0
2019,1,16,9,0,0,6.29304218292,0.0
2019,1,17,9,0,0,5.60854578018,0.0
2019,1,18,9,0,0,5.11862659454,0.0
2019,1,19,9,0,0,2.45400238037,8.6
2019,1,20,9,0,0,4.4245595932,9.0
2019,1,21,9,0,0,2.49102544785,0.4
2019,1,22,9,0,0,2.25729823112,1.4
2019,1,23,9,0,0,2.30659842491,21.6
2019,1,24,9,0,0,4.95724582672,0.0
2019,1,25,9,0,0,3.6755926609,0.0
2019,1,26,9,0,0,5.140209198,0.0
2019,1,27,9,0,0,3.34874153137,0.0
2019,1,28,9,0,0,4.01560354233,1.4
2019,1,29,9,0,0,5.68656826019,0.0
2019,1,30,9,0,0,5.40622425079,0.0
2019,1,31,9,0,0,5.20228767395,0.0
2019,2,1,9,0,0,2.31348705292,3.2
2019,2,2,9,0,0,5.40873384476,0.0
2019,2,3,9,0,0,5.58647441864,0.0
2019,2,4,9,0,0,5.53775978088,0.0
2019,2,5,9,0,0,2.46563434601,0.0
2019,2,6,9,0,0,3.96275115013,0.0
2019,2,7,9,0,0,4.3912525177,0.0
2019,2,8,9,0,0,4.37588214874,1.4
2019,2,9,9,0,0,2.95128774643,0.0
2019,2,10,9,0,0,4.93391752243,0.0
2019,2,11,9,0,0,5.32398986816,1.4
2019,2,12,9,0,0,3.25761651993,0.0
2019,2,13,9,0,0,4.93837308884,0.0
2019,2,14,9,0,0,4.31256914139,5.0
2019,2,15,9,0,0,4.84416675568,1.8
2019,2,16,9,0,0,4.24907493591,0.0
2019,2,17,9,0,0,3.74002957344,0.0
2019,2,18,9,0,0,5.14941167831,0.0
2019,2,19,9,0,0,4.05095672607,0.0
2019,2,20,9,0,0,2.19388484955,0.0
2019,2,21,9,0,0,2.93658256531,0.2
2019,2,22,9,0,0,3.0842602253,0.0
2019,2,23,9,0,0,4.15422821045,10.6
2019,2,24,9,0,0,1.99065792561,0.0
2019,2,25,9,0,0,4.62753248215,0.0
2019,2,26,9,0,0,3.90210223198,0.0
2019,2,27,9,0,0,1.79221236706,1.4
2019,2,28,9,0,0,4.03946828842,0.0
2019,3,1,9,0,0,4.03377342224,0.0
2019,3,2,9,0,0,4.400431633,0.0
2019,3,3,9,0,0,4.47774219513,0.0
2019,3,4,9,0,0,3.35966348648,0.0
2019,3,5,9,0,0,2.43653917313,0.0
2019,3,6,9,0,0,2.16424131393,0.0
2019,3,7,9,0,0,2.44413375854,26.2
2019,3,8,9,0,0,2.41396617889,0.0
2019,3,9,9,0,0,3.41251373291,0.0
2019,3,10,9,0,0,3.32791876793,0.0
2019,3,11,9,0,0,1.91913306713,2.2
2019,3,12,9,0,0,1.45987248421,13.4
2019,3,13,9,0,0,1.58791673183,2.0
2019,3,14,9,0,0,2.16785645485,7.6
2019,3,15,9,0,0,1.49750447273,2.0
2019,3,16,9,0,0,1.32145166397,1.2
2019,3,17,9,0,0,3.07920694351,0.0
2019,3,18,9,0,0,3.10815834999,0.0
2019,3,19,9,0,0,3.01464247704,0.0
2019,3,20,9,0,0,3.38823390007,0.0
2019,3,21,9,0,0,2.89931917191,0.0
2019,3,22,9,0,0,2.51567840576,0.0
2019,3,23,9,0,0,2.90333843231,0.0
2019,3,24,9,0,0,3.26719927788,0.0
2019,3,25,9,0,0,1.42013645172,1.4
2019,3,26,9,0,0,1.07505118847,57.8
2019,3,27,9,0,0,1.35107302666,10.4
2019,3,28,9,0,0,3.19196891785,0.0
2019,3,29,9,0,0,3.21856880188,0.0
2019,3,30,9,0,0,3.28685927391,0.0
2019,3,31,9,0,0,2.81823515892,29.6
2019,4,1,9,0,0,1.55168116093,4.4
2019,4,2,9,0,0,2.59822440147,0.0
2019,4,3,9,0,0,2.99260282516,0.0
2019,4,4,9,0,0,2.03950595856,0.0
2019,4,5,9,0,0,1.74639153481,0.0
2019,4,6,9,0,0,2.99064254761,0.0
2019,4,7,9,0,0,2.55483222008,0.0
2019,4,8,9,0,0,2.89160752296,0.0
2019,4,9,9,0,0,2.41493678093,1.4
2019,4,10,9,0,0,1.80742454529,44.6
2019,4,11,9,0,0,0.837803184986,3.2
2019,4,12,9,0,0,2.07039475441,0.0
2019,4,13,9,0,0,2.5446138382,0.0
2019,4,14,9,0,0,2.22616839409,0.0
2019,4,15,9,0,0,2.32250761986,0.0
2019,4,16,9,0,0,2.59528660774,0.0
2019,4,17,9,0,0,2.35238194466,0.0
2019,4,18,9,0,0,2.0324215889,0.0
2019,4,19,9,0,0,2.20127129555,0.0
2019,4,20,9,0,0,0.731246650219,23.4
2019,4,21,9,0,0,1.47452938557,3.8
2019,4,22,9,0,0,1.58108341694,0.0
2019,4,23,9,0,0,2.03533792496,0.0
2019,4,24,9,0,0,1.75847959518,0.0
2019,4,25,9,0,0,1.54427087307,0.0
2019,4,26,9,0,0,1.76550078392,4.8
2019,4,27,9,0,0,0.64003008604,26.0
2019,4,28,9,0,0,1.43379580975,26.8
2019,4,29,9,0,0,0.978682219982,2.2
2019,4,30,9,0,0,1.88231778145,0.0
2019,5,1,9,0,0,1.62177979946,0.0
2019,5,2,9,0,0,1.01741755009,0.8
2019,5,3,9,0,0,1.479560256,0.0
2019,5,4,9,0,0,1.25510346889,0.0
2019,5,5,9,0,0,1.45307314396,0.0
2019,5,6,9,0,0,1.58840227127,0.0
2019,5,7,9,0,0,1.57516646385,0.0
2019,5,8,9,0,0,0.770250439644,1.4
2019,5,9,9,0,0,0.611437141895,21.4
2019,5,10,9,0,0,1.5695797205,0.0
2019,5,11,9,0,0,1.10716342926,0.0
2019,5,12,9,0,0,0.497928053141,32.2
2019,5,13,9,0,0,1.18722569942,0.6
2019,5,14,9,0,0,0.989643573761,14.0
2019,5,15,9,0,0,0.835601210594,7.6
2019,5,16,9,0,0,0.637014508247,13.4
2019,5,17,9,0,0,1.35712456703,0.0
2019,5,18,9,0,0,0.684203505516,13.6
2019,5,19,9,0,0,0.945285081863,0.8
2019,5,20,9,0,0,1.18606805801,0.0
2019,5,21,9,0,0,1.30053198338,0.0
2019,5,22,9,0,0,1.13690543175,0.0
2019,5,23,9,0,0,1.27405667305,0.0
2019,5,24,9,0,0,1.25088596344,0.6
2019,5,25,9,0,0,0.856136679649,0.2
2019,5,26,9,0,0,0.964816987514,0.2
2019,5,27,9,0,0,0.756792485714,33.2
2019,5,28,9,0,0,0.394827157259,47.0
2019,5,29,9,0,0,0.602037727833,32.0
2019,5,30,9,0,0,0.581539869308,29.4
2019,5,31,9,0,0,0.49974283576,32.0
2019,6,1,9,0,0,0.496125757694,0.0
2019,6,2,9,0,0,1.21302378178,0.0
2019,6,3,9,0,0,0.732033371925,0.0
2019,6,4,9,0,0,0.34476968646,12.4
2019,6,5,9,0,0,0.593925654888,0.0
2019,6,6,9,0,0,0.532753646374,15.6
2019,6,7,9,0,0,1.08503305912,8.6
2019,6,8,9,0,0,0.675904393196,1.4
2019,6,9,9,0,0,0.945672869682,0.0
2019,6,10,9,0,0,0.738060832024,0.0
2019,6,11,9,0,0,0.338485240936,12.8
2019,6,12,9,0,0,0.578642725945,0.0
2019,6,13,9,0,0,0.899017691612,0.0
2019,6,14,9,0,0,0.887718915939,0.0
2019,6,15,9,0,0,0.661433398724,5.6
2019,6,16,9,0,0,0.580170631409,15.2
2019,6,17,9,0,0,0.535042762756,3.0
2019,6,18,9,0,0,0.765361726284,0.0
2019,6,19,9,0,0,0.838075459003,0.0
2019,6,20,9,0,0,0.571189403534,10.6
2019,6,21,9,0,0,0.79977107048,0.0
2019,6,22,9,0,0,0.853254675865,0.0
2019,6,23,9,0,0,0.557837069035,0.0
2019,6,24,9,0,0,0.840208470821,0.0
2019,6,25,9,0,0,0.764655172825,0.0
2019,6,26,9,0,0,0.834454834461,0.0
2019,6,27,9,0,0,0.942399859428,0.0
2019,6,28,9,0,0,1.00548040867,0.0
2019,6,29,9,0,0,0.548717319965,0.0
2019,6,30,9,0,0,0.644980609417,0.2
2019,7,1,9,0,0,0.440114051104,0.0
2019,7,2,9,0,0,0.443495601416,35.6
2019,7,3,9,0,0,0.44626685977,18.6
2019,7,4,9,0,0,0.930266618729,0.2
2019,7,5,9,0,0,1.26195216179,0.0
2019,7,6,9,0,0,1.11616325378,0.0
2019,7,7,9,0,0,0.677625834942,3.0
2019,7,8,9,0,0,0.62502014637,0.4
2019,7,9,9,0,0,0.759139895439,0.0
2019,7,10,9,0,0,0.386724919081,19.4
2019,7,11,9,0,0,0.944718897343,1.4
2019,7,12,9,0,0,0.275600016117,21.8
2019,7,13,9,0,0,0.81107789278,48.4
2019,7,14,9,0,0,0.329517036676,18.8
2019,7,15,9,0,0,0.774647653103,32.0
2019,7,16,9,0,0,0.594812750816,17.0
2019,7,17,9,0,0,0.345282256603,11.0
2019,7,18,9,0,0,0.739234805107,6.2
2019,7,19,9,0,0,0.227419748902,19.2
2019,7,20,9,0,0,0.833311796188,2.0
2019,7,21,9,0,0,0.658952176571,0.0
2019,7,22,9,0,0,0.688282608986,0.0
2019,7,23,9,0,0,0.889804959297,0.0
2019,7,24,9,0,0,0.668945789337,0.0
2019,7,25,9,0,0,0.991313695908,0.0
2019,7,26,9,0,0,1.01145970821,0.0
2019,7,27,9,0,0,1.11205613613,0.2
2019,7,28,9,0,0,0.345625221729,9.2
2019,7,29,9,0,0,1.1086974144,8.4
2019,7,30,9,0,0,0.809675097466,8.4
2019,7,31,9,0,0,0.903091132641,0.0
2019,8,1,9,0,0,1.2886146307,8.2
2019,8,2,9,0,0,0.441119670868,27.0
2019,8,3,9,0,0,0.677948892117,14.2
2019,8,4,9,0,0,0.513943314552,8.8
2019,8,5,9,0,0,0.768876433372,13.2
2019,8,6,9,0,0,0.730869352818,2.4
2019,8,7,9,0,0,0.658238530159,2.0
2019,8,8,9,0,0,1.15344262123,3.2
2019,8,9,9,0,0,1.18199717999,2.2
2019,8,10,9,0,0,0.383746176958,55.4
2019,8,11,9,0,0,0.595929980278,16.0
2019,8,12,9,0,0,0.837338328362,1.2
2019,8,13,9,0,0,1.05052220821,5.2
2019,8,14,9,0,0,1.14788651466,0.4
2019,8,15,9,0,0,1.39807343483,0.2
2019,8,16,9,0,0,0.869053959846,24.0
2019,8,17,9,0,0,0.651322484016,2.4
2019,8,18,9,0,0,1.81615257263,0.0
2019,8,19,9,0,0,1.71551501751,1.0
2019,8,20,9,0,0,1.09670305252,25.8
2019,8,21,9,0,0,1.59582901001,13.6
2019,8,22,9,0,0,1.14142608643,5.8
2019,8,23,9,0,0,1.55109059811,1.6
2019,8,24,9,0,0,1.50624215603,0.4
2019,8,25,9,0,0,0.781064450741,12.6
2019,8,26,9,0,0,0.886032819748,8.4
2019,8,27,9,0,0,1.60995221138,0.4
2019,8,28,9,0,0,1.38681578636,4.2
2019,8,29,9,0,0,1.303150177,2.4
2019,8,30,9,0,0,1.68713092804,0.2
2019,8,31,9,0,0,1.68941259384,0.0
2019,9,1,9,0,0,2.03549909592,0.0
2019,9,2,9,0,0,1.95773720741,0.0
2019,9,3,9,0,0,2.26904058456,0.0
2019,9,4,9,0,0,0.706608772278,7.6
2019,9,5,9,0,0,0.841174721718,3.4
2019,9,6,9,0,0,0.87648755312,0.0
2019,9,7,9,0,0,2.43683695793,0.0
2019,9,8,9,0,0,1.38807415962,0.0
2019,9,9,9,0,0,2.51713061333,0.0
2019,9,10,9,0,0,2.99353718758,0.0
2019,9,11,9,0,0,1.73746562004,0.6
2019,9,12,9,0,0,1.46854710579,0.6
2019,9,13,9,0,0,0.928554713726,16.6
2019,9,14,9,0,0,0.404903382063,38.4
2019,9,15,9,0,0,1.87581419945,0.8
2019,9,16,9,0,0,0.831172943115,34.0
2019,9,17,9,0,0,1.82059776783,0.6
2019,9,18,9,0,0,2.63007211685,0.0
2019,9,19,9,0,0,2.82082557678,0.0
2019,9,20,9,0,0,3.01611328125,0.0
2019,9,21,9,0,0,3.03393983841,0.0
2019,9,22,9,0,0,2.03243398666,0.0
2019,9,23,9,0,0,1.07553160191,13.8
2019,9,24,9,0,0,2.32691001892,5.8
2019,9,25,9,0,0,0.962258160114,26.0
2019,9,26,9,0,0,1.24213135242,18.4
2019,9,27,9,0,0,1.51245856285,7.2
2019,9,28,9,0,0,1.48325943947,8.6
2019,9,29,9,0,0,1.41639339924,24.4
2019,9,30,9,0,0,0.952403724194,13.6
2019,10,1,9,0,0,2.41175413132,4.0
2019,10,2,9,0,0,1.18775367737,10.2
2019,10,3,9,0,0,1.92670965195,2.4
2019,10,4,9,0,0,2.30620479584,1.6
2019,10,5,9,0,0,1.1660746336,5.2
2019,10,6,9,0,0,3.10504508018,0.0
2019,10,7,9,0,0,2.9302046299,0.0
2019,10,8,9,0,0,1.17361271381,5.4
2019,10,9,9,0,0,1.30799210072,6.6
2019,10,10,9,0,0,0.712845146656,22.6
2019,10,11,9,0,0,1.84721112251,2.6
2019,10,12,9,0,0,3.14481043816,0.0
2019,10,13,9,0,0,3.50293660164,3.6
2019,10,14,9,0,0,2.39905071259,0.0
2019,10,15,9,0,0,3.38571834564,0.0
2019,10,16,9,0,0,4.20139932632,0.2
2019,10,17,9,0,0,1.65860342979,4.2
2019,10,18,9,0,0,0.427003115416,44.0
2019,10,19,9,0,0,3.47755026817,0.0
2019,10,20,9,0,0,3.23272395134,6.0
2019,10,21,9,0,0,1.94919896126,15.0
2019,10,22,9,0,0,1.3272074461,10.6
2019,10,23,9,0,0,4.23359489441,7.2
2019,10,24,9,0,0,2.31704092026,14.8
2019,10,25,9,0,0,1.94261312485,0.8
2019,10,26,9,0,0,4.06192016602,0.0
2019,10,27,9,0,0,2.1723344326,12.4
2019,10,28,9,0,0,2.91643548012,6.4
2019,10,29,9,0,0,2.94340443611,1.6
2019,10,30,9,0,0,1.73870193958,1.0
2019,10,31,9,0,0,3.45585298538,5.2
2019,11,1,9,0,0,2.66760134697,0.2
2019,11,2,9,0,0,4.29820680618,0.0
2019,11,3,9,0,0,4.64033317566,0.0
2019,11,4,9,0,0,4.26544761658,0.0
2019,11,5,9,0,0,3.90213489532,0.0
2019,11,6,9,0,0,1.46529996395,9.8
2019,11,7,9,0,0,1.77661478519,25.4
2019,11,8,9,0,0,4.16170024872,0.0
2019,11,9,9,0,0,2.1822104454,22.2
2019,11,10,9,0,0,1.22938537598,33.2
2019,11,11,9,0,0,2.51477766037,0.4
2019,11,12,9,0,0,3.60931897163,0.0
2019,11,13,9,0,0,2.3302052021,39.6
2019,11,14,9,0,0,2.6640625,7.0
2019,11,15,9,0,0,3.14420843124,4.2
2019,11,16,9,0,0,0.78255969286,12.4
2019,11,17,9,0,0,4.09616518021,9.6
2019,11,18,9,0,0,2.44794130325,4.6
2019,11,19,9,0,0,1.6864054203,16.4
2019,11,20,9,0,0,3.43033885956,1.4
2019,11,21,9,0,0,3.92711281776,0.0
2019,11,22,9,0,0,5.07721853256,0.0
2019,11,23,9,0,0,4.75837516785,0.0
2019,11,24,9,0,0,2.32076334953,0.0
2019,11,25,9,0,0,5.6624956131,0.0
2019,11,26,9,0,0,5.38129329681,0.0
2019,11,27,9,0,0,5.2060303688,0.0
2019,11,28,9,0,0,5.96531152725,0.0
2019,11,29,9,0,0,5.51119375229,0.0
2019,11,30,9,0,0,5.49247980118,0.2
2019,12,1,9,0,0,1.4069519043,15.8
2019,12,2,9,0,0,1.0608304739,89.0
2019,12,3,9,0,0,0.942925453186,11.8
2019,12,4,9,0,0,1.03796362877,24.6
2019,12,5,9,0,0,3.02817153931,0.0
2019,12,6,9,0,0,2.17972350121,3.8
2019,12,7,9,0,0,1.75163853168,23.8
2019,12,8,9,0,0,1.07799780369,13.0
2019,12,9,9,0,0,4.73286151886,0.0
2019,12,10,9,0,0,5.26718425751,0.0
2019,12,11,9,0,0,4.99139165878,0.0
2019,12,12,9,0,0,5.93705320358,0.0
2019,12,13,9,0,0,3.13908576965,1.6
2019,12,14,9,0,0,3.4517583847,0.0
2019,12,15,9,0,0,2.61653256416,4.2
2019,12,16,9,0,0,1.72849464417,32.6
2019,12,17,9,0,0,1.55908024311,20.6
2019,12,18,9,0,0,4.84530115128,0.0
2019,12,19,9,0,0,2.03291487694,33.6
2019,12,20,9,0,0,1.78320360184,12.6
2019,12,21,9,0,0,3.77079725266,0.0
2019,12,22,9,0,0,4.14394330978,0.0
2019,12,23,9,0,0,5.85926628113,0.0
2019,12,24,9,0,0,3.88654208183,0.0
2019,12,25,9,0,0,4.07342386246,0.4
2019,12,26,9,0,0,4.18592977524,0.0
2019,12,27,9,0,0,2.67345643044,4.2
2019,12,28,9,0,0,4.43260383606,0.2
2019,12,29,9,0,0,4.7241024971,0.0
2019,12,30,9,0,0,4.55117559433,0.0
2019,12,31,9,0,0,4.58739566803,0.0
2020,1,1,9,0,0,3.23954224586,0.0
2020,1,2,9,0,0,3.409283638,0.0
2020,1,3,9,0,0,4.71638774872,1.2
2020,1,4,9,0,0,3.19981217384,0.0
2020,1,5,9,0,0,1.57549214363,5.0
2020,1,6,9,0,0,2.67325639725,7.6
2020,1,7,9,0,0,4.48762273788,0.0
2020,1,8,9,0,0,2.56203365326,0.4
2020,1,9,9,0,0,3.12265729904,0.0
2020,1,10,9,0,0,4.70031261444,0.0
2020,1,11,9,0,0,5.21428823471,2.4
2020,1,12,9,0,0,1.01391935349,19.0
2020,1,13,9,0,0,5.07461833954,0.0
2020,1,14,9,0,0,5.91852712631,0.0
2020,1,15,9,0,0,5.46654844284,0.0
2020,1,16,9,0,0,6.00000286102,0.0
2020,1,17,9,0,0,5.38451480865,0.0
2020,1,18,9,0,0,5.31167650223,0.0
2020,1,19,9,0,0,5.89002466202,0.0
2020,1,20,9,0,0,5.51697015762,0.0
2020,1,21,9,0,0,4.89147853851,0.0
2020,1,22,9,0,0,4.45387363434,0.0
2020,1,23,9,0,0,5.02801370621,0.0
2020,1,24,9,0,0,6.00387859344,0.0
2020,1,25,9,0,0,3.26509594917,0.0
2020,1,26,9,0,0,4.2271194458,0.0
2020,1,27,9,0,0,4.16318511963,0.0
2020,1,28,9,0,0,5.11135530472,0.6
2020,1,29,9,0,0,2.16541600227,8.2
2020,1,30,9,0,0,5.017121315,0.2
2020,1,31,9,0,0,4.47329854965,0.2
2020,2,1,9,0,0,3.90718865395,0.0
2020,2,2,9,0,0,1.38531899452,0.2
2020,2,3,9,0,0,4.35847711563,12.0
2020,2,4,9,0,0,1.40288197994,32.0
2020,2,5,9,0,0,2.98347568512,0.6
2020,2,6,9,0,0,3.22756266594,0.6
2020,2,7,9,0,0,4.07513666153,0.0
2020,2,8,9,0,0,3.0786614418,0.4
2020,2,9,9,0,0,4.81214570999,0.0
2020,2,10,9,0,0,5.41220808029,0.0
2020,2,11,9,0,0,4.58578491211,0.0
2020,2,12,9,0,0,4.37804937363,0.0
2020,2,13,9,0,0,3.46020483971,0.0
2020,2,14,9,0,0,4.71190357208,0.0
2020,2,15,9,0,0,4.32465553284,0.0
2020,2,16,9,0,0,1.6608966589,7.2
2020,2,17,9,0,0,1.63293552399,6.2
2020,2,18,9,0,0,2.48394489288,11.4
2020,2,19,9,0,0,3.90938282013,0.0
2020,2,20,9,0,0,4.03519630432,0.0
2020,2,21,9,0,0,2.33990859985,17.8
2020,2,22,9,0,0,2.18874430656,6.6
2020,2,23,9,0,0,4.37111616135,0.0
2020,2,24,9,0,0,3.88792324066,0.0
2020,2,25,9,0,0,4.04585599899,0.0
2020,2,26,9,0,0,4.16748046875,0.0
2020,2,27,9,0,0,2.72975158691,0.0
2020,2,28,9,0,0,1.69940710068,23.2
2020,2,29,9,0,0,3.82224965096,0.2
2020,3,1,9,0,0,3.78613066673,0.0
2020,3,2,9,0,0,2.59627103806,1.8
2020,3,3,9,0,0,1.3162702322,13.0
2020,3,4,9,0,0,3.2627351284,0.0
2020,3,5,9,0,0,4.38765764236,0.0
2020,3,6,9,0,0,4.21010637283,0.0
2020,3,7,9,0,0,2.98891091347,0.0
2020,3,8,9,0,0,2.31045007706,5.4
2020,3,9,9,0,0,3.19420099258,1.2
2020,3,10,9,0,0,3.07622599602,0.4
2020,3,11,9,0,0,3.50321125984,0.0
2020,3,12,9,0,0,3.27541208267,0.0
2020,3,13,9,0,0,2.55118823051,0.0
2020,3,14,9,0,0,3.51132035255,0.0
2020,3,15,9,0,0,2.4229414463,0.0
2020,3,16,9,0,0,3.1211707592,0.0
2020,3,17,9,0,0,3.93901181221,0.0
2020,3,18,9,0,0,3.05985546112,0.0
2020,3,19,9,0,0,2.29391694069,0.0
2020,3,20,9,0,0,2.74490213394,0.0
2020,3,21,9,0,0,0.831801235676,22.2
2020,3,22,9,0,0,2.27467870712,1.4
2020,3,23,9,0,0,1.3773598671,13.8
2020,3,24,9,0,0,1.70125436783,0.2
2020,3,25,9,0,0,1.84718179703,0.0
2020,3,26,9,0,0,1.94307291508,9.6
2020,3,27,9,0,0,1.54506850243,7.4
2020,3,28,9,0,0,2.93850040436,0.0
2020,3,29,9,0,0,1.59794974327,0.0
2020,3,30,9,0,0,2.46606349945,0.0
2020,3,31,9,0,0,2.11786866188,0.0
2020,4,1,9,0,0,2.45493531227,0.0
2020,4,2,9,0,0,2.69023776054,0.0
2020,4,3,9,0,0,2.58408927917,0.0
2020,4,4,9,0,0,2.68328714371,0.0
2020,4,5,9,0,0,2.50809192657,0.0
2020,4,6,9,0,0,1.33434033394,0.2
2020,4,7,9,0,0,0.998775780201,5.8
2020,4,8,9,0,0,1.76206731796,5.8
2020,4,9,9,0,0,1.6654253006,0.0
2020,4,10,9,0,0,2.46665978432,0.0
2020,4,11,9,0,0,2.15982937813,0.0
2020,4,12,9,0,0,1.25326251984,50.8
2020,4,13,9,0,0,0.873238742352,25.2
2020,4,14,9,0,0,1.61227452755,3.2
2020,4,15,9,0,0,1.03744888306,1.4
2020,4,16,9,0,0,1.29820144176,1.8
2020,4,17,9,0,0,0.552356958389,14.4
2020,4,18,9,0,0,1.46817088127,11.6
2020,4,19,9,0,0,1.25923681259,6.4
2020,4,20,9,0,0,0.831450641155,0.6
2020,4,21,9,0,0,1.62577939034,0.2
2020,4,22,9,0,0,1.39805281162,0.2
2020,4,23,9,0,0,0.540735244751,15.8
2020,4,24,9,0,0,1.7213653326,0.0
2020,4,25,9,0,0,0.678247153759,0.4
2020,4,26,9,0,0,1.70245242119,1.2
2020,4,27,9,0,0,0.458271741867,18.8
2020,4,28,9,0,0,1.76000225544,0.0
2020,4,29,9,0,0,1.54313838482,0.0
2020,4,30,9,0,0,1.45702290535,0.0
2020,5,1,9,0,0,1.30024015903,0.0
2020,5,2,9,0,0,0.952607512474,73.4
2020,5,3,9,0,0,0.933196425438,17.2
2020,5,4,9,0,0,0.341933220625,48.6
2020,5,5,9,0,0,0.674533307552,1.4
2020,5,6,9,0,0,1.40967023373,0.4
2020,5,7,9,0,0,0.923280179501,0.0
2020,5,8,9,0,0,0.968907833099,0.0
2020,5,9,9,0,0,0.893131375313,0.0
2020,5,10,9,0,0,0.883006036282,0.0
2020,5,11,9,0,0,0.545503854752,10.2
2020,5,12,9,0,0,0.664316058159,0.0
2020,5,13,9,0,0,1.06921100616,0.0
2020,5,14,9,0,0,1.03218698502,0.0
2020,5,15,9,0,0,1.14685416222,0.0
2020,5,16,9,0,0,0.897687494755,0.0
2020,5,17,9,0,0,0.988030910492,0.0
2020,5,18,9,0,0,1.07365262508,0.0
2020,5,19,9,0,0,0.978952050209,0.0
2020,5,20,9,0,0,1.24894070625,0.0
2020,5,21,9,0,0,0.899260163307,0.0
2020,5,22,9,0,0,0.884854733944,0.0
2020,5,23,9,0,0,0.602541387081,0.0
2020,5,24,9,0,0,0.283422023058,34.0
2020,5,25,9,0,0,0.886952936649,0.0
2020,5,26,9,0,0,1.27175569534,0.0
2020,5,27,9,0,0,1.08531820774,0.0
2020,5,28,9,0,0,1.01242613792,0.0
2020,5,29,9,0,0,0.633525013924,0.0
2020,5,30,9,0,0,1.05731964111,0.0
2020,5,31,9,0,0,1.02815282345,0.0
2020,6,1,9,0,0,0.886943936348,0.0
2020,6,2,9,0,0,0.96633541584,0.0
2020,6,3,9,0,0,0.722852766514,16.6
2020,6,4,9,0,0,0.35482403636,5.4
2020,6,5,9,0,0,1.06355464458,0.0
2020,6,6,9,0,0,0.403631478548,8.2
2020,6,7,9,0,0,0.54856544733,1.6
2020,6,8,9,0,0,0.649246275425,3.4
2020,6,9,9,0,0,0.789037048817,0.0
2020,6,10,9,0,0,0.961997151375,0.0
2020,6,11,9,0,0,0.641814410686,10.4
2020,6,12,9,0,0,0.560722768307,1.0
2020,6,13,9,0,0,0.637145996094,0.0
2020,6,14,9,0,0,0.675502181053,0.0
2020,6,15,9,0,0,0.406069457531,12.0
2020,6,16,9,0,0,0.517974972725,3.8
2020,6,17,9,0,0,0.846314370632,6.4
2020,6,18,9,0,0,0.353916764259,0.4
2020,6,19,9,0,0,1.11483895779,0.0
2020,6,20,9,0,0,1.01358854771,0.0
2020,6,21,9,0,0,1.02235925198,0.0
2020,6,22,9,0,0,0.952567815781,0.0
2020,6,23,9,0,0,0.970224440098,0.0
2020,6,24,9,0,0,0.873445928097,0.0
2020,6,25,9,0,0,1.16471576691,0.2
2020,6,26,9,0,0,1.1542276144,0.0
2020,6,27,9,0,0,0.988958358765,7.0
2020,6,28,9,0,0,0.64576280117,0.4
2020,6,29,9,0,0,0.528542876244,0.0
2020,6,30,9,0,0,1.07563245296,0.0
2020,7,1,9,0,0,0.965325534344,0.0
2020,7,2,9,0,0,0.979305744171,0.0
2020,7,3,9,0,0,0.866077303886,0.0
2020,7,4,9,0,0,0.333404093981,4.2
2020,7,5,9,0,0,0.523826599121,11.8
2020,7,6,9,0,0,0.725483119488,1.2
2020,7,7,9,0,0,0.495764821768,1.8
2020,7,8,9,0,0,0.604898989201,0.0
2020,7,9,9,0,0,0.912759125233,0.2
2020,7,10,9,0,0,0.826012432575,0.0
2020,7,11,9,0,0,0.593685805798,0.2
2020,7,12,9,0,0,0.378646999598,22.4
2020,7,13,9,0,0,0.942978858948,0.0
2020,7,14,9,0,0,0.869785130024,0.0
2020,7,15,9,0,0,0.743910729885,0.0
2020,7,16,9,0,0,0.764875173569,0.0
2020,7,17,9,0,0,1.11425304413,0.0
2020,7,18,9,0,0,1.06089365482,0.0
2020,7,19,9,0,0,0.45380756259,0.8
2020,7,20,9,0,0,0.96458864212,13.0
2020,7,21,9,0,0,0.642230987549,8.0
2020,7,22,9,0,0,0.737262129784,10.2
2020,7,23,9,0,0,0.540781140327,9.4
2020,7,24,9,0,0,0.840624272823,0.0
2020,7,25,9,0,0,0.951113045216,0.0
2020,7,26,9,0,0,0.886414527893,0.0
2020,7,27,9,0,0,1.29367268085,0.0
2020,7,28,9,0,0,0.530878722668,0.2
2020,7,29,9,0,0,0.678496956825,0.0
2020,7,30,9,0,0,0.606830477715,0.0
2020,7,31,9,0,0,0.787633657455,0.0
2020,8,1,9,0,0,0.746225595474,0.0
2020,8,2,9,0,0,0.950016856194,0.0
2020,8,3,9,0,0,0.700973331928,0.6
2020,8,4,9,0,0,1.05700218678,0.2
2020,8,5,9,0,0,1.40587604046,0.2
2020,8,6,9,0,0,0.856886327267,8.4
2020,8,7,9,0,0,0.90941286087,0.0
2020,8,8,9,0,0,1.54891991615,0.0
2020,8,9,9,0,0,1.04303753376,2.6
2020,8,10,9,0,0,1.19583904743,0.0
2020,8,11,9,0,0,1.542709589,0.0
2020,8,12,9,0,0,1.52050316334,0.0
2020,8,13,9,0,0,1.57520675659,0.0
2020,8,14,9,0,0,1.61702084541,0.0
2020,8,15,9,0,0,1.48496174812,0.0
2020,8,16,9,0,0,1.60803925991,0.0
2020,8,17,9,0,0,1.78584778309,0.0
2020,8,18,9,0,0,1.31753242016,15.8
2020,8,19,9,0,0,0.580920696259,13.2
2020,8,20,9,0,0,0.930524587631,15.6
2020,8,21,9,0,0,0.671439826488,26.8
2020,8,22,9,0,0,1.02765548229,4.2
2020,8,23,9,0,0,1.25148940086,9.8
2020,8,24,9,0,0,1.14888715744,0.8
2020,8,25,9,0,0,1.04963457584,5.4
2020,8,26,9,0,0,1.80638372898,5.8
2020,8,27,9,0,0,1.71299624443,0.4
2020,8,28,9,0,0,1.40718019009,2.8
2020,8,29,9,0,0,0.933269679546,0.8
2020,8,30,9,0,0,1.25641477108,0.2
2020,8,31,9,0,0,1.83121180534,16.8
2020,9,1,9,0,0,0.699729502201,12.6
2020,9,2,9,0,0,2.02491664886,0.0
2020,9,3,9,0,0,2.10795688629,0.0
2020,9,4,9,0,0,1.48580431938,1.4
2020,9,5,9,0,0,0.790773570538,31.0
2020,9,6,9,0,0,0.848794639111,11.4
2020,9,7,9,0,0,2.66103386879,0.0
2020,9,8,9,0,0,2.40670061111,0.0
2020,9,9,9,0,0,1.46565449238,0.2
2020,9,10,9,0,0,1.0680372715,1.6
2020,9,11,9,0,0,2.12773418427,0.0
2020,9,12,9,0,0,2.73170638084,0.0
2020,9,13,9,0,0,1.58025193214,0.4
2020,9,14,9,0,0,1.41573917866,9.2
2020,9,15,9,0,0,1.1550463438,20.2
2020,9,16,9,0,0,1.73335468769,4.8
2020,9,17,9,0,0,0.51161968708,32.0
2020,9,18,9,0,0,1.92710447311,4.6
2020,9,19,9,0,0,2.23779010773,0.0
2020,9,20,9,0,0,1.77310419083,0.0
2020,9,21,9,0,0,1.60836076736,0.0
2020,9,22,9,0,0,2.42819809914,13.6
2020,9,23,9,0,0,2.0354809761,0.0
2020,9,24,9,0,0,2.39386343956,4.4
2020,9,25,9,0,0,2.39882278442,1.4
2020,9,26,9,0,0,1.79380512238,33.4
2020,9,27,9,0,0,1.53497862816,14.6
2020,9,28,9,0,0,1.06730890274,18.6
2020,9,29,9,0,0,1.3951997757,11.2
2020,9,30,9,0,0,2.11345028877,0.2
2020,10,1,9,0,0,2.18663907051,0.0
2020,10,2,9,0,0,2.26017856598,0.0
2020,10,3,9,0,0,1.41290569305,0.6
2020,10,4,9,0,0,3.14972925186,0.0
2020,10,5,9,0,0,3.5093433857,0.0
2020,10,6,9,0,0,1.37235641479,8.4
2020,10,7,9,0,0,2.53972649574,0.6
2020,10,8,9,0,0,2.35814070702,3.8
2020,10,9,9,0,0,3.43037414551,3.8
2020,10,10,9,0,0,0.854886472225,19.6
2020,10,11,9,0,0,1.00727641582,27.4
2020,10,12,9,0,0,2.83417201042,14.8
2020,10,13,9,0,0,2.07254958153,1.2
2020,10,14,9,0,0,2.7359354496,0.0
2020,10,15,9,0,0,3.64827227592,0.0
2020,10,16,9,0,0,3.03465533257,0.2
2020,10,17,9,0,0,2.05301642418,4.4
2020,10,18,9,0,0,2.04328918457,3.4
2020,10,19,9,0,0,0.870575904846,7.4
2020,10,20,9,0,0,2.81543731689,0.0
2020,10,21,9,0,0,3.5251853466,0.0
2020,10,22,9,0,0,4.44302749634,0.0
2020,10,23,9,0,0,4.00246667862,0.0
2020,10,24,9,0,0,4.30740690231,0.0
2020,10,25,9,0,0,2.73901438713,0.0
2020,10,26,9,0,0,1.22624254227,17.6
2020,10,27,9,0,0,1.36663866043,10.0
2020,10,28,9,0,0,3.02932476997,2.2
2020,10,29,9,0,0,0.796575248241,23.2
2020,10,30,9,0,0,1.57478225231,1.2
2020,10,31,9,0,0,1.69195377827,3.2
2020,11,1,9,0,0,3.91110539436,0.0
2020,11,2,9,0,0,1.66560065746,8.4
2020,11,3,9,0,0,1.05589425564,28.2
2020,11,4,9,0,0,2.4414460659,6.2
2020,11,5,9,0,0,1.62667298317,1.8
2020,11,6,9,0,0,1.7114212513,5.4
2020,11,7,9,0,0,1.27483868599,33.4
2020,11,8,9,0,0,1.80628097057,0.2
2020,11,9,9,0,0,5.03698587418,0.0
2020,11,10,9,0,0,4.32636165619,0.0
2020,11,11,9,0,0,5.19832324982,0.0
2020,11,12,9,0,0,4.56807231903,0.2
2020,11,13,9,0,0,4.22822999954,1.8
2020,11,14,9,0,0,3.89736938477,0.0
2020,11,15,9,0,0,4.23349428177,2.0
2020,11,16,9,0,0,3.54438591003,0.8
2020,11,17,9,0,0,3.37931895256,13.2
2020,11,18,9,0,0,2.79558229446,1.0
2020,11,19,9,0,0,4.5994477272,0.0
2020,11,20,9,0,0,4.39768457413,0.0
2020,11,21,9,0,0,2.61421728134,5.8
2020,11,22,9,0,0,4.68943595886,0.0
2020,11,23,9,0,0,3.4995443821,0.2
2020,11,24,9,0,0,4.19113397598,0.0
2020,11,25,9,0,0,2.96249914169,0.0
2020,11,26,9,0,0,5.44220352173,0.0
2020,11,27,9,0,0,2.98894023895,0.4
2020,11,28,9,0,0,4.69711828232,8.2
2020,11,29,9,0,0,5.00785064697,3.0
2020,11,30,9,0,0,0.854164421558,22.8999996185
2020,12,1,9,0,0,6.55204725266,0.0
2020,12,2,9,0,0,3.86509537697,7.80000019073
2020,12,3,9,0,0,4.01850032806,0.0
2020,12,4,9,0,0,2.30631446838,8.89999961853
2020,12,5,9,0,0,1.93095254898,9.89999961853
2020,12,6,9,0,0,3.44451880455,10.3000001907
2020,12,7,9,0,0,4.56286096573,8.5
2020,12,8,9,0,0,2.84775900841,9.69999980927
2020,12,9,9,0,0,2.11205458641,0.0
2020,12,10,9,0,0,5.93268203735,5.0
2020,12,11,9,0,0,2.73990607262,11.3999996185
2020,12,12,9,0,0,2.91202902794,2.5
2020,12,13,9,0,0,5.02522706985,0.0
2020,12,14,9,0,0,5.27943515778,0.0
2020,12,15,9,0,0,4.6192445755,0.0
2020,12,16,9,0,0,6.37032222748,0.0
2020,12,17,9,0,0,5.99731683731,0.0
2020,12,18,9,0,0,4.41849946976,0.0
2020,12,19,9,0,0,5.25340986252,0.0
2020,12,20,9,0,0,3.69359922409,6.69999980927
2020,12,21,9,0,0,2.25498175621,26.7000007629
2020,12,22,9,0,0,4.40329504013,2.20000004768
2020,12,23,9,0,0,1.06809914112,39.0
2020,12,24,9,0,0,3.21902084351,5.69999980927
2020,12,25,9,0,0,3.30345654488,4.59999990463
2020,12,26,9,0,0,3.68465328217,0.0
2020,12,27,9,0,0,3.8731443882,0.0
2020,12,28,9,0,0,6.05842065811,0.0
2020,12,29,9,0,0,5.69577264786,0.0
2020,12,30,9,0,0,5.69020700455,0.0
2020,12,31,9,0,0,4.85960102081,0.0
