0,Year,Month,Day,Hour,Minute,Second,Station,Date(Local_Day),MSLPress(hPa),PET(mm),Rain(mm),RH(%),SoilM(mm),TempEarth10cm(C),Radn(MJ/m2),Tmax(C),Tmin(C),VapPress(hPa),WindSpeed(mps)
,2009,12,31,9,0,0,30914,20091231,0,0,0,0,0,0,0,0,0,0,0
,2010,1,1,9,0,0,30914,20100101,1021,6.1,0,62,-113.4,18,31.4,24.4,10.6,12.6,2.9
,2010,1,2,9,0,0,30914,20100102,1018.3,5.8,0,67,-115.7,18.5,30.3,25,11.4,14.1,3
,2010,1,3,9,0,0,30914,20100103,1016.6,5.3,2.3,76,-116.6,19.1,26.3,25.1,12.6,17,2.8
,2010,1,4,9,0,0,30914,20100104,1006.6,3.9,0,92,-118.3,20.1,18.9,22,17.8,20.6,5
,2010,1,5,9,0,0,30914,20100105,1018.2,6.1,0,60,-120.4,17.9,31.5,23.2,11.7,11.9,2.8
,2010,1,6,9,0,0,30914,20100106,1022.4,5.4,0,75,-122.3,17.9,32,24.7,7.9,14.4,1.7
,2010,1,7,9,0,0,30914,20100107,1020.2,4.8,0,75,-123.8,19.4,24.5,24.6,11.9,16.5,2.5
,2010,1,8,9,0,0,30914,20100108,1014.6,4.4,0,73,-125.3,19.1,20.5,22.5,13,16.7,3.5
,2010,1,9,9,0,0,30914,20100109,1021,5.8,0,61,-126.4,17.4,32.5,23.2,6.9,10.8,2.3
,2010,1,10,9,0,0,30914,20100110,1016.6,4.9,10.9,69,-120.9,17.5,26.9,22.8,7.2,12.4,2.2
,2010,1,11,9,0,0,30914,20100111,1003.4,5.2,0,77,-122.8,17.9,26.2,20.9,12.9,13.7,4
,2010,1,12,9,0,0,30914,20100112,1006.2,4.8,2.3,73,-122.9,17,24.3,23.1,9.1,13,1.7
,2010,1,13,9,0,0,30914,20100113,1011.9,3.3,0,80,-124.6,17.6,15.6,21.8,10.8,14.5,2.6
,2010,1,14,9,0,0,30914,20100114,1011,5.6,0,75,-126.3,17.7,31.2,25,10,14.8,1.8
,2010,1,15,9,0,0,30914,20100115,1008.3,5.2,0,62,-127.9,18.8,24.3,26.2,11.8,14.2,2.3
,2010,1,16,9,0,0,30914,20100116,1006.5,4,0,65,-128.5,20.3,13.6,24.6,16.3,15.8,1.9
,2010,1,17,9,0,0,30914,20100117,1007.3,4.2,3,75,-123.8,19.9,19.9,24.6,15.6,15.9,2.3
,2010,1,18,9,0,0,30914,20100118,1010.2,2.7,0,86,-123.5,20,11.3,21.8,16.2,18,1.8
,2010,1,19,9,0,0,30914,20100119,1014.9,5.1,0,85,-125,20.5,23.3,26.4,16.8,20.2,1.7
,2010,1,20,9,0,0,30914,20100120,1012.6,4.7,5.1,74,-122.1,20.7,21.4,25.7,15.2,19.3,2.9
,2010,1,21,9,0,0,30914,20100121,1001.1,4,24,88,-101.9,20.5,17.2,26,18.9,21.1,2.9
,2010,1,22,9,0,0,30914,20100122,1000.8,5,0,81,-104.9,19.6,22.7,22.5,16.8,17.5,4.5
,2010,1,23,9,0,0,30914,20100123,1002.1,4.6,0,76,-107.8,19.7,19.1,24.4,16.2,17,4
,2010,1,24,9,0,0,30914,20100124,1007.2,3.8,0,77,-110.5,19.6,16.4,22.2,15,16.8,3.1
,2010,1,25,9,0,0,30914,20100125,1015,4.9,0,80,-111.8,19,23.4,26.9,12.3,16.9,1.9
,2010,1,26,9,0,0,30914,20100126,1018.2,5.2,2.6,75,-103.5,20.8,25.3,26.1,16.9,19.8,2.4
,2010,1,27,9,0,0,30914,20100127,1020.1,4.8,3.8,78,-99.4,20.2,23.2,26.5,14.7,18.8,1.8
,2010,1,28,9,0,0,30914,20100128,1019,5,0,82,-101.3,20.3,25.3,26.9,14.5,19.2,1.6
,2010,1,29,9,0,0,30914,20100129,1019.1,5.9,0,72,-105.8,20.6,29,26.5,15.5,18.1,2.2
,2010,1,30,9,0,0,30914,20100130,1015.5,4.1,6.4,67,-101.1,20.4,20,26.2,14.3,17.1,2.2
,2010,1,31,9,0,0,30914,20100131,1010.1,1.9,57.7,93,-45.4,20.2,6.2,22.4,17.4,20.5,3.7
,2010,2,1,9,0,0,30914,20100201,1017.3,3.3,6,85,-40.6,20.4,14.2,24.6,18.2,21.6,5
,2010,2,2,9,0,0,30914,20100202,1023.4,4.8,0,82,-44.3,21,21.4,24.7,19.4,20.7,3.7
,2010,2,3,9,0,0,30914,20100203,1028.4,5.5,0,70,-48.2,20.5,26.9,24.6,17.7,17.8,2.6
,2010,2,4,9,0,0,30914,20100204,1030,5.3,0,74,-52.2,20.5,26.5,24.9,15.6,18.1,2.1
,2010,2,5,9,0,0,30914,20100205,1028.3,4.3,0,81,-56.2,21.1,20,25.8,16.2,17.4,1.4
,2010,2,6,9,0,0,30914,20100206,1028.9,4.9,0,72,-60.2,21.6,21.7,25.9,17.7,17.6,1.5
,2010,2,7,9,0,0,30914,20100207,1027.6,4.8,0,77,-64.1,21.1,24.3,26.5,15.9,18.6,1.6
,2010,2,8,9,0,0,30914,20100208,1024.4,3.8,7.2,80,-57.5,20.8,19,26,14.8,18.4,1.7
,2010,2,9,9,0,0,30914,20100209,1022.8,4.6,0,87,-61,21.3,20.1,26,17.5,20.5,2.3
,2010,2,10,9,0,0,30914,20100210,1016.6,4.6,0,69,-64.9,20.3,21.4,23.3,16,16,2.9
,2010,2,11,9,0,0,30914,20100211,1016.9,4,0,83,-68.4,20.5,18.8,25.2,15.5,18.9,1.7
,2010,2,12,9,0,0,30914,20100212,1016.6,3.3,0,86,-69.8,19.7,16.7,25.2,13.6,19.6,2.1
,2010,2,13,9,0,0,30914,20100213,1015.3,4,2.1,83,-71.8,20.7,18.6,25,18.4,21.3,4.1
,2010,2,14,9,0,0,30914,20100214,1015.7,3.7,0,90,-75.2,21.3,17.1,25.6,19.7,22.8,3.4
,2010,2,15,9,0,0,30914,20100215,1014.5,2.5,0,84,-78.7,21,10.6,24.7,17.4,21.2,2.1
,2010,2,16,9,0,0,30914,20100216,1017.2,2.6,0,84,-83.8,20.5,14,23,17.5,18.9,3
,2010,2,17,9,0,0,30914,20100217,1016.2,2.9,0,90,-87,20.8,13.3,27.1,17.9,21.7,1.1
,2010,2,18,9,0,0,30914,20100218,1009.7,2.7,0,85,-90.3,21.3,11.5,25.6,19.2,21.9,1.5
,2010,2,19,9,0,0,30914,20100219,1005.1,5.4,0,75,-93.4,20.8,24.8,25.4,17.1,17.5,3.6
,2010,2,20,9,0,0,30914,20100220,1022.2,4,0,84,-96.4,19.5,23.4,24.9,11.8,16.9,1.6
,2010,2,21,9,0,0,30914,20100221,1027.7,4.4,0,85,-99.4,18.5,25.3,25.8,10,16.2,1.4
,2010,2,22,9,0,0,30914,20100222,1029.4,3.7,0,87,-102.2,19.2,20.2,26.3,12.5,18.2,1.1
,2010,2,23,9,0,0,30914,20100223,1027.2,3.6,0,78,-104.8,20.2,16.6,25,15.7,18,2.1
,2010,2,24,9,0,0,30914,20100224,1020.4,4.5,0,76,-107.4,20.6,23,26.4,17.5,19.3,2.6
,2010,2,25,9,0,0,30914,20100225,1015.3,2.8,3.1,83,-104.8,21,13,25.3,17.8,22,2.5
,2010,2,26,9,0,0,30914,20100226,1019.5,4.6,0,75,-106.9,18.9,22.3,25.7,13.2,16,2.2
,2010,2,27,9,0,0,30914,20100227,1027.3,4.7,0,65,-109.3,18.8,25.2,25.3,12.8,14.3,2.5
,2010,2,28,9,0,0,30914,20100228,1025.1,4.2,0,73,-111.6,19.4,22.8,25.7,14.2,15.8,1.4
,2010,3,1,9,0,0,30914,20100301,1019.2,4,0,77,-113.1,18.8,23.2,26.3,11,16.6,1.8
,2010,3,2,9,0,0,30914,20100302,1012,2.8,0,89,-113.3,19.8,14.7,24.7,15.5,19.6,1.3
,2010,3,3,9,0,0,30914,20100303,1007.3,3.7,0,88,-113.8,19.8,18.2,23.8,15.7,18.7,2.2
,2010,3,4,9,0,0,30914,20100304,1010.8,4.5,0,73,-115.4,18.5,23.9,24,13.4,14.9,2.7
,2010,3,5,9,0,0,30914,20100305,1012.4,4.5,0,85,-116.8,18,25,27.2,10.2,15.9,1.3
,2010,3,6,9,0,0,30914,20100306,1015.5,4.8,0,61,-118.3,18.9,21.8,25.8,14,13.9,3.3
,2010,3,7,9,0,0,30914,20100307,1018.1,3.8,0,61,-119.7,18.2,17.8,23.1,12.8,11.8,2.6
,2010,3,8,9,0,0,30914,20100308,1016.9,3.6,0,69,-121,17.4,20.3,24,8.9,12,1.4
,2010,3,9,9,0,0,30914,20100309,1017.9,2.9,0,82,-122.3,18.4,14.5,24.7,13.2,16.2,1.1
,2010,3,10,9,0,0,30914,20100310,1017,4,0,77,-123.6,18.9,19.6,25.9,15.5,16.3,1.7
,2010,3,11,9,0,0,30914,20100311,1014.2,3.3,0,80,-124.7,18.6,16.9,24.5,12.9,17.5,3.3
,2010,3,12,9,0,0,30914,20100312,1014.9,3.8,0,77,-125.9,17.7,20.5,22.5,12.1,14.9,3.7
,2010,3,13,9,0,0,30914,20100313,1021,3.1,0,67,-126.7,15.7,17.1,20.6,5.8,9.8,2.9
,2010,3,14,9,0,0,30914,20100314,1019.3,3.8,0,78,-127.8,16.7,21.6,24.9,11,14.9,2
,2010,3,15,9,0,0,30914,20100315,1017.7,3.4,0,75,-128.7,17.7,18.3,23.3,12.8,16.2,2.9
,2010,3,16,9,0,0,30914,20100316,1016.2,2.1,0,86,-129.7,17.2,11.7,20.3,10.2,14.8,2.3
,2010,3,17,9,0,0,30914,20100317,1012.6,3.2,0,74,-130.5,16.5,15.8,23,11.1,14.7,3.2
,2010,3,18,9,0,0,30914,20100318,1023.2,3.2,0,72,-131.4,14,22.7,20.7,2,8.4,2.4
,2010,3,19,9,0,0,30914,20100319,1023.3,1.3,0,78,-132.1,15.8,6.9,20.3,7.6,14.2,2.4
,2010,3,20,9,0,0,30914,20100320,1024.4,2.6,0,85,-132.7,17,14.6,23.3,14.5,18.2,2.8
,2010,3,21,9,0,0,30914,20100321,1023,3.2,0,84,-133.5,17.4,16.8,25.6,15.4,18.3,2.5
,2010,3,22,9,0,0,30914,20100322,1019.6,2.2,0,89,-134.2,17.6,12.2,22.7,13.5,18.3,2.6
,2010,3,23,9,0,0,30914,20100323,1017.2,2.2,0,80,-133.6,17,11.2,23.6,13.8,17.6,2.6
,2010,3,24,9,0,0,30914,20100324,1013.1,1.7,9.8,91,-123.1,16.4,9.3,22.4,11.5,17.1,3.5
,2010,3,25,9,0,0,30914,20100325,1011.6,2.9,2.1,70,-119.4,16.1,14.5,20.3,12.6,12.9,3.8
,2010,3,26,9,0,0,30914,20100326,1018.6,2.8,0,81,-120.6,16.2,14.4,22.8,13.8,16,3.4
,2010,3,27,9,0,0,30914,20100327,1021.4,2.7,0,85,-121.9,16.2,15.6,23.9,11.3,16.4,2.4
,2010,3,28,9,0,0,30914,20100328,1023.2,3.4,0,91,-123.2,16.5,16,25.4,11.2,16.6,2.6
,2010,3,29,9,0,0,30914,20100329,1034.1,3.9,0,59,-124.4,16.6,18.3,21.4,13.8,11.3,4.4
,2010,3,30,9,0,0,30914,20100330,1034.9,3.1,0,67,-125.5,15.4,17.2,21.4,11.2,11.4,3.4
,2010,3,31,9,0,0,30914,20100331,1033.6,2.3,0,71,-126.6,16.3,11,21.7,13.1,13.6,2.7
,2010,4,1,9,0,0,30914,20100401,1031.7,2.1,0,83,-127.2,16,12.4,23,11,14.1,1.2
,2010,4,2,9,0,0,30914,20100402,1028,1.9,0,85,-127.8,15.8,11.5,22.2,10,13.6,0.8
,2010,4,3,9,0,0,30914,20100403,1023.1,2.2,0,77,-128.3,15.9,12.9,22.1,11.2,13.3,1.5
,2010,4,4,9,0,0,30914,20100404,1012.2,1.9,0,88,-128.9,16.1,11.2,23.2,11.2,16.8,1.4
,2010,4,5,9,0,0,30914,20100405,1009.1,3.1,0,77,-129.3,16.2,16.9,25.1,11.8,14.5,1.6
,2010,4,6,9,0,0,30914,20100406,1006,1.3,15.9,90,-115.1,17,6.1,19.6,13.6,16.8,2
,2010,4,7,9,0,0,30914,20100407,1017.9,2.8,0,71,-115.8,15.2,13.9,18.9,12.5,11.4,3.7
,2010,4,8,9,0,0,30914,20100408,1025.8,2.5,0,74,-116.7,13.3,16.4,19,5.6,9.8,2.2
,2010,4,9,9,0,0,30914,20100409,1024.3,2.4,0,84,-117.5,12.6,18,20.7,5.2,10.7,1.3
,2010,4,10,9,0,0,30914,20100410,1025.2,2.5,0,90,-118.3,12.3,18,21.9,4.2,11.4,0.9
,2010,4,11,9,0,0,30914,20100411,1025.9,2,0,91,-119.2,12.4,14,21.7,5.4,12.1,0.9
,2010,4,12,9,0,0,30914,20100412,1025.3,1.5,0,91,-120,13.5,12,21.2,7.4,13.5,1.1
,2010,4,13,9,0,0,30914,20100413,1018.3,2.1,2.8,77,-116.5,14.1,11.5,21.2,8.6,13.1,2.3
,2010,4,14,9,0,0,30914,20100414,1008.5,2.4,0,90,-115.4,16,12.1,22.1,15.3,18.4,3.1
,2010,4,15,9,0,0,30914,20100415,1012.3,1.9,0,83,-116.2,15,11,21,11.7,15.5,2.8
,2010,4,16,9,0,0,30914,20100416,1014.6,2.5,0,78,-116.9,15.2,14.3,19.8,13.2,14.3,2.9
,2010,4,17,9,0,0,30914,20100417,1025.7,1.2,0,87,-117.8,12.4,8.3,17.4,3.8,10.3,1.9
,2010,4,18,9,0,0,30914,20100418,1023.9,1.8,0,86,-118.6,14,12.3,21.7,9.5,14.5,1.6
,2010,4,19,9,0,0,30914,20100419,1017.9,1.8,0,82,-119.4,14.1,10.4,20.1,10.8,14.2,3.2
,2010,4,20,9,0,0,30914,20100420,1014.8,2.1,0,76,-120.2,14.9,11.9,20.2,13.8,13.6,2.7
,2010,4,21,9,0,0,30914,20100421,1020.2,1.4,0,95,-120.9,13.4,9.9,20.1,5.9,12.9,1.5
,2010,4,22,9,0,0,30914,20100422,1022,1.5,0,77,-121.7,14.4,9,19.4,11.5,13.3,2.3
,2010,4,23,9,0,0,30914,20100423,1021.3,1.6,0,91,-122.3,14.3,10.6,20,10.8,14.6,1.8
,2010,4,24,9,0,0,30914,20100424,1019.3,1.7,0,88,-123,14.3,13.2,22.5,10.3,16.4,2.6
,2010,4,25,9,0,0,30914,20100425,1024.8,1.6,0,94,-123.7,14.7,11.4,23.1,11.5,16.4,1
,2010,4,26,9,0,0,30914,20100426,1025.1,1.8,0,88,-123.8,15.1,10.7,22.3,11.8,16.6,2.5
,2010,4,27,9,0,0,30914,20100427,1022.3,1.6,6.8,82,-117.8,16.2,8.2,22.5,16.3,18,3.7
,2010,4,28,9,0,0,30914,20100428,1024.1,1.2,0,97,-117.8,15,10.2,19.9,10.1,15.1,1
,2010,4,29,9,0,0,30914,20100429,1022.9,1.7,0,94,-118.6,14.3,13.4,22,10.5,14.5,1
,2010,4,30,9,0,0,30914,20100430,1018.8,1.8,2.3,95,-115.9,13.8,13.7,21.2,9.1,14.1,1.6
,2010,5,1,9,0,0,30914,20100501,1012.9,1.2,1.8,94,-114,14.8,8.6,18,13,16.2,2.5
,2010,5,2,9,0,0,30914,20100502,1024,1.6,0,89,-114.5,11.8,13.9,17.1,3.9,9.8,1.3
,2010,5,3,9,0,0,30914,20100503,1026.8,0.8,0,93,-114.9,10.9,7.1,16.5,3,10.1,1.4
,2010,5,4,9,0,0,30914,20100504,1023.7,1.4,0,86,-115.4,12.3,12.2,18.2,8.4,14.4,2.4
,2010,5,5,9,0,0,30914,20100505,1033.2,1.7,0,82,-115.8,10.4,13.5,17.6,3.6,8.9,1.8
,2010,5,6,9,0,0,30914,20100506,1033.1,1.1,0,88,-116.3,9.6,10,17.3,2,8.6,1.2
,2010,5,7,9,0,0,30914,20100507,1025.4,1,0,76,-116.7,12,7.4,17.6,8,11,1.2
,2010,5,8,9,0,0,30914,20100508,1017.3,0.9,0,87,-117.2,11.6,6.1,17.4,7.9,11.4,1.5
,2010,5,9,9,0,0,30914,20100509,1014,0.9,0,84,-117.6,12.5,5.3,17.8,10.8,13.2,2.5
,2010,5,10,9,0,0,30914,20100510,1019.1,1.8,0,84,-118,12,9.5,20.8,10,12.8,2.4
,2010,5,11,9,0,0,30914,20100511,1021.5,1.5,0,80,-118.1,12.8,4.6,18.7,13,13.4,4.1
,2010,5,12,9,0,0,30914,20100512,1014.4,0.9,4.5,86,-111,14.2,3.8,18.9,15.1,16.9,6.8
,2010,5,13,9,0,0,30914,20100513,1008.9,1.3,9.5,95,-98.6,15.5,9.6,21.8,15.8,19,1.9
,2010,5,14,9,0,0,30914,20100514,1008.7,1.4,3.7,95,-95.7,14.5,11,20.8,11.9,15.7,1.8
,2010,5,15,9,0,0,30914,20100515,1004.1,1.5,0,80,-95,14.1,6.5,20.1,12.8,14.3,2.9
,2010,5,16,9,0,0,30914,20100516,1002.1,1.4,4.9,82,-90.6,13.1,9.4,18.9,10.8,13.7,2.5
,2010,5,17,9,0,0,30914,20100517,1008.2,1.1,0,97,-91.3,12.1,10.9,19.4,6.3,12.5,0.7
,2010,5,18,9,0,0,30914,20100518,1009,1,0,97,-91.5,11.4,8.1,18.1,5.5,10.8,0.7
,2010,5,19,9,0,0,30914,20100519,1015.6,0.8,2.9,98,-88.1,11,6.7,15.4,5.9,11.4,0.8
,2010,5,20,9,0,0,30914,20100520,1019.2,0.9,11.4,98,-79,11.5,5.2,15.2,5.3,10.2,2
,2010,5,21,9,0,0,30914,20100521,1007.9,0.3,0,87,-77.8,12.3,2.5,13.9,7.1,12.6,3.6
,2010,5,22,9,0,0,30914,20100522,1019.9,1,0,90,-79.8,11.6,10.4,17,8.1,11.8,1
,2010,5,23,9,0,0,30914,20100523,1021.8,0.7,27.8,97,-55.6,10.6,3.4,16.5,5.1,10.7,1.2
,2010,5,24,9,0,0,30914,20100524,1008.4,0.1,8.8,94,-47.2,13.5,1.3,16.5,7.3,16.7,2.9
,2010,5,25,9,0,0,30914,20100525,998.6,1.1,12.8,89,-35.1,11.9,7.1,16.2,9.3,12.6,3.5
,2010,5,26,9,0,0,30914,20100526,996.4,1.3,1.5,87,-33.6,12.3,7.5,17.6,11.2,13,4.5
,2010,5,27,9,0,0,30914,20100527,1007.8,0.9,20.9,97,-15.8,12.2,4.6,16.7,9.8,12.9,2
,2010,5,28,9,0,0,30914,20100528,1006.1,1,0,89,-19.6,12.5,8.3,17.6,10.8,12.6,3.2
,2010,5,29,9,0,0,30914,20100529,1010.8,0.8,1.1,92,-19.1,11.5,7.5,15,7.4,11.8,2.3
,2010,5,30,9,0,0,30914,20100530,1018,0.9,0,91,-20.6,10,10.2,15.6,4.3,9.8,1.1
,2010,5,31,9,0,0,30914,20100531,1024.5,1.1,8,87,-12.6,9.2,8.6,15.2,3.9,8.7,1.9
,2010,6,1,9,0,0,30914,20100601,1016.5,0.2,24.2,91,11.7,11,1.9,15,6.9,13.1,4.9
,2010,6,2,9,0,0,30914,20100602,1012.5,0.9,3.7,96,-5.2,11.3,7.4,18.5,11.6,14.7,2
,2010,6,3,9,0,0,30914,20100603,1018.5,0.6,0,95,-10,10.5,5.3,15,8.5,12.3,0.9
,2010,6,4,9,0,0,30914,20100604,1026.8,1,0,90,-11.7,9.1,10.3,16.6,3.3,8.5,1
,2010,6,5,9,0,0,30914,20100605,1026.1,0.8,1.3,90,-10.4,8.9,6.5,16.8,4,10.5,3.2
,2010,6,6,9,0,0,30914,20100606,1007.2,0.3,3.3,91,-5.7,12.4,3,18.4,9.6,16.4,4.6
,2010,6,7,9,0,0,30914,20100607,993.1,1.1,5.1,93,-5,13.7,6.9,17.4,13.9,15.5,4.7
,2010,6,8,9,0,0,30914,20100608,996.1,0.9,1.5,90,-4,11.5,7.6,13.3,8,10.5,2.2
,2010,6,9,9,0,0,30914,20100609,1013.8,0.8,0,84,-6.2,8.4,10,12.6,1.2,6.9,2.2
,2010,6,10,9,0,0,30914,20100610,1015.3,0.6,7,89,-0.6,9,6.5,15.3,3.7,9.6,2
,2010,6,11,9,0,0,30914,20100611,995,0.5,2.1,93,-2.4,11.6,4.7,15.2,8.9,14,3.4
,2010,6,12,9,0,0,30914,20100612,1007.7,0.8,4.7,89,-0.1,10.4,5.4,16.4,9.5,12.7,3.6
,2010,6,13,9,0,0,30914,20100613,1002.5,0.7,3.9,95,-0.2,10.7,6.6,14.3,8,12.1,2.8
,2010,6,14,9,0,0,30914,20100614,1010.7,0.8,0,89,-1.8,8.8,6.2,14.3,5.1,9.4,2.7
,2010,6,15,9,0,0,30914,20100615,1015.4,1,0,75,-4.2,9.2,9.2,12,5.3,7.7,3
,2010,6,16,9,0,0,30914,20100616,1028.7,0.7,0,93,-4.7,6.7,9.3,13.5,-0.4,6.7,1.1
,2010,6,17,9,0,0,30914,20100617,1032.3,0.6,0,98,-5.3,7.1,8.6,15.5,0.9,8.4,0.6
,2010,6,18,9,0,0,30914,20100618,1029.5,0.4,0,93,-6,9,5.6,15.9,3.8,10.5,1.8
,2010,6,19,9,0,0,30914,20100619,1025.7,0.8,8.7,86,2.5,9.3,4.5,16.2,8.5,11.8,3.6
,2010,6,20,9,0,0,30914,20100620,1012.9,0.5,1.4,94,-0.5,12.6,3.3,17.2,11.3,15.9,3.5
,2010,6,21,9,0,0,30914,20100621,1018.4,1.1,3.2,84,1.8,11.5,7.5,16.6,11,12.4,3.4
,2010,6,22,9,0,0,30914,20100622,1026.1,0.6,0,93,-1.8,8.8,7.8,14.3,3.4,9.1,1.3
,2010,6,23,9,0,0,30914,20100623,1022.3,0.5,0,97,-2.3,8.9,6.8,14.3,5.3,10.2,1
,2010,6,24,9,0,0,30914,20100624,1025.6,0.5,35.6,88,33.8,8.4,2,12.5,5.9,9.1,3.2
,2010,6,25,9,0,0,30914,20100625,1022.5,0.6,45.8,84,38.7,9.9,5,14.9,7.4,11.3,3.7
,2010,6,26,9,0,0,30914,20100626,1011.4,0.6,2.6,98,3.5,9.7,6.8,14,6.4,10.5,1.5
,2010,6,27,9,0,0,30914,20100627,1011.1,0.7,0,87,-0.1,9,6.9,14.5,5.5,10.4,2.2
,2010,6,28,9,0,0,30914,20100628,1014.1,0.5,5.9,96,7.3,7.7,4.5,14.1,4.4,9.4,1.3
,2010,6,29,9,0,0,30914,20100629,1008.5,0.6,9.8,93,7.6,9.7,7.2,15,6.7,11.9,2.4
,2010,6,30,9,0,0,30914,20100630,1007.5,0.7,0,95,1.2,9.4,6.8,13.8,7.8,11.3,1.8
,2010,7,1,9,0,0,30914,20100701,1016.4,0.6,0,97,-1.3,7.3,9.3,13.2,1.9,7.9,1.2
,2010,7,2,9,0,0,30914,20100702,1020.7,0.6,0,95,-2.1,7.4,7.4,15.3,3.2,9.9,1
,2010,7,3,9,0,0,30914,20100703,1023.2,0.6,0,97,-2.7,7,7.7,13.7,2,8.4,0.6
,2010,7,4,9,0,0,30914,20100704,1016.8,0.7,2.8,97,0.6,7.8,2.6,12.7,3.6,9.4,2.8
,2010,7,5,9,0,0,30914,20100705,1005,0.5,1.8,78,0.2,9.3,4,14.3,5.3,10.8,8.3
,2010,7,6,9,0,0,30914,20100706,1005.1,1.2,0,75,-2.2,10.1,4.7,16.4,10.6,11.1,3.6
,2010,7,7,9,0,0,30914,20100707,1006.4,1.4,0,83,-3,10.3,8.6,15.9,9.6,10.9,3.2
,2010,7,8,9,0,0,30914,20100708,1007.1,1.1,0,78,-3.5,9.4,8.8,13.6,6.7,8.8,3.2
,2010,7,9,9,0,0,30914,20100709,1015.5,1,0,84,-4.4,7.3,10,13.9,1.6,7,1.7
,2010,7,10,9,0,0,30914,20100710,1028.1,0.8,0,88,-5.2,5.8,10.4,12.4,-1.5,6.2,1.1
,2010,7,11,9,0,0,30914,20100711,1031.1,0.8,0,90,-5.9,5.2,8.7,12.8,-1.5,6.1,0.6
,2010,7,12,9,0,0,30914,20100712,1028.4,0.8,0,87,-6.8,5.2,9.8,13.7,-0.2,6.5,1.4
,2010,7,13,9,0,0,30914,20100713,1024.1,0.8,0,91,-7.6,5.3,10.3,13.7,-0.1,6.9,1
,2010,7,14,9,0,0,30914,20100714,1020.9,1,0,89,-8.4,5.2,10.3,14.8,-0.1,6.7,1.3
,2010,7,15,9,0,0,30914,20100715,1016.1,0.9,0,91,-9.1,5.3,9.7,15.5,0.2,7.2,0.9
,2010,7,16,9,0,0,30914,20100716,1009.6,0.3,25.7,94,10.1,6.7,4.4,14.2,2.5,9.5,2.3
,2010,7,17,9,0,0,30914,20100717,1006.5,0.7,0,93,1.1,8.7,6.6,15.5,7.1,11.7,2.1
,2010,7,18,9,0,0,30914,20100718,1011.8,0.7,0,97,-1.3,7.8,7,15,3.2,9.9,0.8
,2010,7,19,9,0,0,30914,20100719,1022.7,0.5,0,98,-2.1,7,6.2,12.3,2.1,8.3,0.8
,2010,7,20,9,0,0,30914,20100720,1023.5,0.7,0,94,-2.8,8.1,7.2,14.3,4.3,10.1,1.1
,2010,7,21,9,0,0,30914,20100721,1023.3,1,25.2,82,18.3,8.2,4.2,14.5,5.8,9.6,3.5
,2010,7,22,9,0,0,30914,20100722,1012.8,0.6,13.8,89,11.7,10.8,6,16.9,9.4,13.8,3.5
,2010,7,23,9,0,0,30914,20100723,1009.7,0.8,3.7,96,3.3,10.5,7.3,15.8,8.6,12.3,1.5
,2010,7,24,9,0,0,30914,20100724,1011.7,1,0,89,-1.1,9.2,9.3,16,5.2,10.3,1.6
,2010,7,25,9,0,0,30914,20100725,1017.5,1,0,93,-1.8,8,10.7,13.9,2.6,8.8,1.4
,2010,7,26,9,0,0,30914,20100726,1022.1,0.7,2.9,96,0.7,7.1,7,12.8,0.1,7.7,1
,2010,7,27,9,0,0,30914,20100727,1019,0.9,3.2,89,2.5,7.8,7.3,15,4,10.4,3.1
,2010,7,28,9,0,0,30914,20100728,1020.7,1,0,93,-1,7.7,9.9,14.3,4,9.4,1.9
,2010,7,29,9,0,0,30914,20100729,1025.2,0.8,0,97,-1.9,7.6,9.2,13.8,4.1,9.8,1
,2010,7,30,9,0,0,30914,20100730,1030.8,1.1,0,96,-2.7,6.6,11.1,14.4,0.9,7.5,1.1
,2010,7,31,9,0,0,30914,20100731,1035.1,0.8,0,94,-3.6,6.3,9,14.5,2.8,9,1.7
,2010,8,1,9,0,0,30914,20100801,1028.9,0.7,31,82,22.8,8.7,3.9,14.5,6.4,11.2,3.7
,2010,8,2,9,0,0,30914,20100802,1017.4,1.1,3.1,93,1.9,12.2,9.3,17.5,10.7,14.4,4
,2010,8,3,9,0,0,30914,20100803,1016.2,0.3,13.8,98,11.9,10.9,3.3,15.7,7.6,13.2,2
,2010,8,4,9,0,0,30914,20100804,1012.8,0.4,8.7,95,9.7,12.7,2.1,16.7,11.9,15.8,3.8
,2010,8,5,9,0,0,30914,20100805,1006.6,1,0,97,-1.2,11.8,8,16,9.8,13.1,2.4
,2010,8,6,9,0,0,30914,20100806,1021.1,1,0,97,-2.3,9.5,9.9,15.7,4.4,9.9,1
,2010,8,7,9,0,0,30914,20100807,1013.9,0.3,18.6,93,13.1,10.9,2.5,14.3,6.6,12.6,2.4
,2010,8,8,9,0,0,30914,20100808,1002.2,1.2,11.6,94,9.9,11.2,10,15.2,8.7,12.3,3
,2010,8,9,9,0,0,30914,20100809,1007.6,1.4,0,85,-1.2,9.9,10.9,13.1,7.2,9.7,3.4
,2010,8,10,9,0,0,30914,20100810,1026.7,1.4,0,89,-2.2,7.2,14.3,13.1,0.2,7,1.2
,2010,8,11,9,0,0,30914,20100811,1030,1.2,0,92,-3.4,6.7,12.7,13.8,0.5,7.5,1.1
,2010,8,12,9,0,0,30914,20100812,1029.7,1.4,0,96,-4.5,6.4,12,15.2,0,7.6,1.8
,2010,8,13,9,0,0,30914,20100813,1019.6,0.5,18.4,79,12.9,10.5,4.7,17,4.6,13,4.6
,2010,8,14,9,0,0,30914,20100814,1014.5,0.4,42.9,96,36.3,13.2,1.7,16,14.4,16.9,2.4
,2010,8,15,9,0,0,30914,20100815,1010.1,0.7,0,96,-0.9,12.7,2.8,15.9,12.3,14.4,1.8
,2010,8,16,9,0,0,30914,20100816,1012.9,0.7,1.4,97,0,10.9,5.1,14.4,7.7,12.2,1
,2010,8,17,9,0,0,30914,20100817,1009.4,1.5,9.3,91,6.9,12,12.2,18,9.4,14.3,3.7
,2010,8,18,9,0,0,30914,20100818,1004.7,1.4,4.5,86,3.7,11.7,9.7,13.6,8.8,10.6,3.3
,2010,8,19,9,0,0,30914,20100819,1009.7,1.4,1.1,91,0.8,9.5,10.8,15.1,5.3,10.5,2.5
,2010,8,20,9,0,0,30914,20100820,1012.8,0.8,7,96,5.7,9.4,5.4,13.6,4.7,10,2
,2010,8,21,9,0,0,30914,20100821,1003.5,0.7,1.1,96,0,11.4,7,15.5,8.1,14.3,3.2
,2010,8,22,9,0,0,30914,20100822,1010.2,1.3,2.9,90,2.2,9.7,11.1,14.9,6,11.2,2.3
,2010,8,23,9,0,0,30914,20100823,1012.2,1.5,0,94,-0.4,9.5,12.4,15.7,6.3,11,2.1
,2010,8,24,9,0,0,30914,20100824,1014.3,1.8,0,92,-1.8,9.2,15.1,14.9,5.4,10.1,1.6
,2010,8,25,9,0,0,30914,20100825,1015.7,1.4,29.6,85,24.3,8.7,9.9,15.3,4,10.1,4.3
,2010,8,26,9,0,0,30914,20100826,1007.4,1.5,1.4,95,0.7,11.2,10.8,17.6,10.1,13.5,2.9
,2010,8,27,9,0,0,30914,20100827,1010.7,0.9,1.5,97,0.1,11.8,7.4,15.4,10.4,13.4,1.2
,2010,8,28,9,0,0,30914,20100828,1011.3,1.3,4.5,98,3.4,11,12.1,17.6,6.9,13,2.1
,2010,8,29,9,0,0,30914,20100829,1007.6,1.2,9.3,93,7.9,11.4,8.8,15.3,9.5,12.8,2.1
,2010,8,30,9,0,0,30914,20100830,1002.2,1.8,3.1,93,1.6,10.6,12.1,15.6,6.6,10.7,2.5
,2010,8,31,9,0,0,30914,20100831,1007.9,1.2,6.9,89,6,10.4,8.4,14.3,6.8,10.7,2.1
,2010,9,1,9,0,0,30914,20100901,1015.6,2,0,83,-1.6,9.8,15.2,17.1,4.8,9.7,1.5
,2010,9,2,9,0,0,30914,20100902,1015.5,0.7,0,92,-3,10.2,7,13.5,5.5,11.3,3.1
,2010,9,3,9,0,0,30914,20100903,1006.2,2,5.1,86,0.4,10.3,13.4,14.6,7.8,11.2,4
,2010,9,4,9,0,0,30914,20100904,1019.6,2.1,0,75,-3.4,9,17.3,15.1,4.1,8.8,3.2
,2010,9,5,9,0,0,30914,20100905,1029.1,1.4,0,83,-4.9,9.2,11.2,15,5.2,10.6,2.5
,2010,9,6,9,0,0,30914,20100906,1020.5,1.1,22.7,82,13.1,11.5,4.6,16.3,10.2,13,4.6
,2010,9,7,9,0,0,30914,20100907,1017.4,0.8,1.1,98,-0.8,13.1,4.7,15.6,11.8,14.4,2
,2010,9,8,9,0,0,30914,20100908,1022.6,1.5,0,98,-1.9,10.9,10.5,17,6.3,11.5,1.5
,2010,9,9,9,0,0,30914,20100909,1019.4,1,14.1,89,10.1,12.8,5.3,16.8,9.4,13.5,4.3
,2010,9,10,9,0,0,30914,20100910,1017.7,2.2,0,85,-3.1,13,13.7,17.4,11.4,13.1,3.4
,2010,9,11,9,0,0,30914,20100911,1021.7,1.3,15.7,93,9.2,11.2,6.2,17,6.1,12.1,3.2
,2010,9,12,9,0,0,30914,20100912,1007.9,1.1,1.8,97,0.9,13.9,8.5,19.1,10.9,17.1,3.6
,2010,9,13,9,0,0,30914,20100913,1013.1,1.7,0,90,-3.3,13.8,9.9,15.8,12.4,14.3,3.5
,2010,9,14,9,0,0,30914,20100914,1013.4,1.9,3.6,90,-1.2,12.3,12.5,16.4,9,12.6,3.3
,2010,9,15,9,0,0,30914,20100915,1012.4,2.7,3,80,-1.1,12.5,17.3,15.5,9.3,11.1,3.2
,2010,9,16,9,0,0,30914,20100916,1005.3,1.3,3.3,92,0.2,11.2,7.8,18.2,4.2,11.3,4.3
,2010,9,17,9,0,0,30914,20100917,1004.1,2.1,8.7,83,5.6,12.1,10.4,16.9,9.6,13.3,5.4
,2010,9,18,9,0,0,30914,20100918,1004.2,2.2,0,78,-0.6,10.8,11.5,15.9,7.6,11.2,7
,2010,9,19,9,0,0,30914,20100919,1005.5,2.8,1.1,80,-2.2,12.3,15.7,16.6,11.8,12.9,6.9
,2010,9,20,9,0,0,30914,20100920,1011.5,2.7,13.4,79,7.3,11,11.9,15.9,8,11.2,5.8
,2010,9,21,9,0,0,30914,20100921,1003,3.1,4.9,81,3.3,11.9,15,15.6,11.3,11.8,6.7
,2010,9,22,9,0,0,30914,20100922,998.2,3.4,2.3,76,0.5,11.4,17.9,13.5,9.4,9.8,6.1
,2010,9,23,9,0,0,30914,20100923,1008.6,2.2,1.1,84,-1.8,10.9,11.9,15.4,8.5,11.9,6.4
,2010,9,24,9,0,0,30914,20100924,1018.2,2.2,0,84,-2.9,10.4,13.7,16.4,6.9,11.6,4.1
,2010,9,25,9,0,0,30914,20100925,1017.9,1.7,0,86,-4.9,12.2,9.6,16.7,11.2,13.6,4.6
,2010,9,26,9,0,0,30914,20100926,1023.9,2.2,0,89,-6.5,12,13.1,18.8,9.2,13.9,3.3
,2010,9,27,9,0,0,30914,20100927,1025.1,2.6,0,87,-8.2,13.6,14.3,20,12.6,15.1,2.5
,2010,9,28,9,0,0,30914,20100928,1023,2.9,0,92,-10.2,13.2,20.4,20.2,8.9,14,1.4
,2010,9,29,9,0,0,30914,20100929,1022.1,2.7,0,87,-12.3,14.2,19.6,20.3,9.8,15,2.1
,2010,9,30,9,0,0,30914,20100930,1020,1.3,12.2,83,-1.6,15.1,6.4,18.8,12.4,15.7,3.3
,2010,10,1,9,0,0,30914,20101001,1020.8,2.2,1.4,90,-2.8,14.5,12.1,16.6,11.1,12.5,3.9
,2010,10,2,9,0,0,30914,20101002,1030.7,3.3,0,77,-6.4,11.9,23,17.9,4.5,10.4,2.5
,2010,10,3,9,0,0,30914,20101003,1032.1,3,0,86,-9.7,12,22.9,18.3,4.3,11.5,1.6
,2010,10,4,9,0,0,30914,20101004,1035.1,3.3,0,78,-13,12.5,23.6,19.1,5.8,11.1,1.5
,2010,10,5,9,0,0,30914,20101005,1034.1,2.9,0,86,-16.3,12.6,20.3,19.1,6.3,12.5,1.5
,2010,10,6,9,0,0,30914,20101006,1032.1,2.5,0,84,-18.5,14.5,13.7,17.9,11.2,13,2.4
,2010,10,7,9,0,0,30914,20101007,1025,2,0,85,-21.7,13.8,12.6,17.5,9.2,13.5,2.8
,2010,10,8,9,0,0,30914,20101008,1022,2.7,0,87,-23.4,13.8,15.6,18.3,9.4,13.5,2.7
,2010,10,9,9,0,0,30914,20101009,1016,3.3,0,84,-26.4,14.6,17.8,17.2,12.6,14.1,5
,2010,10,10,9,0,0,30914,20101010,1026.1,2.9,2.9,76,-26.8,12.1,19.4,17.2,5.3,10.7,3
,2010,10,11,9,0,0,30914,20101011,1022.5,2.8,0,85,-28,12.1,12.9,14.2,7.5,9.6,3.3
,2010,10,12,9,0,0,30914,20101012,1027,4.6,0,56,-29.4,10.2,25.3,16.3,3.8,7.4,4.9
,2010,10,13,9,0,0,30914,20101013,1015,2.4,0,65,-30.9,12.2,9.9,18.5,9.9,11.5,4.9
,2010,10,14,9,0,0,30914,20101014,1009,2.3,7,88,-27.7,13.8,14,19,12.9,15.1,2
,2010,10,15,9,0,0,30914,20101015,1011.5,2.6,0,88,-30.1,14.6,12.4,19.5,12.9,15.1,1.9
,2010,10,16,9,0,0,30914,20101016,1014.5,3.2,0,87,-33.3,14.9,17.3,18.7,12.3,13.6,2.6
,2010,10,17,9,0,0,30914,20101017,1007.3,1.6,2.2,79,-34.2,15,7.5,17.7,10.6,13.2,3.1
,2010,10,18,9,0,0,30914,20101018,1007.4,3.8,0,79,-36.9,14.1,21.9,16.8,10.8,12.4,4.9
,2010,10,19,9,0,0,30914,20101019,1016.2,2.7,0,79,-39.7,12.6,18.6,17.2,5.1,11.2,2.6
,2010,10,20,9,0,0,30914,20101020,1009.9,4.2,0,75,-42.7,13.6,21.9,15.8,10.7,11.6,4.8
,2010,10,21,9,0,0,30914,20101021,1008.9,2.9,0,79,-45.5,13.2,16.6,15.6,8.4,11.9,5.7
,2010,10,22,9,0,0,30914,20101022,1016.7,4.4,0,68,-48.5,12.6,27.2,18.3,6.5,9.9,3
,2010,10,23,9,0,0,30914,20101023,1025.4,4.1,0,79,-51.8,12.7,26.5,21,4.7,11.4,2
,2010,10,24,9,0,0,30914,20101024,1029,3.8,0,86,-55.1,13.9,25.9,21.6,5.8,13.2,1.5
,2010,10,25,9,0,0,30914,20101025,1029.9,3.9,0,84,-58.4,14.6,23.9,21.9,8.7,14.3,1.7
,2010,10,26,9,0,0,30914,20101026,1030.5,4.1,0,85,-61.7,14.6,25.7,21.9,7.7,13.7,1.6
,2010,10,27,9,0,0,30914,20101027,1028.5,3.2,0,76,-65,15.7,19,20.5,10,14.3,1.7
,2010,10,28,9,0,0,30914,20101028,1026.8,3.5,0,75,-68.3,16,20.2,19.8,11.1,13.9,1.9
,2010,10,29,9,0,0,30914,20101029,1031.1,4.2,0,79,-71.4,15,25.9,22.8,7.4,14.1,1.4
,2010,10,30,9,0,0,30914,20101030,1035.1,5.2,0,70,-74.5,16.3,28,19.6,11.6,12.6,4
,2010,10,31,9,0,0,30914,20101031,1031,4.4,0,63,-77.6,14.9,24.9,18.3,5.9,9.9,3.3
,2010,11,1,9,0,0,30914,20101101,1030.4,4.1,0,63,-81.1,14.2,23.7,18.8,5.1,10.2,2.7
,2010,11,2,9,0,0,30914,20101102,1029.3,4,0,63,-85,14.6,25.9,18.8,7.7,10.2,2.6
,2010,11,3,9,0,0,30914,20101103,1026.5,3.2,0,76,-88.6,15.2,19.2,18.4,10.1,12.4,1.5
,2010,11,4,9,0,0,30914,20101104,1020.5,3.3,15.6,80,-78.5,14.3,24.6,20.2,5.7,13.4,2.1
,2010,11,5,9,0,0,30914,20101105,1008.5,3.7,0,94,-81.2,15.5,18.8,20.2,13.6,16.9,3.9
,2010,11,6,9,0,0,30914,20101106,1012.4,5.3,0,64,-85.1,14.1,29,19.5,8.8,9.7,3.3
,2010,11,7,9,0,0,30914,20101107,1020.8,4.8,0,59,-88.7,14,30.9,19.4,6.4,8.9,2.2
,2010,11,8,9,0,0,30914,20101108,1026.5,4.5,0,68,-91.9,14.6,28.7,20.7,6.9,12.1,1.7
,2010,11,9,9,0,0,30914,20101109,1031.9,4,0,68,-95.3,15.4,19.7,20.1,10.4,11.4,2.4
,2010,11,10,9,0,0,30914,20101110,1029.6,4.8,0,73,-98.4,15.9,27.6,21.1,10.1,13.5,2.1
,2010,11,11,9,0,0,30914,20101111,1022.1,3.3,0,79,-101.4,15.4,18.4,20.8,6.1,13,1.9
,2010,11,12,9,0,0,30914,20101112,1021.9,2.6,0,81,-104.2,16,15.5,19.7,11.4,15.2,2.7
,2010,11,13,9,0,0,30914,20101113,1027.7,4.8,0,72,-106.9,15.8,24.3,22.7,9.9,14,3.4
,2010,11,14,9,0,0,30914,20101114,1023.8,4.7,0,84,-108.2,17.4,22.2,22,15.7,17.4,5.6
,2010,11,15,9,0,0,30914,20101115,1017.1,4,0,87,-110.5,17.6,22.3,21.8,14.9,17.4,3.4
,2010,11,16,9,0,0,30914,20101116,1021.5,4.9,0,76,-112.9,17.8,25.2,23.4,14.7,15.6,2.6
,2010,11,17,9,0,0,30914,20101117,1021.8,5.4,0,73,-115,16.7,29.9,25.3,8.8,14.2,2
,2010,11,18,9,0,0,30914,20101118,1020.4,3.9,0,84,-116.9,17.9,23.1,24.2,11.2,17,1.9
,2010,11,19,9,0,0,30914,20101119,1021.4,3.8,0,74,-118.8,19.1,18.9,24.1,14.9,17.2,2.1
,2010,11,20,9,0,0,30914,20101120,1016,3.1,8.5,86,-112,19.2,13.9,23.7,18.1,20.5,2.5
,2010,11,21,9,0,0,30914,20101121,1010.3,4.6,0,88,-114.2,18.8,23,19.8,16.2,16.9,4.8
,2010,11,22,9,0,0,30914,20101122,1016.5,5.2,1.7,70,-113.6,17.6,26.8,22.6,10.6,13.7,3.1
,2010,11,23,9,0,0,30914,20101123,1025.9,3.9,0,78,-115.2,17.3,22.8,19.9,11.4,12.4,2.6
,2010,11,24,9,0,0,30914,20101124,1027.2,4.4,0,76,-117.2,16.9,25.8,21,9.4,12.4,2.1
,2010,11,25,9,0,0,30914,20101125,1022.1,5.1,0,71,-119.1,16.5,29.3,22.7,6.6,12.2,2.4
,2010,11,26,9,0,0,30914,20101126,1015.7,5.1,2.4,73,-118.1,18.2,25,24.9,12.7,15,1.5
,2010,11,27,9,0,0,30914,20101127,1018.6,5.6,0,68,-119.9,18.1,32.2,25.4,9.6,14.2,1.9
,2010,11,28,9,0,0,30914,20101128,1021.8,4.7,0,84,-120.4,18.8,23.1,26.1,12.9,17.1,1.8
,2010,11,29,9,0,0,30914,20101129,1021.7,3.5,0,88,-121.9,19.9,17.3,24.9,15.7,19.4,1.4
,2010,11,30,9,0,0,30914,20101130,1021.9,3.9,0,87,-123.1,19.7,18.2,24.5,15.7,17.4,2.1
,2010,12,1,9,0,0,30914,20101201,1021.5,4.5,0,80,-122,19.9,22.7,24.7,14.3,18,2.4
,2010,12,2,9,0,0,30914,20101202,1021.8,3.6,0,81,-123.2,19.8,16.4,23.3,15.5,16.5,1.5
,2010,12,3,9,0,0,30914,20101203,1020.8,4.3,1.4,74,-123.1,19.9,19.5,23.1,15.6,15.7,1.9
,2010,12,4,9,0,0,30914,20101204,1020.6,5.3,0,74,-124.6,20.4,25.9,24,15.9,16.8,2.3
,2010,12,5,9,0,0,30914,20101205,1018.7,4.8,0,75,-126.1,20.3,20.6,24,15.5,16,2.8
,2010,12,6,9,0,0,30914,20101206,1014.1,5.4,0,65,-127.5,19.2,25.5,23.7,10.8,13.9,3.9
,2010,12,7,9,0,0,30914,20101207,1014.5,5.4,0,75,-128.7,19.8,24.8,23.5,16.4,16,4
,2010,12,8,9,0,0,30914,20101208,1018.7,4,0,75,-129.9,19.5,20.9,22.4,12,15.1,2.1
,2010,12,9,9,0,0,30914,20101209,1020.6,4.8,0,71,-131.2,18.8,24,22.7,12.5,14.1,3.1
,2010,12,10,9,0,0,30914,20101210,1016,5.7,0,65,-132.3,18.3,31.5,23.6,9.3,13.4,3.5
,2010,12,11,9,0,0,30914,20101211,1009.9,4.8,0,62,-133.3,19.1,22.2,24,12.2,14,4.8
,2010,12,12,9,0,0,30914,20101212,1017.2,5.8,0,76,-134.3,20.3,26.6,28.5,17,17.8,2.4
,2010,12,13,9,0,0,30914,20101213,1021,4.7,0,74,-134.1,21,22,26.8,16,18.7,2.3
,2010,12,14,9,0,0,30914,20101214,1018.7,2.5,0,90,-133.8,20.9,11.1,24.9,16.8,21.1,1.5
,2010,12,15,9,0,0,30914,20101215,1018,5.7,0,76,-134.6,21.4,24.1,28.7,17.8,19.5,2.6
,2010,12,16,9,0,0,30914,20101216,1019.9,2.6,2.5,80,-133.2,21.2,10.1,20.9,18.6,18.1,4.5
,2010,12,17,9,0,0,30914,20101217,1014.8,2.2,4.7,87,-129.4,19.4,9.4,24.7,17.2,20.6,3.3
,2010,12,18,9,0,0,30914,20101218,1013.1,2.4,1.7,94,-128.9,20.4,10.5,24.1,19.3,23,2.4
,2010,12,19,9,0,0,30914,20101219,1013.2,1.4,32.3,86,-100.8,20.8,6.4,23,19.5,22.5,3
,2010,12,20,9,0,0,30914,20101220,1016.6,2.4,23.2,90,-80.5,20.5,10.3,24.4,18.9,21.9,2.4
,2010,12,21,9,0,0,30914,20101221,1017.3,5.9,0,80,-84.4,21.4,26.1,27.2,20.3,22.7,5.2
,2010,12,22,9,0,0,30914,20101222,1020.5,4.7,0,85,-88.1,22.2,19.9,27,20.9,23.8,4.6
,2010,12,23,9,0,0,30914,20101223,1023.4,6.2,0,71,-91.8,20.7,30.6,25,14.6,17,2.7
,2010,12,24,9,0,0,30914,20101224,1018.6,2.4,0,74,-94.6,19.7,12.3,20.8,11.4,15.7,2.9
,2010,12,25,9,0,0,30914,20101225,1018.7,4.6,0,63,-97.9,18.8,21.5,21.4,11.8,13,3.4
,2010,12,26,9,0,0,30914,20101226,1018.9,4.3,0,75,-101,18.2,22.2,23.1,8.7,14.5,2.2
,2010,12,27,9,0,0,30914,20101227,1017.9,3.8,0,75,-104.1,18.4,21.4,25.5,9.4,16.8,2.3
,2010,12,28,9,0,0,30914,20101228,1007.4,1.6,10.6,87,-96.3,20.5,6.9,23.2,18.2,23,5.6
,2010,12,29,9,0,0,30914,20101229,1022.8,6.3,0,68,-99.5,18.2,31.6,24.1,11.4,13.7,2.1
,2010,12,30,9,0,0,30914,20101230,1021.2,4.4,0,72,-102.5,19.5,23.3,23.6,14.1,16.5,3
,2010,12,31,9,0,0,30914,20101231,1014.3,5.5,0,80,-105.4,20.5,25.8,25.6,16.1,19.2,2.6
,2011,1,1,9,0,0,30914,20110101,1015.9,5.7,0,70,-109.9,19.7,28.4,24,12.6,15.5,2.9
,2011,1,2,9,0,0,30914,20110102,1021.8,5.7,0,78,-112.6,20.5,29.7,26.4,12.7,18,2.1
,2011,1,3,9,0,0,30914,20110103,1019.9,6.1,0,72,-115.1,20.8,31.9,28.3,12.3,18,1.7
,2011,1,4,9,0,0,30914,20110104,1017.6,4.2,0,78,-117.4,21.7,17.8,27,17.5,19.8,1.6
,2011,1,5,9,0,0,30914,20110105,1016.7,6.3,0,68,-117.4,22.1,26.8,25.8,17,17.9,2.9
,2011,1,6,9,0,0,30914,20110106,1014.8,4.1,0,79,-119,22.3,20.1,26.1,18,21.5,2.8
,2011,1,7,9,0,0,30914,20110107,1015.6,5.3,0,81,-120.9,21.9,24,28.9,17.4,22.8,2.5
,2011,1,8,9,0,0,30914,20110108,1017.6,6.6,0,72,-122.6,21.2,31.3,27.6,14,17,2.5
,2011,1,9,9,0,0,30914,20110109,1023.4,6.3,0,61,-124.5,21,28.3,25.1,14.7,13,3.3
,2011,1,10,9,0,0,30914,20110110,1022.5,5.4,0,61,-126.2,20.9,25.3,25.5,12.6,13.3,2.2
,2011,1,11,9,0,0,30914,20110111,1021.6,6.4,0,55,-127.7,20.8,27.6,25.9,15.9,12.2,2.8
,2011,1,12,9,0,0,30914,20110112,1019.2,5.2,0,69,-129.2,21.1,21.9,25.7,13.9,16.3,3.6
,2011,1,13,9,0,0,30914,20110113,1016.3,5.4,0,64,-129.7,20.7,22.3,25.4,12.7,14,2.4
,2011,1,14,9,0,0,30914,20110114,1020.7,5,0,74,-130.9,20.3,24,25.8,12.2,17.4,2
,2011,1,15,9,0,0,30914,20110115,1022.1,5.8,0,74,-132.1,21.7,27.6,27.6,15.8,18.5,2.4
,2011,1,16,9,0,0,30914,20110116,1014.8,5.8,0,71,-133.3,20.9,29.9,27.4,12.4,17.4,2.3
,2011,1,17,9,0,0,30914,20110117,1012.7,5,7,77,-126.3,20.8,23.3,29.5,11.7,17.5,1.7
,2011,1,18,9,0,0,30914,20110118,1005.6,2.7,11.3,89,-117.9,22,11.6,27.7,18.5,24.8,4.1
,2011,1,19,9,0,0,30914,20110119,1001.2,6,0,81,-119.9,21.9,25.6,24.9,20.2,20.2,5.1
,2011,1,20,9,0,0,30914,20110120,1011.5,6.2,0,67,-121.9,19.5,30.2,26.1,10.9,14.8,2.8
,2011,1,21,9,0,0,30914,20110121,1017.5,5.3,20.3,58,-108.1,20,20.9,24.9,14.6,13.4,4.2
,2011,1,22,9,0,0,30914,20110122,1012.7,2.3,53.2,82,-58.5,19.4,6.7,21.2,15.1,16.9,3.4
,2011,1,23,9,0,0,30914,20110123,999.5,2.3,41.2,95,-23.7,16.9,7.4,24.4,15.1,18.7,6.3
,2011,1,24,9,0,0,30914,20110124,996.6,2.5,5.4,90,-22.4,19.4,9.7,21.8,16.3,20,6.1
,2011,1,25,9,0,0,30914,20110125,1014.9,2.8,0,87,-26.5,19.8,11.9,24.1,17.2,19.3,1.5
,2011,1,26,9,0,0,30914,20110126,1020.4,5.7,0,82,-31.2,20.2,26.3,27.8,16.7,20.4,1.6
,2011,1,27,9,0,0,30914,20110127,1017.9,5.8,0,81,-35.8,19.9,27.3,26.9,13.7,17.3,2.3
,2011,1,28,9,0,0,30914,20110128,1015,3.2,131.4,76,44.9,21.1,11.1,23.2,16.6,19.3,3.7
,2011,1,29,9,0,0,30914,20110129,1000.8,4.7,0,80,-8.9,19.3,21.8,22.3,17.2,19.1,6.2
,2011,1,30,9,0,0,30914,20110130,1020.9,4.9,0,68,-13.7,18.3,22.7,22.3,11.9,14,3.3
,2011,1,31,9,0,0,30914,20110131,1015.3,3.1,0,74,-17.8,18.8,10.9,22.6,14.8,16.2,5.1
,2011,2,1,9,0,0,30914,20110201,1020.2,6,0,74,-22,18.8,29.2,24.4,15.1,15.4,3.5
,2011,2,2,9,0,0,30914,20110202,1021.3,4.8,0,81,-26.2,18.8,22.2,26.1,12.5,16.8,3.5
,2011,2,3,9,0,0,30914,20110203,1020.4,2.1,0,90,-29.8,20.9,9.7,25.3,16.8,23.2,3
,2011,2,4,9,0,0,30914,20110204,1018.1,2.9,0,86,-34.1,21.4,9.8,25.6,20.2,22.4,4.1
,2011,2,5,9,0,0,30914,20110205,1021.3,5,0,88,-38.4,22.1,21.5,28.5,20.9,24.8,3.3
,2011,2,6,9,0,0,30914,20110206,1021.8,4.4,0,82,-42.6,21.8,18.8,27.1,17.8,22,2.6
,2011,2,7,9,0,0,30914,20110207,1015.5,2.7,0,83,-46.7,22.2,11.8,25.6,18.7,21.6,1.7
,2011,2,8,9,0,0,30914,20110208,1010.6,5,0,87,-48.9,21.7,24.1,27.8,17.9,22.9,2.3
,2011,2,9,9,0,0,30914,20110209,1014.5,3.6,0,80,-51.7,21.6,15.6,23.6,16.1,16.7,2
,2011,2,10,9,0,0,30914,20110210,1021,3.3,0,82,-55.8,20.8,15,23.4,15.4,16.2,1.2
,2011,2,11,9,0,0,30914,20110211,1023.2,4,1.8,81,-55.2,21,18,24.9,15.9,18,2.6
,2011,2,12,9,0,0,30914,20110212,1024.2,5,0,76,-58.5,21,24.9,25.2,17.1,18.5,2.9
,2011,2,13,9,0,0,30914,20110213,1022.2,4.9,0,79,-62.6,22,23.1,26.5,18.8,20.7,2.3
,2011,2,14,9,0,0,30914,20110214,1018.2,5.4,0,85,-66.6,21.7,23.6,28.5,16,21.9,2.6
,2011,2,15,9,0,0,30914,20110215,1020.3,5,0,80,-71.1,21.5,24.2,27.7,15.2,19,1.6
,2011,2,16,9,0,0,30914,20110216,1026.3,3.1,0,77,-75.1,21.6,10,22.2,17.9,16.1,2.7
,2011,2,17,9,0,0,30914,20110217,1026.4,5.4,0,63,-79.1,20.1,25.9,24,15.6,13.6,3.3
,2011,2,18,9,0,0,30914,20110218,1023.8,4.9,0,70,-83,19.4,27.3,25.4,11.7,14.3,1.6
,2011,2,19,9,0,0,30914,20110219,1020.8,4.3,1.1,85,-84.5,19.4,23.3,26.1,11.4,17.4,1.7
,2011,2,20,9,0,0,30914,20110220,1017.4,4.6,0,74,-88.2,20.7,19.2,26.6,16.7,16.4,1.8
,2011,2,21,9,0,0,30914,20110221,1012.4,4.3,0,72,-91,21.1,19.9,25.6,17.6,18.4,2.4
,2011,2,22,9,0,0,30914,20110222,1009.6,3.5,0,80,-93.1,20.9,16.5,25.6,15.8,20.7,2.1
,2011,2,23,9,0,0,30914,20110223,1008.1,4.1,0,86,-95.7,21.3,17.6,25.5,18.7,20.2,2
,2011,2,24,9,0,0,30914,20110224,1006.6,3.7,0,79,-98.7,20.5,16,23.6,16.1,16.5,2.1
,2011,2,25,9,0,0,30914,20110225,1006.6,5.3,0,73,-101.7,20.1,25,25.4,14.5,15.7,3.1
,2011,2,26,9,0,0,30914,20110226,1007.9,4.3,0,82,-104.1,19.6,22.1,25.5,12.2,17.2,1.9
,2011,2,27,9,0,0,30914,20110227,1013.4,4.4,0,82,-106.7,18.6,22.7,24.8,12.4,15.8,2
,2011,2,28,9,0,0,30914,20110228,1017.9,2.9,0,85,-109,18.2,16.7,24,9.3,15.9,1.8
,2011,3,1,9,0,0,30914,20110301,1018.5,3.3,0,90,-110.4,18.9,19.4,25.1,13.2,19.1,2
,2011,3,2,9,0,0,30914,20110302,1015.7,2.7,1.3,75,-110,19.3,12.2,24.9,14.3,18.2,2.9
,2011,3,3,9,0,0,30914,20110303,1019.6,3.8,0,83,-111.7,19.3,18.2,25.9,15.5,16.9,1.5
,2011,3,4,9,0,0,30914,20110304,1017.3,2.4,21,82,-89.6,20.9,10.3,25.5,17.2,21.8,3
,2011,3,5,9,0,0,30914,20110305,1012,1.3,41.8,92,-55.5,19.9,5,22.4,17.5,21.4,2.8
,2011,3,6,9,0,0,30914,20110306,1008.7,3.6,0,83,-55.9,19,16.7,20.3,14.7,14.5,3.7
,2011,3,7,9,0,0,30914,20110307,1018,3.9,0,72,-58.6,15.9,23.8,20.9,6,10.3,2.2
,2011,3,8,9,0,0,30914,20110308,1021.6,3.8,0,77,-61.8,15.6,24.5,21.6,6.5,10.8,1.5
,2011,3,9,9,0,0,30914,20110309,1022.3,3.9,0,78,-64.8,15.9,22.6,22.7,8.3,12.5,1.4
,2011,3,10,9,0,0,30914,20110310,1020.4,3.6,0,85,-67.9,16.2,21.2,23.3,8.5,13.6,1.4
,2011,3,11,9,0,0,30914,20110311,1023.4,3.6,0,89,-70.9,16,20.8,23.5,8.3,14.3,1.9
,2011,3,12,9,0,0,30914,20110312,1027.8,3.7,0,89,-74,16.2,22.2,25.2,8.7,15.1,1.2
,2011,3,13,9,0,0,30914,20110313,1031.2,2.7,0,88,-77,17.7,14,24.9,12,18.1,1.2
,2011,3,14,9,0,0,30914,20110314,1029.8,3.5,0,90,-79.9,18.3,20.7,25.6,12.9,18.2,1.5
,2011,3,15,9,0,0,30914,20110315,1025.5,3.6,0,85,-82.8,18.9,19.5,25.4,14.3,18.1,1.3
,2011,3,16,9,0,0,30914,20110316,1024.3,3.4,0,85,-84.3,18.4,18,25.3,11.7,17.5,1.5
,2011,3,17,9,0,0,30914,20110317,1019.6,3.7,0,88,-87.1,18.1,20.8,26.3,12.3,18.2,1.4
,2011,3,18,9,0,0,30914,20110318,1014.9,2.5,5.2,91,-82.7,18.3,12.7,24.5,13.5,19.3,1.9
,2011,3,19,9,0,0,30914,20110319,1017.5,3.5,0,85,-85.5,17.5,19.8,23.3,11.3,15.5,2
,2011,3,20,9,0,0,30914,20110320,1023.2,3,0,93,-87.3,16.6,17,23.9,9.1,15.3,1.9
,2011,3,21,9,0,0,30914,20110321,1020.4,1.6,30.7,88,-56.6,18.2,5.8,20.5,12.7,17,4.3
,2011,3,22,9,0,0,30914,20110322,1004.9,3.2,0,90,-58.8,17.9,14.9,26.6,16.6,19.3,3.7
,2011,3,23,9,0,0,30914,20110323,1015,4.1,0,72,-61.8,18.8,15.9,23.9,16.9,15.8,3.4
,2011,3,24,9,0,0,30914,20110324,1021.9,3.9,0,73,-64.5,17.5,18.7,22,13.5,14.2,4.3
,2011,3,25,9,0,0,30914,20110325,1017.4,2.1,5.5,78,-65,17.9,7,19.7,15.6,15.5,5.4
,2011,3,26,9,0,0,30914,20110326,1014.8,1.2,8.6,91,-59.3,18.2,6.2,22.3,17.1,20.1,3.2
,2011,3,27,9,0,0,30914,20110327,1010.4,1.2,0,96,-59.7,19.5,5.7,22.8,19,23.6,2.6
,2011,3,28,9,0,0,30914,20110328,1014,3.7,0,74,-60.1,17.8,19.2,22.9,13.4,13.4,2.7
,2011,3,29,9,0,0,30914,20110329,1021,2.9,0,83,-63.1,16.1,18.9,21.7,8.3,12.5,1.6
,2011,3,30,9,0,0,30914,20110330,1021.1,3.5,0,77,-66,16,18.8,23.2,9.7,13,2.3
,2011,3,31,9,0,0,30914,20110331,1017.6,3,0,83,-69,15,18.8,22.1,6.2,11.4,2
,2011,4,1,9,0,0,30914,20110401,1015.9,2.2,0,86,-69.2,16.2,12.9,22,10.2,15.6,1.9
,2011,4,2,9,0,0,30914,20110402,1021.4,2.2,0,89,-69.8,16.1,14.6,21.2,9.7,13.8,1.5
,2011,4,3,9,0,0,30914,20110403,1021.6,2.3,5.6,94,-65.1,16.4,14.2,22.9,12,16.3,1.6
,2011,4,4,9,0,0,30914,20110404,1015.5,2.7,2.6,89,-63.4,17.2,16.1,23.5,14.7,18.8,2.9
,2011,4,5,9,0,0,30914,20110405,1006.1,2.4,7.5,88,-56.7,16.8,13.7,17.3,12.1,13.6,3.8
,2011,4,6,9,0,0,30914,20110406,1013,2.3,2.6,86,-55.1,14,13.5,19,5.1,11.3,2.8
,2011,4,7,9,0,0,30914,20110407,1010.8,2.2,0,80,-56.5,15,13.3,18.8,10.8,13.9,4.7
,2011,4,8,9,0,0,30914,20110408,1017.3,2.5,0,81,-58.3,13.5,17.4,19.2,5.9,10,2.2
,2011,4,9,9,0,0,30914,20110409,1025,2.3,0,94,-60.1,14,15,22.2,8.7,14.5,1.2
,2011,4,10,9,0,0,30914,20110410,1026.2,1.4,0,94,-62,15.2,10.2,20.7,10.9,15.8,0.8
,2011,4,11,9,0,0,30914,20110411,1024.1,1.6,0,94,-63.8,15.6,11,21.3,10.3,16,1.3
,2011,4,12,9,0,0,30914,20110412,1025.8,2.3,0,94,-65.6,14.1,16.6,22.4,6.4,12.9,1.1
,2011,4,13,9,0,0,30914,20110413,1025.9,1.9,0,96,-67.4,14.5,14.1,22.3,9.4,14.5,1
,2011,4,14,9,0,0,30914,20110414,1020.8,2.2,0,94,-69.1,15,14.1,21.9,10.1,14.3,1.2
,2011,4,15,9,0,0,30914,20110415,1018.6,1.8,0,94,-70.9,14.1,12.1,21.6,7.7,13.2,1.1
,2011,4,16,9,0,0,30914,20110416,1016,0.7,6.4,91,-64.6,16.2,4.4,19.6,12.6,17.3,2.2
,2011,4,17,9,0,0,30914,20110417,1006.6,2.3,0,91,-64.4,16.3,12.7,21.2,14.4,17.3,3.2
,2011,4,18,9,0,0,30914,20110418,1001.7,1.7,0,81,-63.9,14.8,8.8,14.2,10.1,12.1,3.9
,2011,4,19,9,0,0,30914,20110419,1019.3,2.1,0,79,-65,12,16,17.4,4.3,9.4,2.6
,2011,4,20,9,0,0,30914,20110420,1018.9,1.8,0,87,-66.8,13.8,10.7,19.9,10.3,14,2.7
,2011,4,21,9,0,0,30914,20110421,1022.2,1.3,0,94,-68.6,13.5,11.7,20.2,7.6,13.3,1
,2011,4,22,9,0,0,30914,20110422,1024.3,1,0,92,-70.3,14.7,7,18.9,12.3,15.5,1.7
,2011,4,23,9,0,0,30914,20110423,1025.1,1.2,0,90,-71.7,14.2,10.8,20.8,10.7,15.1,1.6
,2011,4,24,9,0,0,30914,20110424,1026.2,1.2,0,97,-72,14.5,9.5,21.4,10.1,15.7,1.3
,2011,4,25,9,0,0,30914,20110425,1018.5,0.7,23.6,96,-44.2,15.9,3.5,17.6,13.9,17.6,1.5
,2011,4,26,9,0,0,30914,20110426,1006.1,1.9,10.5,88,-22.9,15.1,9.2,18,13.8,14.9,7.5
,2011,4,27,9,0,0,30914,20110427,1010.9,1.7,0,87,-24.7,15,8.1,19.3,13.7,15.5,4.1
,2011,4,28,9,0,0,30914,20110428,1016.6,1.7,0,73,-26.5,14.5,5.4,17.4,13.9,12.8,4.2
,2011,4,29,9,0,0,30914,20110429,1025.8,2.3,0,73,-28.4,12.4,14,17.7,9,10.4,3.1
,2011,4,30,9,0,0,30914,20110430,1030.6,1.8,0,89,-30.3,11.2,12.1,19.4,3.1,9.1,1.8
,2011,5,1,9,0,0,30914,20110501,1025.2,1.5,3.7,71,-26.2,13.3,4.1,18.5,8.6,13.1,6.4
,2011,5,2,9,0,0,30914,20110502,1017.5,1.2,21,88,-6.2,14.6,3.4,18.4,15,15.9,6.6
,2011,5,3,9,0,0,30914,20110503,1012.2,1.4,0,96,-19.2,15.5,9.9,22,13.8,18.4,2.2
,2011,5,4,9,0,0,30914,20110504,1014,1.4,0,91,-20.1,15.6,9.5,21.5,12.5,17.5,1.5
,2011,5,5,9,0,0,30914,20110505,1012.4,1.5,0,96,-21,14.6,12.5,21.6,9.1,14.3,0.8
,2011,5,6,9,0,0,30914,20110506,1004.7,0.8,2,94,-18.8,15,6.3,22.2,10.5,17.4,2.8
,2011,5,7,9,0,0,30914,20110507,1001.3,1.8,0,92,-21,16.3,10.8,20.2,14.5,16.7,3.5
,2011,5,8,9,0,0,30914,20110508,1010.8,1.7,0,80,-22,15.4,11.3,20.6,13.2,14.5,3
,2011,5,9,9,0,0,30914,20110509,1015.7,1.1,0,95,-23.1,13.7,8.2,19,7.6,12.7,1
,2011,5,10,9,0,0,30914,20110510,1025.4,1.2,0,96,-24.2,14.1,7.4,19.3,9.1,13.7,1.5
,2011,5,11,9,0,0,30914,20110511,1016.1,0.4,6.8,93,-16.6,14.4,3.3,21.2,11.4,18,4.9
,2011,5,12,9,0,0,30914,20110512,1014.4,1.5,4.1,95,-9.9,16.2,11.2,23,15,18.4,1.7
,2011,5,13,9,0,0,30914,20110513,1007.7,1.3,1.8,96,-11.3,15.5,8.9,21.2,11.2,16.3,2.1
,2011,5,14,9,0,0,30914,20110514,1009.1,1.3,0,92,-15.8,14.7,10.3,19.7,11.9,15.6,2.8
,2011,5,15,9,0,0,30914,20110515,1007.1,1,4.1,92,-12.4,13.2,5.6,19.5,9.4,14.9,3.3
,2011,5,16,9,0,0,30914,20110516,1007.2,1.3,6.2,83,-8.9,13.1,7.7,18,9.9,13.7,5.8
,2011,5,17,9,0,0,30914,20110517,1010.6,1.5,0,85,-11.2,13.8,8.3,17.9,12.7,14.4,5.6
,2011,5,18,9,0,0,30914,20110518,1016.1,1.2,0,89,-12.3,12.7,9.7,15,8.3,11,2.6
,2011,5,19,9,0,0,30914,20110519,1025.7,0.9,0,87,-11,10.1,10.1,16.5,1.9,9.4,1.4
,2011,5,20,9,0,0,30914,20110520,1026.3,0.7,0,98,-12.2,10.3,7,16.7,4,10.7,1.1
,2011,5,21,9,0,0,30914,20110521,1028.9,0.8,0,96,-13.2,11,6.9,17.8,6.8,12.3,1.2
,2011,5,22,9,0,0,30914,20110522,1031.2,1,0,97,-14.3,11.6,8.5,17.2,8.2,11.9,0.9
,2011,5,23,9,0,0,30914,20110523,1028.1,1,0,96,-15.3,12.3,7.8,18.3,9.6,13.4,1.2
,2011,5,24,9,0,0,30914,20110524,1023.8,0.8,0,97,-16.5,11.7,7.9,17.1,5.9,11.4,0.6
,2011,5,25,9,0,0,30914,20110525,1018,0.7,23.2,92,4.6,12.7,6.7,19.8,8.5,14.6,2.3
,2011,5,26,9,0,0,30914,20110526,1006.7,0.2,53.1,95,37,15.3,0.6,19.5,14,19.5,4.2
,2011,5,27,9,0,0,30914,20110527,1003.1,1,1.8,94,-0.5,14.9,5.9,18.6,13.4,16,2.5
,2011,5,28,9,0,0,30914,20110528,1012.7,1.1,0,85,-4.2,13.4,8.2,17.4,10.3,12.4,2.6
,2011,5,29,9,0,0,30914,20110529,1024.7,0.8,0,96,-5.3,11.1,9.6,15.4,4.4,10.1,1.4
,2011,5,30,9,0,0,30914,20110530,1025,0.8,0,86,-6,11.4,6.7,15.4,6.5,10.6,2
,2011,5,31,9,0,0,30914,20110531,1023.3,0.7,0,97,-7.1,11,7.2,16.1,7.1,11.8,1.7
,2011,6,1,9,0,0,30914,20110601,1023.9,1,0,91,-7.8,10.7,9.4,17.7,7.3,11.4,1.3
,2011,6,2,9,0,0,30914,20110602,1031.1,1.1,0,90,-8.5,9.5,8.3,15.2,4.3,9.3,2.8
,2011,6,3,9,0,0,30914,20110603,1030.8,1,0,82,-8.7,10.7,3.8,15.9,8.7,11.8,5.4
,2011,6,4,9,0,0,30914,20110604,1024.1,0.8,3.9,86,-4.7,12.6,1.8,17.2,13.1,14.5,6
,2011,6,5,9,0,0,30914,20110605,1015.5,1,0,95,-6.3,13.7,8.2,20.6,13.2,16.5,1.8
,2011,6,6,9,0,0,30914,20110606,1014.3,0.5,0,98,-5.4,14.2,4.7,18.2,11.9,16.1,1.2
,2011,6,7,9,0,0,30914,20110607,1014.4,0.7,0,97,-6.9,13.9,5.2,17.9,11,14.8,1.6
,2011,6,8,9,0,0,30914,20110608,1016.5,0.8,0,95,-8.3,12.9,6.4,17.2,10.7,13.7,1.9
,2011,6,9,9,0,0,30914,20110609,1021.7,0.7,5.6,97,-3.6,10.8,6.3,15.2,3.5,9.2,1.1
,2011,6,10,9,0,0,30914,20110610,1017.8,0,13,92,11.2,12.8,1.4,16,6.3,14.6,2.9
,2011,6,11,9,0,0,30914,20110611,1011.9,0.6,2.4,96,1.5,13.1,5.4,17.1,11.4,14.4,2
,2011,6,12,9,0,0,30914,20110612,1013,0.9,0,98,-2.1,12.8,7.5,17.2,11.3,14.4,2.1
,2011,6,13,9,0,0,30914,20110613,1016.8,0.7,0,86,-2.8,11.2,6,15.6,7.5,11.2,1.5
,2011,6,14,9,0,0,30914,20110614,1018.3,0.7,0,89,-3.2,11.7,4.8,15,10.3,12.1,1.5
,2011,6,15,9,0,0,30914,20110615,1018.7,0.8,0,85,-3.9,11.7,5.7,15.5,8.9,11.6,2.5
,2011,6,16,9,0,0,30914,20110616,1022.5,0.8,0,94,-4.6,10.5,9.2,16.1,6.3,10.8,1.5
,2011,6,17,9,0,0,30914,20110617,1020.2,1.3,8.5,88,3.9,9.1,3,16.3,4.3,8.9,3.8
,2011,6,18,9,0,0,30914,20110618,999,0.3,16.3,92,16.2,12.8,5.1,19.7,7.4,16,4.3
,2011,6,19,9,0,0,30914,20110619,992.7,0.6,9.7,88,8.3,12.1,4.6,16.8,10.3,14.1,3.2
,2011,6,20,9,0,0,30914,20110620,1001.5,0.7,23.4,95,19.7,11,4.5,15.8,9.1,12.2,2.5
,2011,6,21,9,0,0,30914,20110621,1009.8,0.9,0,92,-0.4,11.6,9,16.5,8.6,11.6,2.2
,2011,6,22,9,0,0,30914,20110622,1015.3,0.4,0,95,-1.2,11.2,5,14.3,7.4,12,1.3
,2011,6,23,9,0,0,30914,20110623,1009,0.4,3.3,89,1.8,11.3,2.7,15.3,8.7,12.7,2.2
,2011,6,24,9,0,0,30914,20110624,1009.3,0.5,1.6,95,1.6,9.9,5,15.2,6.3,11.3,1.9
,2011,6,25,9,0,0,30914,20110625,1008,1,0,86,-1.2,10.3,8.3,14.9,7.9,10.9,3.1
,2011,6,26,9,0,0,30914,20110626,1009.3,0.9,0,89,-2,9.7,8.5,13.6,6.7,9.7,2.6
,2011,6,27,9,0,0,30914,20110627,1016.6,0.7,3,90,0.7,7.4,8.5,13.7,1.3,7.4,1.5
,2011,6,28,9,0,0,30914,20110628,1010.8,0.3,16,97,12.5,9,5.6,15,4.6,11.8,1.4
,2011,6,29,9,0,0,30914,20110629,1011,0.8,0,93,0.3,9.5,4.8,14.2,6.9,10.1,2.3
,2011,6,30,9,0,0,30914,20110630,1027,0.7,0,89,-1.3,7.2,9.4,13.2,0.9,7,1.2
,2011,7,1,9,0,0,30914,20110701,1026,0.7,0,95,-2,6.7,9.5,13.8,0.8,7.3,0.9
,2011,7,2,9,0,0,30914,20110702,1027.7,1.1,0,89,-3.2,6.5,9.6,14.5,1.2,8,3
,2011,7,3,9,0,0,30914,20110703,1030.7,0.8,0,83,-2.3,7.8,5.5,12.8,4.3,9,3.3
,2011,7,4,9,0,0,30914,20110704,1021.3,1,0,86,-3.6,8.5,6.3,14.5,7.2,8.8,2.6
,2011,7,5,9,0,0,30914,20110705,1000.9,1.2,4.4,82,-0.1,9.7,7.8,16.2,7.6,10.5,3.3
,2011,7,6,9,0,0,30914,20110706,990.7,0.8,12.6,87,10.2,10.4,4.9,14.3,9.1,12.3,5
,2011,7,7,9,0,0,30914,20110707,1002.7,1.1,7,89,6.5,9.3,6.5,15.5,7.8,11,3.9
,2011,7,8,9,0,0,30914,20110708,992.4,1.2,2.8,88,2.6,10.1,6.8,12.9,8,10,5.5
,2011,7,9,9,0,0,30914,20110709,1004.9,1.2,3.3,82,2.8,9.9,6,16.2,8,11.5,5.3
,2011,7,10,9,0,0,30914,20110710,1004,1.2,2.3,81,2.6,10.8,6.6,16.4,10.5,12.1,5
,2011,7,11,9,0,0,30914,20110711,1002.4,1.4,22.7,87,18.1,10.7,6.6,16,10.2,12.4,5.1
,2011,7,12,9,0,0,30914,20110712,1001.1,1.3,12.5,80,10.1,10,7.5,14.2,7.7,9.6,5.6
,2011,7,13,9,0,0,30914,20110713,1009.5,0.9,19.9,91,17.1,10.5,6.8,16,9.3,12.6,4.7
,2011,7,14,9,0,0,30914,20110714,1006.6,0.5,19.2,89,16.4,11.6,1.5,12.5,11.5,12.8,4.5
,2011,7,15,9,0,0,30914,20110715,1010.5,0.6,0,91,0,9,6.5,10.7,4.6,8.9,2.3
,2011,7,16,9,0,0,30914,20110716,1016.1,0.7,0,95,-0.8,6.8,8,12.5,-0.3,6.5,1
,2011,7,17,9,0,0,30914,20110717,1023.3,0.7,0,97,-1.6,6.7,8.5,13.4,1,7.9,0.9
,2011,7,18,9,0,0,30914,20110718,1029.6,0.8,0,97,-2.6,6.3,10.3,15.3,-0.1,7.1,0.8
,2011,7,19,9,0,0,30914,20110719,1031.7,0.9,0,97,-3.6,6.2,10.7,15.5,0.7,7.7,1.3
,2011,7,20,9,0,0,30914,20110720,1028.3,0.7,0,85,-4.4,8.2,5.5,14,4,9.6,2.7
,2011,7,21,9,0,0,30914,20110721,1019.3,0.8,3.7,88,-1,9.5,2.5,13.7,8.6,11.6,5.7
,2011,7,22,9,0,0,30914,20110722,1007.9,1.7,1.3,77,-2,10.3,5.8,16.3,10.6,11.6,6.3
,2011,7,23,9,0,0,30914,20110723,998,0.9,14.9,85,11.9,10.8,4.8,16.4,11.6,12.2,3.9
,2011,7,24,9,0,0,30914,20110724,983.4,0.8,3.4,98,2.4,11.6,5.5,14.7,9.8,12.8,2.7
,2011,7,25,9,0,0,30914,20110725,997.3,0.8,0,90,-0.5,9.5,6.4,9.9,4.1,8.1,2.8
,2011,7,26,9,0,0,30914,20110726,1020.6,1,0,88,-1.2,6.2,10.8,12.1,-1.3,5.9,1.8
,2011,7,27,9,0,0,30914,20110727,1023.5,0.7,1.3,92,-0.6,6.4,7.8,13.8,1.1,8.6,2.8
,2011,7,28,9,0,0,30914,20110728,1021.4,0.8,0,91,-2.3,9,8.3,15.1,6.9,11.4,2.6
,2011,7,29,9,0,0,30914,20110729,1021.9,1.1,0,88,-2.6,9.3,7.1,14.5,7.6,10.5,3.2
,2011,7,30,9,0,0,30914,20110730,1016.5,1,0,90,-3.2,9.4,7.2,15.4,7.4,11.5,2.8
,2011,7,31,9,0,0,30914,20110731,1021.8,0.9,0,95,-4,7.1,11.1,13.7,1.2,7.9,0.9
,2011,8,1,9,0,0,30914,20110801,1025.3,0.8,0,97,-5.4,6.8,8.9,13.1,-0.4,7.5,0.7
,2011,8,2,9,0,0,30914,20110802,1026,0.8,0,93,-6.6,8.9,9.8,15,3.2,9.9,1
,2011,8,3,9,0,0,30914,20110803,1019.6,1.1,0,95,-7.8,8.5,8.2,14.7,3.1,8.6,1.5
,2011,8,4,9,0,0,30914,20110804,1019.3,1.3,0,88,-9,7.7,12.3,15.1,1.7,7.9,1.7
,2011,8,5,9,0,0,30914,20110805,1016.3,1,0,96,-10.2,7.6,10.4,14.1,1.4,8.5,1.3
,2011,8,6,9,0,0,30914,20110806,1019.2,0.9,0,95,-11.1,7.1,4.7,13.9,0.6,7.9,1.9
,2011,8,7,9,0,0,30914,20110807,1011.5,0.5,8,83,-4.1,10.3,5.2,16.1,3.9,12.4,5.9
,2011,8,8,9,0,0,30914,20110808,1018.5,1,0,86,-5.7,7.8,8.3,14.1,3.1,9.1,3
,2011,8,9,9,0,0,30914,20110809,1021.3,0.9,0,94,-6.8,9.1,7.6,14.6,7.1,10.7,1.4
,2011,8,10,9,0,0,30914,20110810,1019.4,1.4,18.5,87,10.4,9.4,11.5,16.7,5,10.6,2.3
,2011,8,11,9,0,0,30914,20110811,1012,1.1,15.7,97,11.6,10.5,9.1,18.2,9.2,12.7,1.7
,2011,8,12,9,0,0,30914,20110812,1009.6,1,0,97,-0.5,10.8,9.1,16.4,8,12.7,2
,2011,8,13,9,0,0,30914,20110813,1007.7,1.1,0,97,-2.1,10.2,10,16.3,5.7,11.3,0.9
,2011,8,14,9,0,0,30914,20110814,1002.6,1.7,3.8,86,1.1,10.2,10.3,13.9,6.4,10.5,4.5
,2011,8,15,9,0,0,30914,20110815,997.9,1.2,0,87,-2.3,8.2,11.1,8.3,3.8,7.4,4.4
,2011,8,16,9,0,0,30914,20110816,1008.3,0.9,0,90,-3.6,5.5,10.2,10.1,-1.9,6.1,1.3
,2011,8,17,9,0,0,30914,20110817,1011.8,1.4,0,86,-4.7,5.7,12.8,12.1,0.1,6.8,1.6
,2011,8,18,9,0,0,30914,20110818,1015.8,1.5,0,84,-5.9,5.7,13.9,13.5,-0.8,7.1,1.8
,2011,8,19,9,0,0,30914,20110819,1021,1.5,0,84,-7.1,5.8,14.6,14.1,-0.9,6.9,1.4
,2011,8,20,9,0,0,30914,20110820,1026,1.5,0,90,-8.2,5.6,15.1,14.1,-0.7,7.2,1.2
,2011,8,21,9,0,0,30914,20110821,1029.1,1.5,0,93,-9.4,5.5,14.4,14.3,-1.5,7.1,1.6
,2011,8,22,9,0,0,30914,20110822,1034.8,1.6,0,94,-10.6,6,15,15.5,-0.1,7.8,1.4
,2011,8,23,9,0,0,30914,20110823,1035.9,1.5,0,92,-11.7,7.9,14.1,17,4.4,10.9,1.2
,2011,8,24,9,0,0,30914,20110824,1032.8,1,0,95,-12.8,8.6,7.6,15.1,6.1,11.1,2.3
,2011,8,25,9,0,0,30914,20110825,1029.3,1.2,0,93,-14.1,9.7,8.1,15.7,8.9,11.7,2
,2011,8,26,9,0,0,30914,20110826,1027.2,1.8,0,80,-15.2,9.7,13.6,16.4,7.4,10.3,2
,2011,8,27,9,0,0,30914,20110827,1025.8,1.5,0,89,-16.3,9.1,12.4,16,3.8,10.4,1.9
,2011,8,28,9,0,0,30914,20110828,1027.4,1.3,0,97,-17.5,9.8,11.3,17.3,5.5,12.3,1
,2011,8,29,9,0,0,30914,20110829,1026.4,1,6.5,95,-10.5,10.5,7.3,15.8,6.7,11.6,2.2
,2011,8,30,9,0,0,30914,20110830,1014.5,1,3,97,-7.3,12,7,17.8,10.3,14.5,1.9
,2011,8,31,9,0,0,30914,20110831,1013.1,1.6,0,95,-8.2,13,10.8,16.6,11.8,14.7,3.5
,2011,9,1,9,0,0,30914,20110901,1012,1.9,0,80,-10.1,11.5,11.7,15.7,7.7,10.7,3.4
,2011,9,2,9,0,0,30914,20110902,1015.3,1.5,0,89,-11.8,9.7,12.3,14.1,3.3,10,1.9
,2011,9,3,9,0,0,30914,20110903,1022.7,1.7,0,81,-13.9,8.4,12.7,14.6,1.4,8.4,2.2
,2011,9,4,9,0,0,30914,20110904,1026.5,2.3,0,82,-16,10.2,16.5,17.4,7.3,10.7,1.5
,2011,9,5,9,0,0,30914,20110905,1033.7,1.8,0,92,-17.9,9.6,15.1,17.1,3.4,10.4,1.2
,2011,9,6,9,0,0,30914,20110906,1034.5,1.8,0,92,-20,10.2,13.8,17.5,6,11.4,1.3
,2011,9,7,9,0,0,30914,20110907,1030.9,1.8,0,94,-22.1,10.3,14.7,17,4.9,10.8,1.4
,2011,9,8,9,0,0,30914,20110908,1025.9,1.5,0,90,-24.2,10.7,12.8,17,5.5,11.5,1.4
,2011,9,9,9,0,0,30914,20110909,1021.6,2.1,0,92,-26.3,10.4,18.5,17.7,4.3,11.5,1.2
,2011,9,10,9,0,0,30914,20110910,1016.5,2.5,0,85,-28.1,9.9,18.8,19,2.5,9.6,1.5
,2011,9,11,9,0,0,30914,20110911,1002.9,0.6,33.3,78,-1.8,11.9,3.2,14.6,8,12.6,3.9
,2011,9,12,9,0,0,30914,20110912,997.2,2.2,3.7,86,-0.2,10.9,11.7,16,8.6,11.9,5.4
,2011,9,13,9,0,0,30914,20110913,1000.2,3,8.7,77,4,11.1,14.1,15.3,9.1,10.2,5.7
,2011,9,14,9,0,0,30914,20110914,1004.6,2.3,2.9,81,0.4,11,14.5,15.2,8.6,11.3,7
,2011,9,15,9,0,0,30914,20110915,1007.1,2.4,3.6,82,-0.1,11.5,12.8,16.9,9.9,12.5,5.1
,2011,9,16,9,0,0,30914,20110916,1006.9,2.3,1.4,77,-1.4,11,14,15.2,7.8,10.7,4.7
,2011,9,17,9,0,0,30914,20110917,1009.7,2,0,84,-3.4,10.6,14.8,16.2,7.7,11.7,3.2
,2011,9,18,9,0,0,30914,20110918,1011.4,1.5,2.1,92,-2.5,11.4,11,15.6,8.2,12.6,1.9
,2011,9,19,9,0,0,30914,20110919,1012.9,1.4,0,93,-4.6,10.4,10.6,15.5,5,12.1,2.2
,2011,9,20,9,0,0,30914,20110920,1012.2,3.2,0,72,-6.9,10.8,18.9,15.1,7.6,9.1,5
,2011,9,21,9,0,0,30914,20110921,1018.2,1.9,0,77,-8.9,9.5,12.5,14.6,1.6,8.5,2.6
,2011,9,22,9,0,0,30914,20110922,1016.4,1.7,0,87,-11,10.1,13.1,15.8,4.7,10.7,1.1
,2011,9,23,9,0,0,30914,20110923,1016.7,2.5,0,85,-13.1,10.6,18.5,17.9,4.8,11.1,1.5
,2011,9,24,9,0,0,30914,20110924,1017.4,2.4,0,88,-14,12.1,17.8,17.9,6.8,12.4,2.1
,2011,9,25,9,0,0,30914,20110925,1012.4,1.2,4.7,90,-10.8,12.4,5.8,14.7,10.3,13,2.9
,2011,9,26,9,0,0,30914,20110926,1017.7,2.6,0,82,-12.5,4.8,20.5,15.5,2.6,9,1.9
,2011,9,27,9,0,0,30914,20110927,1023,2.2,0,87,-14.6,9.8,17.6,16.2,1.1,10.1,1.8
,2011,9,28,9,0,0,30914,20110928,1020.3,2.2,0,88,-16.7,10.1,16.7,16.9,2.3,10.7,1.8
,2011,9,29,9,0,0,30914,20110929,1017.6,3,0,85,-18.7,11.2,21.5,17.7,4.1,10.5,1.8
,2011,9,30,9,0,0,30914,20110930,1021,3.6,0,70,-20.7,11.1,22.8,17.2,5.3,10.3,3.1
,2011,10,1,9,0,0,30914,20111001,1023.1,2.4,0,74,-23.2,12.2,11.7,16.3,9.8,11.1,4.4
,2011,10,2,9,0,0,30914,20111002,1020.3,2.3,0,83,-25.9,13.2,11.4,17.9,12.5,14.2,4.1
,2011,10,3,9,0,0,30914,20111003,1011.4,1.6,4.7,92,-23.9,14,7.6,19.6,14.7,16.7,4.9
,2011,10,4,9,0,0,30914,20111004,1006.9,3.5,4.5,88,-20.9,14.9,19.3,20.4,14.3,16.7,2.9
,2011,10,5,9,0,0,30914,20111005,1011.2,2.9,0,79,-23.8,14.6,17.8,19.6,9.4,14.2,3.2
,2011,10,6,9,0,0,30914,20111006,1010.1,3.5,0,76,-25.2,13.8,22.3,19.9,9.7,12.3,2
,2011,10,7,9,0,0,30914,20111007,1010.2,3,0,92,-28.3,13.9,19,18.9,7.8,13.3,2.4
,2011,10,8,9,0,0,30914,20111008,1012.3,2.4,0,83,-31.2,13.3,17.6,17.1,5.7,11.8,2.8
,2011,10,9,9,0,0,30914,20111009,1017.8,3.4,0,69,-34.3,13.2,18.1,17.1,8.3,9.8,2.4
,2011,10,10,9,0,0,30914,20111010,1020.1,2.2,15.4,83,-21.1,13.7,10.6,17.2,10.4,13.1,4.6
,2011,10,11,9,0,0,30914,20111011,1016.1,2.2,8.7,93,-14.9,15.1,14.9,21.2,13.3,18.2,3.1
,2011,10,12,9,0,0,30914,20111012,1016.2,1.7,0,89,-17.2,15.4,8.9,18.4,15.1,15.7,3.9
,2011,10,13,9,0,0,30914,20111013,1011.1,2.1,0,96,-17.9,15.6,11.6,18.1,13.8,16.4,3
,2011,10,14,9,0,0,30914,20111014,1014.8,3.2,1.7,80,-18.1,14.2,20.5,17.7,9,12.5,3.5
,2011,10,15,9,0,0,30914,20111015,1019.2,2.9,0,80,-19.6,13.8,18.5,17.4,7.7,12.4,2.5
,2011,10,16,9,0,0,30914,20111016,1019.9,3.6,0,79,-21.9,13.8,22.4,18.1,8.6,12,2.9
,2011,10,17,9,0,0,30914,20111017,1020.6,1.5,24.1,90,-4.1,13,11.1,17.6,3.4,11.6,1.6
,2011,10,18,9,0,0,30914,20111018,1006.8,3,0,78,-9.5,14.4,16.5,17,10.2,12.5,4.2
,2011,10,19,9,0,0,30914,20111019,1004.5,3,0,78,-11.7,13.1,17.8,15.9,8.6,10.8,3.8
,2011,10,20,9,0,0,30914,20111020,1012.2,3.9,0,73,-14.7,12.5,23,18.9,6.6,10.2,3.3
,2011,10,21,9,0,0,30914,20111021,1016.2,4.2,0,80,-17.7,13.4,23,21,7.9,13.2,4.4
,2011,10,22,9,0,0,30914,20111022,1017.6,2.1,0,85,-20.6,14.9,7.7,17.7,13.1,14.7,3.2
,2011,10,23,9,0,0,30914,20111023,1021.9,2.3,0,89,-23.6,14.8,14.1,19.3,9.4,15,1.6
,2011,10,24,9,0,0,30914,20111024,1023.4,3.8,0,75,-26.6,15,22.9,19.8,8.9,12.3,1.8
,2011,10,25,9,0,0,30914,20111025,1021.5,4.2,0,66,-29.5,15.2,24.9,20.3,9.4,10.5,2.2
,2011,10,26,9,0,0,30914,20111026,1020.4,2.3,0,82,-32.4,15.3,12.9,19.1,8.6,13.8,2.2
,2011,10,27,9,0,0,30914,20111027,1024,2.9,0,86,-35.5,15.6,17,21.2,11.3,15.6,2.4
,2011,10,28,9,0,0,30914,20111028,1027.8,2.4,0,80,-38.5,16.3,12.8,18.9,12.6,14.4,2.2
,2011,10,29,9,0,0,30914,20111029,1025.9,2.7,0,84,-41.4,16.1,16.2,19.8,12.9,15.3,3
,2011,10,30,9,0,0,30914,20111030,1026.4,4.4,0,75,-44.3,16.9,25.8,21.4,12.1,15.2,2.5
,2011,10,31,9,0,0,30914,20111031,1025,3.2,0,79,-45.6,16.2,17.9,20.6,9.9,15.1,3
,2011,11,1,9,0,0,30914,20111101,1014.4,2.2,3.9,84,-45.6,16.7,11,19.7,14.1,16.6,3.6
,2011,11,2,9,0,0,30914,20111102,1001.9,4.4,0,84,-48.3,17.3,20.3,21.4,15.9,17.3,4.5
,2011,11,3,9,0,0,30914,20111103,1006.1,4.5,4,80,-49.1,17.1,24.7,19.9,13.4,14.3,3.8
,2011,11,4,9,0,0,30914,20111104,1009.3,5.1,0,67,-52.9,17.1,25.1,19.3,12.5,11.7,4.5
,2011,11,5,9,0,0,30914,20111105,1009,4.1,0,69,-57.4,16.3,21.2,17,11,10.9,4.2
,2011,11,6,9,0,0,30914,20111106,1011.4,2,3.4,75,-57.9,14.8,12.5,15.6,5.8,11.3,3.1
,2011,11,7,9,0,0,30914,20111107,1014.4,3.4,0,77,-61.5,14.7,17.1,19,9,12.9,2.4
,2011,11,8,9,0,0,30914,20111108,1018.5,2.8,0,80,-65.8,15.6,13.5,19.5,10,13.5,2.9
,2011,11,9,9,0,0,30914,20111109,1018.8,3.1,0,86,-69.3,16.6,15.3,21.4,13.1,16.6,4
,2011,11,10,9,0,0,30914,20111110,1010.7,4.8,0,79,-73.3,17.4,22.2,21.8,14.9,15,4.4
,2011,11,11,9,0,0,30914,20111111,1017,5,0,63,-77.2,15.5,29.4,22,5,10.1,2.3
,2011,11,12,9,0,0,30914,20111112,1011,2.9,0,70,-81.1,16,18.5,19.3,7.2,12.4,2
,2011,11,13,9,0,0,30914,20111113,1013.2,4.7,0,72,-85,16.2,24.9,21.4,10.6,13,3.1
,2011,11,14,9,0,0,30914,20111114,1017.4,4.2,0,71,-88.8,15.6,26.1,19.8,6.4,11.6,2.2
,2011,11,15,9,0,0,30914,20111115,1021.2,4.3,2.6,83,-89.4,15.6,27.7,21,6.8,13.9,2.4
,2011,11,16,9,0,0,30914,20111116,1012.6,4.8,0,90,-92.2,16.3,23.5,21.5,12.5,15.4,3.8
,2011,11,17,9,0,0,30914,20111117,1015.9,4.4,0,69,-95.5,15.7,24.2,19.7,8.3,12,3.7
,2011,11,18,9,0,0,30914,20111118,1011.8,5,0,69,-98.6,15.8,26.8,18.5,9.5,11.6,5.5
,2011,11,19,9,0,0,30914,20111119,1014.5,5.1,0,63,-101.6,15.4,25.3,19.9,8,10.5,3.8
,2011,11,20,9,0,0,30914,20111120,1018.5,5.2,0,62,-103.5,15.2,26.3,19.9,8.4,11,4.4
,2011,11,21,9,0,0,30914,20111121,1014.6,4.5,0,67,-106,16.2,19.1,21.6,10.7,13.8,5.7
,2011,11,22,9,0,0,30914,20111122,1020.5,4.6,0,66,-108.3,16.3,24,20.9,10.9,12.3,3.9
,2011,11,23,9,0,0,30914,20111123,1021,3.2,0,78,-110.1,15.7,16,22.4,7.8,14,3.8
,2011,11,24,9,0,0,30914,20111124,1010.4,4.7,5.7,91,-103.9,16.9,20.8,19.3,14.1,15,6.6
,2011,11,25,9,0,0,30914,20111125,1014.4,4.3,0,75,-105.5,15.8,18.7,19.5,12.1,12.6,6.2
,2011,11,26,9,0,0,30914,20111126,1010.5,5.4,0,68,-112.7,16.1,24.5,20.3,13.1,12.9,6.4
,2011,11,27,9,0,0,30914,20111127,1017.9,5.3,0,66,-114.9,16.1,29.9,23.8,9.7,12.2,1.9
,2011,11,28,9,0,0,30914,20111128,1018.2,4.1,1.3,79,-114.9,17.1,20.8,23.1,11.4,15.1,3.3
,2011,11,29,9,0,0,30914,20111129,1020,4.6,0,80,-116.5,17.9,19,24.9,15,16.3,3.7
,2011,11,30,9,0,0,30914,20111130,1031.8,5.6,0,63,-118.4,17.8,26.8,21.3,13.1,11.7,3.1
,2011,12,1,9,0,0,30914,20111201,1032.5,4.5,0,60,-117.1,17,19.6,19.3,11.9,10.7,3.5
,2011,12,2,9,0,0,30914,20111202,1027.1,4.5,0,81,-117.8,17.2,26,22.2,12.4,15.8,3.6
,2011,12,3,9,0,0,30914,20111203,1023.4,3.9,0,87,-118.3,18,23.7,22.9,13.6,18.5,3
,2011,12,4,9,0,0,30914,20111204,1016.8,1.8,19.8,79,-101.6,18.1,8.9,20.8,14.1,17.6,2.5
,2011,12,5,9,0,0,30914,20111205,1011.6,4.9,0,84,-103.9,18.1,23.9,25.8,16.2,19.7,1.8
,2011,12,6,9,0,0,30914,20111206,1005.5,4.7,2.1,86,-103,19.5,21.9,23.9,16.5,20.4,3.4
,2011,12,7,9,0,0,30914,20111207,1001.4,4.5,0,76,-104.9,18.5,24.2,21.4,11.8,15.8,4
,2011,12,8,9,0,0,30914,20111208,1012.5,5.7,0,74,-109.3,17.5,30.7,24.4,9.3,14.6,1.9
,2011,12,9,9,0,0,30914,20111209,1024.2,4.9,0,77,-111.4,18.2,25.9,24.7,10.9,17,1.8
,2011,12,10,9,0,0,30914,20111210,1026.9,3.9,0,73,-113.4,19.1,15.4,20.5,15.5,14.8,3.6
,2011,12,11,9,0,0,30914,20111211,1023.9,5.3,0,63,-115,18.1,22.1,20.6,15.1,12.7,4.6
,2011,12,12,9,0,0,30914,20111212,1020.4,2.1,5.7,89,-109.5,17.9,9.2,18.3,15.3,16,4.1
,2011,12,13,9,0,0,30914,20111213,1019.9,3.3,0,85,-111,17.5,19,22.1,15.2,17.4,3.4
,2011,12,14,9,0,0,30914,20111214,1018.4,2.4,1.8,77,-109.6,18.5,8.1,20.2,17.2,17.1,3.2
,2011,12,15,9,0,0,30914,20111215,1009.8,1.5,25.3,93,-89.4,17.5,6.1,19.3,15.4,17.4,3
,2011,12,16,9,0,0,30914,20111216,1005.1,4.1,12.6,80,-80.7,17.8,20.8,22.3,14,17.6,2.7
,2011,12,17,9,0,0,30914,20111217,1003,4.4,14.6,90,-69,18.2,20.2,22.6,14.9,17.8,3.9
,2011,12,18,9,0,0,30914,20111218,1009.3,1.6,3,93,-67.3,16,5.8,14.2,11.3,13.4,3.8
,2011,12,19,9,0,0,30914,20111219,1013.5,3.4,0,69,-65.1,16.2,17.5,19.7,10.8,11.7,2.4
,2011,12,20,9,0,0,30914,20111220,1020.8,4.8,0,73,-68.5,16.9,24.9,22.2,12.3,12.8,1.9
,2011,12,21,9,0,0,30914,20111221,1028.1,4.7,0,70,-71.7,17.9,25.1,23,11,13.9,1.8
,2011,12,22,9,0,0,30914,20111222,1028,3.8,10.8,81,-62.3,18.9,19.9,22.2,13.3,15.7,2
,2011,12,23,9,0,0,30914,20111223,1024.9,5.3,0,71,-65.8,18.9,29.2,20.9,13.6,13.5,2.7
,2011,12,24,9,0,0,30914,20111224,1023.5,5.3,0,61,-69.3,18.4,27.2,22.9,10.6,12.1,2.2
,2011,12,25,9,0,0,30914,20111225,1023.1,4.4,0,70,-72.8,19.6,22.6,22.7,13.4,14.8,1.6
,2011,12,26,9,0,0,30914,20111226,1021.1,3.8,0,73,-76.2,19.5,19.3,22.5,15.4,15.5,1.8
,2011,12,27,9,0,0,30914,20111227,1018.8,4.6,0,67,-79.5,19,23.7,22.2,13.1,14.2,2.7
,2011,12,28,9,0,0,30914,20111228,1017,4.6,0,69,-82.8,19.1,21.5,22,14.9,14.9,3.5
,2011,12,29,9,0,0,30914,20111229,1014.3,2.7,5.2,80,-81,19.1,9.6,21.2,17,17.4,3.8
,2011,12,30,9,0,0,30914,20111230,1010.7,2.2,21.1,93,-66.5,19,9.3,22.8,18.1,20.8,3.8
,2011,12,31,9,0,0,30914,20111231,1007.1,2.1,12.8,89,-55,19.6,10.2,24,18.9,22.5,2.8
,2012,1,1,9,0,0,30914,20120101,1002.6,3.4,0,93,-57.6,20.2,17.1,23.4,19.8,22.6,3.5
,2012,1,2,9,0,0,30914,20120102,1006.6,3.9,0,88,-62,19.6,16.2,23,16.6,18.2,4.2
,2012,1,3,9,0,0,30914,20120103,1019.3,3.3,0,80,-66.1,19.8,17.8,21.2,15.6,16.5,2.5
,2012,1,4,9,0,0,30914,20120104,1021.6,3.9,2.6,80,-65.7,19.8,17.5,23,15.6,18,2.1
,2012,1,5,9,0,0,30914,20120105,1018.2,4.3,0,82,-69.5,19.7,20.5,23.9,15.2,17.2,2.3
,2012,1,6,9,0,0,30914,20120106,1014.6,4.4,0,73,-73.1,19.3,23.1,24.5,12.6,15.7,1.6
,2012,1,7,9,0,0,30914,20120107,1009,1.5,48.8,89,-32,19.8,6.6,19.1,15.5,18.4,2.8
,2012,1,8,9,0,0,30914,20120108,995.9,2.1,2.4,94,-35.9,17.7,11.1,20.8,15,18,3.5
,2012,1,9,9,0,0,30914,20120109,1005.5,5.3,2.5,81,-36.3,19.2,27.5,23.8,16.3,19.3,3.9
,2012,1,10,9,0,0,30914,20120110,1007.2,2.8,0,88,-40.5,19.8,13.4,21.5,17.3,19.3,3.4
,2012,1,11,9,0,0,30914,20120111,1007.4,4.9,0,79,-44.5,19.2,25.3,24.7,13.7,17.2,2.1
,2012,1,12,9,0,0,30914,20120112,1006.2,4.5,2.3,76,-45.6,20.7,19.1,23.7,17.7,18.6,2.6
,2012,1,13,9,0,0,30914,20120113,1003.5,6,0,72,-47.2,20.2,24.4,23.2,16.8,16.3,6.4
,2012,1,14,9,0,0,30914,20120114,1012.1,4.7,0,66,-51.3,19.2,23.4,22.3,14.1,14.2,4
,2012,1,15,9,0,0,30914,20120115,1016.8,4.4,0,78,-54.4,18.9,21.7,24.1,12.8,16.7,3.3
,2012,1,16,9,0,0,30914,20120116,1022.5,5.5,0,69,-58.5,18.5,28.3,22.6,12.3,14.6,2.9
,2012,1,17,9,0,0,30914,20120117,1029.7,4.9,0,67,-62.5,18.4,27,22.6,10.5,13.9,2.9
,2012,1,18,9,0,0,30914,20120118,1028.7,3.8,0,79,-66.5,19.3,21.5,24,12.9,15.9,1.5
,2012,1,19,9,0,0,30914,20120119,1021.7,3.9,0,85,-70.4,19,21.6,23.6,11.9,17.3,2.3
,2012,1,20,9,0,0,30914,20120120,1015.7,4.4,0,79,-74.1,19.2,21.1,24.7,13.4,17.7,3
,2012,1,21,9,0,0,30914,20120121,1016.4,5.3,0,73,-77.8,19.8,25.1,24.2,15.6,15.8,2.9
,2012,1,22,9,0,0,30914,20120122,1013.3,2.6,0,79,-81.1,19.6,11.2,20.6,14.1,16,3
,2012,1,23,9,0,0,30914,20120123,1016,5.5,0,62,-84.7,17.4,30.5,21.3,8.4,10.1,3
,2012,1,24,9,0,0,30914,20120124,1021.3,5.4,0,62,-88.2,16.9,30,23.7,6.1,10.5,2.3
,2012,1,25,9,0,0,30914,20120125,1019.4,5.4,0,78,-91.7,17.9,29.7,24.9,8.8,15,2.1
,2012,1,26,9,0,0,30914,20120126,1017.8,4.8,0,75,-94.7,19.2,23,23.7,11.6,15.8,2.5
,2012,1,27,9,0,0,30914,20120127,1007.7,2.5,2.1,84,-95.2,19.1,11,19.4,14,16.8,3.7
,2012,1,28,9,0,0,30914,20120128,1014.6,4.7,0,72,-98.3,16.2,27.5,21.7,5.7,11.3,3
,2012,1,29,9,0,0,30914,20120129,1013.6,4.7,0,72,-100.8,18.1,23,22.9,12.5,14.6,4.8
,2012,1,30,9,0,0,30914,20120130,1020.3,4.6,0,81,-103.7,18.1,26.5,24,11,16.6,2.7
,2012,1,31,9,0,0,30914,20120131,1021.2,4.5,0,77,-106.4,18.5,25,25.1,11.7,17.2,1.9
,2012,2,1,9,0,0,30914,20120201,1013,4,1.4,84,-106.4,18.8,20.6,24.5,13.2,18.5,3.6
,2012,2,2,9,0,0,30914,20120202,1012.5,2.6,0,91,-108.5,19.8,9.8,23.9,16.9,19.4,1.9
,2012,2,3,9,0,0,30914,20120203,1017,2.9,0,81,-110.6,19.4,13.7,21.1,15.6,15.6,2.5
,2012,2,4,9,0,0,30914,20120204,1018.3,4.5,0,65,-112.5,19,21,21.8,15.2,13.4,2.6
,2012,2,5,9,0,0,30914,20120205,1016.6,4.2,0,61,-114.3,18.9,19.8,21.6,15.4,12.7,2.7
,2012,2,6,9,0,0,30914,20120206,1014.5,3,0,71,-116.1,18.6,14.6,21.4,14.3,14,2.6
,2012,2,7,9,0,0,30914,20120207,1013.9,4.9,0,68,-117.7,17.8,25.8,24.3,10.3,13.6,2.3
,2012,2,8,9,0,0,30914,20120208,1014.8,4.6,0,74,-119.3,18.3,22.8,26.2,11.5,15,1.6
,2012,2,9,9,0,0,30914,20120209,1014.4,4.6,0,79,-118.7,19.5,22.6,25.7,15.6,17.9,2.5
,2012,2,10,9,0,0,30914,20120210,1012.5,4.6,5.2,82,-104.5,18.7,23.5,25.7,12.2,17.2,2.3
,2012,2,11,9,0,0,30914,20120211,1011.5,4.5,0,87,-106.8,19.8,20,26.6,14.2,18.6,1.8
,2012,2,12,9,0,0,30914,20120212,1018.1,3.3,0,74,-107.3,19.9,16.1,21.7,15.4,15.6,2.8
,2012,2,13,9,0,0,30914,20120213,1018.7,3.4,0,95,-107.9,19.5,16.8,24.4,16.8,19.6,1.8
,2012,2,14,9,0,0,30914,20120214,1018.3,3.6,0,79,-108.4,19.7,17.7,24.1,15.3,17.7,1.8
,2012,2,15,9,0,0,30914,20120215,1016.7,2,2.9,95,-106.5,19.6,9.5,22.1,16.9,19.9,1.1
,2012,2,16,9,0,0,30914,20120216,1019.6,4.3,0,89,-108,18.6,25.2,25,12.4,18.1,1.8
,2012,2,17,9,0,0,30914,20120217,1021,3,0,88,-109.2,19.6,16.3,24.2,15.2,18.2,1.8
,2012,2,18,9,0,0,30914,20120218,1021,4.3,0,91,-111.2,19,23.9,25.4,13.2,19.1,2
,2012,2,19,9,0,0,30914,20120219,1020.5,4.5,0,88,-113.7,18.7,24.6,26.2,11.1,17.7,1.7
,2012,2,20,9,0,0,30914,20120220,1022,4.2,0,78,-115.4,19.5,20.9,24.6,14.9,18,2.5
,2012,2,21,9,0,0,30914,20120221,1020.3,3.8,0,86,-116.7,19.5,18.7,25.6,14.4,18.9,2
,2012,2,22,9,0,0,30914,20120222,1019.4,2,0,86,-117.7,20,8.4,22.9,17.9,20.4,2.8
,2012,2,23,9,0,0,30914,20120223,1016.1,1.7,20.1,90,-100.7,20.5,5.7,22.8,19.9,23.4,3.7
,2012,2,24,9,0,0,30914,20120224,1015.7,4.4,0,76,-102.5,19.6,19.8,23.1,16.1,17,3.8
,2012,2,25,9,0,0,30914,20120225,1015.6,4.2,0,71,-104.9,18.5,20,21.8,12.9,13.6,3.5
,2012,2,26,9,0,0,30914,20120226,1020.8,4.1,0,83,-107.1,17.3,23.9,23,8,13.7,1.8
,2012,2,27,9,0,0,30914,20120227,1018.3,3.8,0,78,-109.3,17.7,22.9,22,9.7,14.2,1.9
,2012,2,28,9,0,0,30914,20120228,1015.5,2.5,4.3,78,-102.8,17.4,12.8,21,9.1,12.6,1.8
,2012,2,29,9,0,0,30914,20120229,1010,2.5,13.7,92,-90.9,17.3,11.9,21.1,12.4,15.5,1.6
,2012,3,1,9,0,0,30914,20120301,1002.8,4.1,1.5,77,-96,18.2,20.5,20.1,14.1,15.4,5.9
,2012,3,2,9,0,0,30914,20120302,1008.6,2.9,9.9,69,-88.9,17.1,10.4,19.4,12.6,12.7,2.9
,2012,3,3,9,0,0,30914,20120303,993.6,3.8,0,75,-90.9,17,15.2,18.5,13.8,13,7.4
,2012,3,4,9,0,0,30914,20120304,1014.3,3.9,0,67,-93.2,15.2,21,21.3,6.9,10.3,2.3
,2012,3,5,9,0,0,30914,20120305,1024,4.1,0,66,-94.2,15.2,24.7,21.5,7,10.2,2.1
,2012,3,6,9,0,0,30914,20120306,1023.9,2.5,0,83,-96.4,16.5,14.3,20.5,10.2,14,2.1
,2012,3,7,9,0,0,30914,20120307,1020.1,3.4,0,77,-98,15.9,17.1,25,9,13.4,1.6
,2012,3,8,9,0,0,30914,20120308,1023.4,2.9,0,64,-100.1,17.8,10.6,21.6,13.9,13.8,3.7
,2012,3,9,9,0,0,30914,20120309,1024.2,4.6,0,61,-102.1,16.4,21,22.8,11.6,11.2,3.2
,2012,3,10,9,0,0,30914,20120310,1017,2.5,0,75,-104,17.3,12.7,22,11.9,13.3,1.5
,2012,3,11,9,0,0,30914,20120311,1009.2,1.4,27.8,91,-81.2,18.3,8.1,22.4,14.4,19,1.9
,2012,3,12,9,0,0,30914,20120312,1005.3,2.3,0,96,-82.9,18.4,10,20.6,16.1,19,3.5
,2012,3,13,9,0,0,30914,20120313,1018.1,4.2,0,75,-85.5,17.8,19.5,23.5,12.9,14.7,3
,2012,3,14,9,0,0,30914,20120314,1031.2,3.7,0,67,-88.1,16.9,21.4,22.1,10.3,11.3,2.4
,2012,3,15,9,0,0,30914,20120315,1026.9,2.8,0,74,-90.5,17.6,13.5,21,12.5,13.7,2
,2012,3,16,9,0,0,30914,20120316,1026.4,3.4,0,85,-92.7,15.8,21.5,22.3,6.4,12.6,1.5
,2012,3,17,9,0,0,30914,20120317,1030,3.1,0,76,-94.9,16.7,17.3,20.7,10.9,13.9,3.3
,2012,3,18,9,0,0,30914,20120318,1024.4,3.2,10.2,79,-88.2,17.1,15.2,23,13.8,16,3.6
,2012,3,19,9,0,0,30914,20120319,1014,1.7,25.5,92,-67.2,17.6,5.7,19.1,15.8,17.2,4.8
,2012,3,20,9,0,0,30914,20120320,1003.5,3.4,3.9,72,-65,16.7,13.8,23.8,14.5,15.7,6.6
,2012,3,21,9,0,0,30914,20120321,1011.3,1.8,23.1,87,-47.5,18.3,6.3,21.8,17.6,19.9,5.1
,2012,3,22,9,0,0,30914,20120322,1011.4,3.5,0,81,-48.8,17.7,16.4,23.9,14.9,17.3,3.8
,2012,3,23,9,0,0,30914,20120323,1012.7,3,0,89,-50,18.6,14.2,22.9,17.1,19.6,3.1
,2012,3,24,9,0,0,30914,20120324,1010.7,2,0,92,-50.7,17.7,11.3,23.7,12,17.6,2
,2012,3,25,9,0,0,30914,20120325,1004.9,3.2,3.8,93,-48.5,18.5,17.4,21.8,15.8,17.8,3.4
,2012,3,26,9,0,0,30914,20120326,1016.7,3,0,77,-51.3,15.9,16.8,19.9,8.8,12.5,2.5
,2012,3,27,9,0,0,30914,20120327,1025.6,2.6,0,87,-54.2,15,17.2,20.9,5.8,12.3,1.2
,2012,3,28,9,0,0,30914,20120328,1024.4,2.9,0,92,-57,14.9,18.5,22.7,8,14.5,1.5
,2012,3,29,9,0,0,30914,20120329,1027.1,3.2,0,78,-60,15.3,17.3,21.9,9.5,12.5,2.6
,2012,3,30,9,0,0,30914,20120330,1027,2.7,0,82,-62.7,14.8,16.8,21,6.2,11.9,2
,2012,3,31,9,0,0,30914,20120331,1024.9,3,0,76,-65.4,16,17.5,21.1,10,14.5,3.4
,2012,4,1,9,0,0,30914,20120401,1022.8,2.7,0,81,-66.8,15.7,11.4,21.1,12.5,14.6,4.1
,2012,4,2,9,0,0,30914,20120402,1017.8,2.6,0,77,-67.6,16.4,8.3,20.3,14.9,14.6,4.5
,2012,4,3,9,0,0,30914,20120403,1008.6,3.5,0,69,-67.9,16.4,12.3,24,15.3,15.1,5.9
,2012,4,4,9,0,0,30914,20120404,1005.2,4.4,0,57,-69.5,17.1,14.3,25.2,17.6,14.6,5
,2012,4,5,9,0,0,30914,20120405,1013.5,4.1,0,66,-71.1,17.4,16.7,24.2,18.3,16,4.4
,2012,4,6,9,0,0,30914,20120406,1019,3,0,74,-72.6,15.7,16,22.4,8.5,12,2.9
,2012,4,7,9,0,0,30914,20120407,1018.9,2.4,0,76,-74.2,15.5,12.6,21.2,8.9,12.1,2.6
,2012,4,8,9,0,0,30914,20120408,1015.1,2.6,0,80,-79.3,15.8,13.1,22.2,10.7,12.4,2.1
,2012,4,9,9,0,0,30914,20120409,1017.6,2.7,0,88,-80.9,14.9,15.7,22.6,7.5,13.6,1.4
,2012,4,10,9,0,0,30914,20120410,1019,2.2,0,93,-82.5,15,12.8,21.9,7.5,13.9,1.6
,2012,4,11,9,0,0,30914,20120411,1015,1.7,27.6,92,-58.3,16,9.7,21.6,11.8,16.2,2.2
,2012,4,12,9,0,0,30914,20120412,1004.9,2.1,0,92,-58.7,16.7,9.2,21.4,15.2,17.8,3.7
,2012,4,13,9,0,0,30914,20120413,1013.8,2.1,0,83,-61.1,15.2,10.9,19.9,9.6,13.1,3
,2012,4,14,9,0,0,30914,20120414,1018.6,2.5,0,84,-59.1,15.6,16,22.8,12,14.7,1.6
,2012,4,15,9,0,0,30914,20120415,1028.6,2,0,87,-61,15.5,13.1,21.6,9.5,13.8,1.1
,2012,4,16,9,0,0,30914,20120416,1028.4,1.5,0,95,-62,14.9,8.9,20.5,9.3,14.9,1.3
,2012,4,17,9,0,0,30914,20120417,1028.2,2,0,94,-63.8,14.5,14.9,21,6.7,12.5,0.9
,2012,4,18,9,0,0,30914,20120418,1028.8,2.5,0,80,-65.7,14.8,15.6,19.4,10.2,12.5,2.5
,2012,4,19,9,0,0,30914,20120419,1033.6,2.1,0,83,-67.5,12.8,15.1,20.1,4,9.8,1.8
,2012,4,20,9,0,0,30914,20120420,1036.7,1.8,0,81,-69.3,13,13.3,19.4,6.1,11.1,1.1
,2012,4,21,9,0,0,30914,20120421,1036.4,1.7,0,91,-71.1,12.1,13.9,19.5,4.3,10.6,1
,2012,4,22,9,0,0,30914,20120422,1034.5,1.7,0,93,-72.8,11.6,13.4,20.3,4.2,10.6,1
,2012,4,23,9,0,0,30914,20120423,1033.5,1.8,0,93,-74.6,12,13.7,20.1,5.9,11.7,1.6
,2012,4,24,9,0,0,30914,20120424,1031.9,1.4,0,92,-76.3,12.1,8.8,19.4,7.8,11.8,1.1
,2012,4,25,9,0,0,30914,20120425,1028.8,1.8,0,78,-78,13.3,11.3,20.4,9,12,1.8
,2012,4,26,9,0,0,30914,20120426,1022.3,1.5,1.1,91,-77.1,12.8,11.5,21.1,7.5,13.8,2.1
,2012,4,27,9,0,0,30914,20120427,1009.5,1.7,2.2,89,-73.3,15.4,9.9,22,14.6,18.3,3.3
,2012,4,28,9,0,0,30914,20120428,1012.7,1.5,0,86,-74.7,14.7,8.4,18.9,12.3,14.6,3.3
,2012,4,29,9,0,0,30914,20120429,1019.8,1,0,93,-75.1,13.9,6.4,17.3,10,13.9,1.6
,2012,4,30,9,0,0,30914,20120430,1014.2,1.5,0,79,-76.8,14.4,9,17.7,12.3,13.5,3.2
,2012,5,1,9,0,0,30914,20120501,1018,1.7,0,86,-77.5,12.3,12.2,18.1,4.9,10.6,1.5
,2012,5,2,9,0,0,30914,20120502,1026.9,1.7,0,74,-78.4,10.9,13.5,15,2.4,7.5,1.9
,2012,5,3,9,0,0,30914,20120503,1031.4,1.4,0,87,-79.2,9.3,13.3,15.5,0.5,7.6,1.1
,2012,5,4,9,0,0,30914,20120504,1034.3,1.5,0,90,-80,9.3,13.1,18.5,1.9,9,0.9
,2012,5,5,9,0,0,30914,20120505,1033.9,1.5,0,95,-80.9,9.4,12.5,18.9,2.1,9.5,1.3
,2012,5,6,9,0,0,30914,20120506,1034.2,1.4,0,83,-81.6,9.5,11.8,18.2,2.9,8.8,1.5
,2012,5,7,9,0,0,30914,20120507,1027.5,1.2,0,82,-82.3,10.6,7.4,17.7,6.4,10.6,2.4
,2012,5,8,9,0,0,30914,20120508,1019.2,1.3,37.9,80,-46.4,12.5,6,19.3,11.1,14,3.1
,2012,5,9,9,0,0,30914,20120509,1010.4,0.7,7.5,96,-40,14.7,4.7,19.2,14.3,17.3,2
,2012,5,10,9,0,0,30914,20120510,1006.5,1.2,0,98,-40.4,14.3,8.2,19.6,12.5,15.9,1.5
,2012,5,11,9,0,0,30914,20120511,1009.1,1.7,0,85,-41.4,13.7,10.6,17.7,10.5,12.5,3.2
,2012,5,12,9,0,0,30914,20120512,1012.9,1.4,0,85,-42.2,12.4,10,17.8,8.3,11.5,2.2
,2012,5,13,9,0,0,30914,20120513,1014.1,0.8,3,93,-37.2,11.8,6.1,19.3,7.9,13.7,2.1
,2012,5,14,9,0,0,30914,20120514,1009.9,0.7,9.4,85,-26.6,13.4,3,17.5,12.6,15.4,3.3
,2012,5,15,9,0,0,30914,20120515,994.1,1.2,9.7,91,-18.8,13,6.4,16.2,10.3,12.4,3.6
,2012,5,16,9,0,0,30914,20120516,995,1.1,1.6,93,-21.2,12.1,7.2,15.4,9.7,12.1,2.9
,2012,5,17,9,0,0,30914,20120517,1007.9,1.2,4.7,85,-15.1,9.8,6.7,15.3,2.9,8.4,2.4
,2012,5,18,9,0,0,30914,20120518,1011.4,1.3,0,79,-21,11.2,8.1,17,7.7,12,3.8
,2012,5,19,9,0,0,30914,20120519,1011.5,1.2,0,88,-22.3,10.9,8.4,15.5,8.5,10.9,2.3
,2012,5,20,9,0,0,30914,20120520,1014.6,1,0,96,-23.2,8.7,9.3,15.1,1.3,7.9,1.4
,2012,5,21,9,0,0,30914,20120521,1017.8,0.9,0,96,-24,8.9,9,16.5,3.4,9.4,0.9
,2012,5,22,9,0,0,30914,20120522,1024.9,1.1,0,87,-25,8.3,10.5,15.6,1.6,7.3,1.5
,2012,5,23,9,0,0,30914,20120523,1029.5,0.9,0,96,-26,7.4,10,15.7,-0.1,7.7,0.9
,2012,5,24,9,0,0,30914,20120524,1030.4,0.8,0,98,-26.9,8.3,7.4,15.5,1.9,8.8,1
,2012,5,25,9,0,0,30914,20120525,1027,0.7,0,86,-27.9,9.8,7.2,18.1,5,12.4,2.6
,2012,5,26,9,0,0,30914,20120526,1028.5,0.7,0,98,-28.5,10,5.7,16.4,6.6,11.3,1.2
,2012,5,27,9,0,0,30914,20120527,1020.7,0.8,7.1,87,-20.9,11.5,5.5,18.1,8.8,13.6,2.5
,2012,5,28,9,0,0,30914,20120528,1012.4,0.4,1.5,97,-21.1,13.5,4,16.9,14.1,16.5,2.7
,2012,5,29,9,0,0,30914,20120529,1016.2,1.2,0,84,-22,11.7,10.2,14.2,7.5,10.1,2.5
,2012,5,30,9,0,0,30914,20120530,1020.8,0.6,0,90,-23,8.2,7.7,12.1,-1.1,6.5,1
,2012,5,31,9,0,0,30914,20120531,1016.6,0.5,0,95,-24,9.4,8.6,16.9,2.6,11.6,1.8
,2012,6,1,9,0,0,30914,20120601,1026.8,0.9,0,88,-24.6,8.3,9.7,15.1,2.2,8,1
,2012,6,2,9,0,0,30914,20120602,1028.5,0.7,0,97,-25.1,7.5,9.1,14.7,-0.1,7.2,0.9
,2012,6,3,9,0,0,30914,20120603,1025.3,0.3,0,97,-24.8,9.5,6.3,16.5,2.1,11.4,1.8
,2012,6,4,9,0,0,30914,20120604,1025.5,0.6,0,98,-25.5,10.2,6.3,16.3,9.1,12.1,1
,2012,6,5,9,0,0,30914,20120605,1014.8,0.4,6.8,92,-20.9,10.3,2.2,16.6,6.4,12.1,3.1
,2012,6,6,9,0,0,30914,20120606,1000.1,0.7,8.6,90,-13,12,4,19.4,11.5,16,3.2
,2012,6,7,9,0,0,30914,20120607,997.8,1,0,89,-18.3,12,7.3,15.1,10.5,12.2,3
,2012,6,8,9,0,0,30914,20120608,1011.3,0.7,0,97,-18.4,9.3,7.7,15.1,2.1,9,1.7
,2012,6,9,9,0,0,30914,20120609,1011.2,0.6,0,92,-18.1,9.7,7,16.1,6,11.9,2.8
,2012,6,10,9,0,0,30914,20120610,1016.4,0.7,0,93,-19.4,9.8,5.5,15.4,7.7,11.1,2.3
,2012,6,11,9,0,0,30914,20120611,1014.9,1,0,87,-19.9,10.1,6.6,15.9,8,11.6,3.2
,2012,6,12,9,0,0,30914,20120612,1014.6,0.8,0,87,-20.3,9.8,7.4,14.3,7.5,10.1,1.4
,2012,6,13,9,0,0,30914,20120613,1020.4,0.7,0,91,-20.9,7,9.4,12.2,-2,5.9,0.9
,2012,6,14,9,0,0,30914,20120614,1014.6,0.7,0,95,-21.6,6.3,9.1,13.9,-1,6.8,0.9
,2012,6,15,9,0,0,30914,20120615,1011.2,0.4,0,92,-22.2,7.2,3.9,11.1,1.1,8.6,1.4
,2012,6,16,9,0,0,30914,20120616,1016.6,0.9,0,89,-22.8,6.4,9.4,12.1,-0.5,6.4,1.9
,2012,6,17,9,0,0,30914,20120617,1025.4,0.7,0,91,-22.9,5,9,12.2,-3,5.7,1.1
,2012,6,18,9,0,0,30914,20120618,1018.7,0.5,3.4,85,-19.6,5.8,2.5,14.6,-0.1,8.3,3.6
,2012,6,19,9,0,0,30914,20120619,1006.2,0.7,0,90,-19.6,8.7,6.1,16.9,7.3,12.4,2.5
,2012,6,20,9,0,0,30914,20120620,1008.4,0.8,4.9,86,-13.4,9.4,5.5,15.8,9.5,11.8,2.5
,2012,6,21,9,0,0,30914,20120621,1008.3,0.6,1.6,97,-13.9,9.6,6.2,16.4,7,11.3,1.2
,2012,6,22,9,0,0,30914,20120622,1018.8,0.6,0,95,-17.1,8.6,7.1,15.6,3.5,10,1.6
,2012,6,23,9,0,0,30914,20120623,1022.5,0.8,7.5,94,-9.8,8.2,6.3,15.8,5.2,9.9,2
,2012,6,24,9,0,0,30914,20120624,1012,0.3,0,97,-14.7,10.8,5.5,15.3,8.6,14.1,3.4
,2012,6,25,9,0,0,30914,20120625,1013.6,0.6,5.2,91,-9.7,8.6,6.5,15.1,5,11.2,3.3
,2012,6,26,9,0,0,30914,20120626,1012.9,0.7,6.9,93,-7.6,8.5,5.5,14.8,6.2,11.5,3.7
,2012,6,27,9,0,0,30914,20120627,1016.5,1.2,2.5,81,-6.8,7.8,7.9,13.5,4.9,8.3,4.4
,2012,6,28,9,0,0,30914,20120628,1016,1.2,0,81,-9,8.6,7.4,14.8,7.4,10.1,5.1
,2012,6,29,9,0,0,30914,20120629,1017.8,0.9,0,88,-9.8,8.6,9,13.8,8,10.3,2.3
,2012,6,30,9,0,0,30914,20120630,1025.3,0.8,0,91,-10.4,5.7,8.8,11.7,-2.6,5.7,1.4
,2012,7,1,9,0,0,30914,20120701,1024.6,0.8,0,82,-9.6,6.3,8,12.5,0.7,7.5,3.4
,2012,7,2,9,0,0,30914,20120702,1022.2,1.3,0,79,-9.5,6.1,7.4,12.2,3.1,7.4,3.6
,2012,7,3,9,0,0,30914,20120703,1010.2,0.3,24,86,14.2,8.1,2.1,11.7,6.6,10.7,6.5
,2012,7,4,9,0,0,30914,20120704,1007.7,0.4,4.7,91,-4.3,7.9,3.9,13.7,5.2,10.4,1.4
,2012,7,5,9,0,0,30914,20120705,1009.9,0.3,0,99,-8.3,7.9,3.8,9.5,4.8,9.7,1.1
,2012,7,6,9,0,0,30914,20120706,1010.8,0.9,0,99,-9.2,7.3,7.5,15.5,3.1,8.3,1.5
,2012,7,7,9,0,0,30914,20120707,1017.4,0.8,0,95,-10,6.5,9.5,13.3,0.8,7.3,1.4
,2012,7,8,9,0,0,30914,20120708,1024.9,0.7,0,93,-10.8,5,9.5,12.3,-1.7,6.2,0.9
,2012,7,9,9,0,0,30914,20120709,1029.6,0.8,0,94,-10.8,4.8,9.6,14.1,-0.6,6.9,0.9
,2012,7,10,9,0,0,30914,20120710,1032.6,0.8,0,95,-11.7,4.6,9.5,14.2,-0.8,6.8,0.9
,2012,7,11,9,0,0,30914,20120711,1036.1,0.6,0,97,-12.5,4.3,6.4,11.6,-1.8,6.3,0.8
,2012,7,12,9,0,0,30914,20120712,1036.7,0.4,1.7,94,-7,6.6,7.3,14.4,0.6,9.3,0.9
,2012,7,13,9,0,0,30914,20120713,1032.6,0.8,0,90,-12.8,7.2,8.1,15.2,5.1,9.1,1.3
,2012,7,14,9,0,0,30914,20120714,1028.8,0.7,0,93,-13.2,7.3,5.1,15,5,9.4,1.2
,2012,7,15,9,0,0,30914,20120715,1022.9,0.2,12.9,91,2.6,9.4,1.7,15,7.2,13.7,3.7
,2012,7,16,9,0,0,30914,20120716,1011.4,0.4,4.9,95,-0.2,12.1,1.9,16.2,12.5,15.6,5.7
,2012,7,17,9,0,0,30914,20120717,1014.7,1,0,92,-4.9,10.5,8.8,16.2,9.5,11.7,2.4
,2012,7,18,9,0,0,30914,20120718,1028.7,0.9,0,95,-7.4,7.1,10.6,14.3,-0.1,7.1,1
,2012,7,19,9,0,0,30914,20120719,1030,0.9,0,98,-6.5,6.2,9,15,-0.3,7.1,1
,2012,7,20,9,0,0,30914,20120720,1031.7,0.6,0,92,-8,6.2,7.3,15.5,1.6,9.5,2.9
,2012,7,21,9,0,0,30914,20120721,1028,1,0,85,-7.7,9.4,5.6,15.5,8.9,11.6,3.3
,2012,7,22,9,0,0,30914,20120722,1020.7,0.8,25.5,88,22.6,10.5,2.3,15.9,11.6,12.9,4.3
,2012,7,23,9,0,0,30914,20120723,1012.7,0.4,65.5,94,57.9,12.6,1.4,16.5,12.6,15.9,6.3
,2012,7,24,9,0,0,30914,20120724,1008.7,0.7,3.3,92,6.9,12.5,7,18.4,11.9,15.3,3.6
,2012,7,25,9,0,0,30914,20120725,1006.9,0.8,2.5,98,1.9,12.7,4.5,16.5,11.9,14.5,2.4
,2012,7,26,9,0,0,30914,20120726,1018.2,1.6,0,77,-1.1,11.3,10.7,15.4,8.2,9.4,3.4
,2012,7,27,9,0,0,30914,20120727,1023.8,1.2,0,90,-1.8,8.4,11.3,13.5,1.4,7.3,1.6
,2012,7,28,9,0,0,30914,20120728,1025.5,1,0,87,-1.8,7.8,8.8,13.5,3.2,8.8,3.2
,2012,7,29,9,0,0,30914,20120729,1015.7,1.2,12.8,84,18,9.5,6,14.3,7.8,10.9,5.7
,2012,7,30,9,0,0,30914,20120730,995.9,1.1,30.2,92,29,11.3,7,16.4,11.2,13.4,5
,2012,7,31,9,0,0,30914,20120731,1004.1,1,4,92,4.6,9.3,8.6,14.9,4.3,9.4,1.6
,2012,8,1,9,0,0,30914,20120801,1008.9,1.3,0,87,-0.5,9.5,9.8,16,7,10.6,3.6
,2012,8,2,9,0,0,30914,20120802,1015,0.9,30,87,23.9,10.6,2.9,14.2,9.8,12.1,3.1
,2012,8,3,9,0,0,30914,20120803,1015.7,1.2,1.8,92,1.4,10.7,8,16,9.7,12,3.9
,2012,8,4,9,0,0,30914,20120804,1015.1,0.8,8.6,92,9.5,11.1,4.9,14.6,9.8,12.4,3
,2012,8,5,9,0,0,30914,20120805,1011,0.8,0,90,-1.3,11.2,6,14.1,9.7,11.3,2.2
,2012,8,6,9,0,0,30914,20120806,1009.8,0.9,0,98,-1.5,10.9,6.5,15.2,8.2,11.6,1.6
,2012,8,7,9,0,0,30914,20120807,1012.6,1.2,8,95,5.9,10.1,8.3,16.5,5.9,10.8,2.3
,2012,8,8,9,0,0,30914,20120808,1005.9,0.9,1.5,89,0.8,10.4,6.5,13.1,7.7,10.8,2.7
,2012,8,9,9,0,0,30914,20120809,1002.6,1.2,0,97,-1.6,9.7,9.3,15,6,10.2,2.2
,2012,8,10,9,0,0,30914,20120810,1011.9,1.3,0,96,-2.6,8.5,11.4,15.1,2.9,9,1
,2012,8,11,9,0,0,30914,20120811,1017.2,1.2,21.3,91,22.2,8.6,11.2,17.1,3.3,10.7,3.4
,2012,8,12,9,0,0,30914,20120812,1003.9,0.7,29.4,95,26.6,12,4.1,15.6,10.8,14.2,2.9
,2012,8,13,9,0,0,30914,20120813,1001.4,1.3,1.6,95,1.9,11.5,9.9,16.6,9.4,12.3,2.7
,2012,8,14,9,0,0,30914,20120814,1011.4,1.1,1.4,96,-0.1,10.9,8.5,16,8.8,12.4,1.8
,2012,8,15,9,0,0,30914,20120815,1014.2,1,1.8,91,0,9.7,8.7,16.1,5,11,2.3
,2012,8,16,9,0,0,30914,20120816,1011.5,1.1,5.1,95,3.1,10.2,9,15.4,7.6,11.7,2.4
,2012,8,17,9,0,0,30914,20120817,1016.6,1.2,0,94,-0.7,9.4,9.9,15.9,6,11.1,2.2
,2012,8,18,9,0,0,30914,20120818,1019.9,1.3,0,95,-2.1,10.2,9.9,17,7.4,11.9,1.4
,2012,8,19,9,0,0,30914,20120819,1022.7,0.8,9.7,97,5.5,10.4,6.2,16.6,7.3,12.6,1.9
,2012,8,20,9,0,0,30914,20120820,1009.8,1,10,95,7.7,11.7,7.7,16.3,10.3,14.1,2.9
,2012,8,21,9,0,0,30914,20120821,1009.9,1.5,0,96,-0.3,10.9,11.1,16.5,7.7,12.4,3
,2012,8,22,9,0,0,30914,20120822,1019.8,1.7,0,89,-1.3,9.9,14.3,17.2,3.7,10.1,1.3
,2012,8,23,9,0,0,30914,20120823,1025.7,1.7,1.3,87,-0.7,9.8,13.7,17.5,5.1,10.2,1.3
,2012,8,24,9,0,0,30914,20120824,1029,1.4,0,95,-2.9,9.7,12,16.5,3.8,9.8,1.3
,2012,8,25,9,0,0,30914,20120825,1029.5,1.4,0,94,-0.9,9.1,12.3,16.7,2.5,9.5,1.4
,2012,8,26,9,0,0,30914,20120826,1026.8,1.5,0,90,-4.2,9.9,12.1,16.6,4.7,10.5,1.7
,2012,8,27,9,0,0,30914,20120827,1019.7,1.2,1.5,88,-2.9,11,8.9,17.2,8,12.8,3
,2012,8,28,9,0,0,30914,20120828,1020.9,1.7,0,92,-3.8,10.1,14,15.4,6.5,11.3,2.4
,2012,8,29,9,0,0,30914,20120829,1023.4,1.8,0,89,-5,8.6,14.1,15.4,1.8,8.7,1.9
,2012,8,30,9,0,0,30914,20120830,1019.6,2.3,0,75,-6.2,9.1,12,16.5,6.8,9,4.2
,2012,8,31,9,0,0,30914,20120831,1021.3,2.2,0,79,-7.4,9.3,14.5,17.7,5.1,9.8,2.1
,2012,9,1,9,0,0,30914,20120901,1028.5,1.9,0,78,-9.7,9,12.8,15.2,4.5,8.6,2.8
,2012,9,2,9,0,0,30914,20120902,1025.7,2.3,1.5,71,-10.6,10.4,11.5,16.3,8.5,10,4
,2012,9,3,9,0,0,30914,20120903,1007.2,1.1,26.5,89,10.3,11.8,3.7,15.3,11.9,14.2,4.9
,2012,9,4,9,0,0,30914,20120904,1004,2.5,2.8,82,0.2,11.1,13.2,15.6,9,11.3,5.7
,2012,9,5,9,0,0,30914,20120905,1013,2.5,0,69,-4.1,10.8,12.8,16.2,8.7,10.1,5.7
,2012,9,6,9,0,0,30914,20120906,1021.4,2,0,82,-6,11.3,11.9,17.9,9.6,12.7,4
,2012,9,7,9,0,0,30914,20120907,1019.9,1.8,0,77,-7.9,11.9,6.8,17.1,10.3,12.3,3.9
,2012,9,8,9,0,0,30914,20120908,1010.6,2.4,2.2,85,-5.2,12.6,12,18,12.2,13.8,5.2
,2012,9,9,9,0,0,30914,20120909,1005.6,2.5,5.3,82,3,12,15.1,17.3,9.2,12.1,5.1
,2012,9,10,9,0,0,30914,20120910,1011.3,2.8,5.3,78,1.7,11.5,15.7,16,8.4,10.7,5.2
,2012,9,11,9,0,0,30914,20120911,1013.1,2.5,1.4,80,-0.9,12,14,15.6,10.2,11.7,5.4
,2012,9,12,9,0,0,30914,20120912,1022.1,2.5,0,74,-3.7,9.3,19.1,12.4,3,7.4,2.8
,2012,9,13,9,0,0,30914,20120913,1026.3,2.1,0,83,-6,8,17.9,14.4,-1,7.6,1.7
,2012,9,14,9,0,0,30914,20120914,1023.8,1.9,0,89,-7.7,8.8,15.1,15.8,2,9.6,1.8
,2012,9,15,9,0,0,30914,20120915,1019.9,1.7,10.6,75,-0.4,9.7,8.4,16.6,3.9,9.8,4.2
,2012,9,16,9,0,0,30914,20120916,1014.7,0.9,13.1,97,8.3,11.7,4.3,15.7,10.8,14,3.1
,2012,9,17,9,0,0,30914,20120917,1012.3,2,0,88,-2.3,11.8,13,16.9,9.3,13.2,4.8
,2012,9,18,9,0,0,30914,20120918,1020.6,2.7,0,81,-4.5,11.6,19.1,17.2,8.8,11.7,2.3
,2012,9,19,9,0,0,30914,20120919,1022.4,1.7,0,84,-6.7,11.4,12.1,15.7,7.2,11,2
,2012,9,20,9,0,0,30914,20120920,1021.8,2.1,0,84,-9.1,11.4,12.4,16.8,5.9,10.8,2.2
,2012,9,21,9,0,0,30914,20120921,1030,3.1,0,64,-11.3,10.7,20.4,15.5,6.6,8.4,3
,2012,9,22,9,0,0,30914,20120922,1032.1,2.7,0,72,-13.4,10.5,18.6,15.1,4.7,9.2,3.1
,2012,9,23,9,0,0,30914,20120923,1029.8,2.6,0,77,-15.6,11.1,19,15.4,6.8,9.9,2.9
,2012,9,24,9,0,0,30914,20120924,1026.9,2.5,0,76,-17.8,11,15.9,15.9,6.3,10.7,3.4
,2012,9,25,9,0,0,30914,20120925,1025.8,2.7,0,67,-16.7,10.8,15.2,16.5,7,9.8,3.4
,2012,9,26,9,0,0,30914,20120926,1021.2,2.2,0,74,-18.7,12,13.1,17.4,9.6,11.9,3.4
,2012,9,27,9,0,0,30914,20120927,1019.5,2,0,83,-20.2,12.9,8.4,16.3,11.3,13.1,3.1
,2012,9,28,9,0,0,30914,20120928,1009,2.5,0,76,-21.7,12.8,11.4,19,11.8,12.6,5.3
,2012,9,29,9,0,0,30914,20120929,1012.4,3,0,87,-23.6,13.8,16.5,20.6,13.1,15.1,2.3
,2012,9,30,9,0,0,30914,20120930,1015,2.8,0,95,-24,14,17.1,20.3,8.6,13.7,2.1
,2012,10,1,9,0,0,30914,20121001,1008.9,2.3,1.4,95,-22.5,14.1,13.6,18,10.3,14.4,3.9
,2012,10,2,9,0,0,30914,20121002,1010.7,2.9,1.8,77,-21.4,12.5,16.3,16.1,7.5,10.9,4
,2012,10,3,9,0,0,30914,20121003,1011.5,2.7,0,82,-22.7,12.6,15.3,17,8.6,12.1,4.3
,2012,10,4,9,0,0,30914,20121004,1006.8,2.6,0,87,-24.4,13.1,14.8,16.6,10.2,12.8,4.5
,2012,10,5,9,0,0,30914,20121005,1014.2,2.5,8.4,75,-21.4,11.8,14.1,17.1,5.2,10.6,3.2
,2012,10,6,9,0,0,30914,20121006,1003.4,2.8,0,81,-23.7,14.1,14.8,17.7,10.3,14.5,6.7
,2012,10,7,9,0,0,30914,20121007,1014.1,2.8,0,68,-25.6,11.9,17.1,16,5.2,9.4,3
,2012,10,8,9,0,0,30914,20121008,1013.2,1.5,2,80,-24.6,12.2,6.9,19.2,5.9,11.8,3.9
,2012,10,9,9,0,0,30914,20121009,1012.7,2.7,0,85,-27.5,13.7,16.2,18.5,11.7,14.3,2.8
,2012,10,10,9,0,0,30914,20121010,1014.7,2.1,0,90,-30.3,12.6,16,17.6,6,12.8,1.7
,2012,10,11,9,0,0,30914,20121011,1018.8,3.4,0,79,-36.7,12.5,21.9,18.7,6.7,12.7,3.4
,2012,10,12,9,0,0,30914,20121012,1022.8,3.2,0,84,-39.7,12.2,23.9,19,4.5,11.7,1.8
,2012,10,13,9,0,0,30914,20121013,1002.7,1.9,7.2,88,-36.8,14.1,8.1,18.3,10.5,15.1,5.9
,2012,10,14,9,0,0,30914,20121014,1006.9,3.7,3.9,70,-35.3,12.8,20.2,16,9.9,10.1,5.7
,2012,10,15,9,0,0,30914,20121015,1014.4,3.2,0,65,-37.7,12.3,17.6,16.3,6.2,9.5,4.6
,2012,10,16,9,0,0,30914,20121016,1015.6,4.1,0,60,-35.4,12.5,19.2,17.5,8.7,9.3,5.5
,2012,10,17,9,0,0,30914,20121017,1016.3,3.3,0,75,-37,13.1,14.8,18.7,10.1,12.2,5.4
,2012,10,18,9,0,0,30914,20121018,1003.3,3.6,10.6,87,-29.3,13.5,16.7,17.2,12.3,13.3,6.6
,2012,10,19,9,0,0,30914,20121019,1007.6,4.3,0,69,-32.2,12.7,22,15.4,9.6,10,6.3
,2012,10,20,9,0,0,30914,20121020,1017.6,3.2,0,69,-34.9,11.7,20.8,16.8,4.1,10,3.1
,2012,10,21,9,0,0,30914,20121021,1010.4,0.7,37.3,91,-6.6,12.5,3.3,16.5,8.6,13.7,5.1
,2012,10,22,9,0,0,30914,20121022,1009.1,3,0,76,-16.9,14.2,15.2,18,12.5,13.4,5.3
,2012,10,23,9,0,0,30914,20121023,1012.7,2.1,0,86,-18.5,13.5,11.2,14.9,9.8,11.4,2.2
,2012,10,24,9,0,0,30914,20121024,1022.8,3.8,0,68,-21.3,11.4,27.5,17.2,1.6,8.5,1.9
,2012,10,25,9,0,0,30914,20121025,1013.6,2.8,0,80,-24.2,11.9,19.8,16.7,3.2,10.2,2.5
,2012,10,26,9,0,0,30914,20121026,1010.3,3.6,0,77,-27.1,12.9,24,19.6,6.6,12.2,2.3
,2012,10,27,9,0,0,30914,20121027,1013.3,3.2,0,83,-29.5,13,21.7,20.7,5.3,12.2,2
,2012,10,28,9,0,0,30914,20121028,1013.2,3.2,0,81,-31,14,19.8,20.2,8.1,13.7,1.8
,2012,10,29,9,0,0,30914,20121029,1008,3.3,0,87,-33.3,14.9,13.7,20.7,13.3,14.6,3.8
,2012,10,30,9,0,0,30914,20121030,1014.8,4.9,0,64,-35.9,15.2,25.1,21.9,12.1,12.2,2.9
,2012,10,31,9,0,0,30914,20121031,1014.5,4,1.3,83,-33.6,15.4,22.7,21.3,9,14,2.4
,2012,11,1,9,0,0,30914,20121101,1014.4,4.2,0,76,-37.2,15.4,23.8,21.9,8.9,13,1.6
,2012,11,2,9,0,0,30914,20121102,1013.4,3.1,0,81,-40.9,16.3,15.4,19.6,12.3,13.8,2.2
,2012,11,3,9,0,0,30914,20121103,1006.8,3.5,0,66,-42.7,16.3,12.6,19.4,13.5,12.5,4
,2012,11,4,9,0,0,30914,20121104,1015.1,4.6,0,62,-46.4,13.8,25.8,17.4,6.7,9.1,4
,2012,11,5,9,0,0,30914,20121105,1022,3.5,0,72,-50,13.8,20.9,18.1,4.2,10.7,3.2
,2012,11,6,9,0,0,30914,20121106,1023.5,3.7,0,66,-53.7,14.1,20.7,18.8,6.5,10.5,2.5
,2012,11,7,9,0,0,30914,20121107,1026.5,4.3,0,60,-57.3,14.4,26.9,18.5,6,8.6,2.2
,2012,11,8,9,0,0,30914,20121108,1026.2,4.2,0,61,-60.8,14.5,24.6,18.6,6.3,9.1,2
,2012,11,9,9,0,0,30914,20121109,1024.7,4.2,0,66,-64.4,15.1,24.1,19.4,7.4,10.3,1.9
,2012,11,10,9,0,0,30914,20121110,1022,4.6,0,75,-68,14.6,28.4,21.2,5.6,12.1,2.4
,2012,11,11,9,0,0,30914,20121111,1017,2,0,80,-70.7,15,12.5,17.4,7.8,13.2,2.8
,2012,11,12,9,0,0,30914,20121112,1014.7,2.9,7.7,82,-66.6,15.2,14.9,17.8,10.4,13.5,1.5
,2012,11,13,9,0,0,30914,20121113,1013,3.3,7.9,72,-63.1,14.8,17.2,18.3,9.6,11.3,2.8
,2012,11,14,9,0,0,30914,20121114,1011,4.1,3.6,66,-64,14.1,22.5,17.3,7,10,4
,2012,11,15,9,0,0,30914,20121115,1009,2.2,0,83,-66.4,14.4,11.7,18.3,8.9,13.3,1.9
,2012,11,16,9,0,0,30914,20121116,1011.5,4,1.8,70,-64,14.9,21.8,19.1,10.1,12.2,3.9
,2012,11,17,9,0,0,30914,20121117,1009.9,1.8,5.9,87,-61,14.5,6.4,18,10.4,13.2,3.7
,2012,11,18,9,0,0,30914,20121118,1008.3,4.9,0,74,-61.5,14.7,23.7,17.7,11.7,11.7,5.9
,2012,11,19,9,0,0,30914,20121119,1020.1,3.9,0,69,-63.7,14.2,23,18.9,7.6,11,2.5
,2012,11,20,9,0,0,30914,20121120,1019.4,4.5,0,70,-67.1,14.2,28.9,20,5.1,11.1,1.8
,2012,11,21,9,0,0,30914,20121121,1015.5,4.7,0,74,-70.6,14.7,30.2,21.3,6.2,13.2,1.9
,2012,11,22,9,0,0,30914,20121122,1014.3,4.9,0,68,-73.8,15.8,30.3,21.6,9,13.6,2.5
,2012,11,23,9,0,0,30914,20121123,1014.6,4,3.7,70,-73.2,16.2,22.8,22.2,9.1,14,1.8
,2012,11,24,9,0,0,30914,20121124,1015.7,4.5,0,68,-76.5,16,24,20.8,7.9,12.2,2.9
,2012,11,25,9,0,0,30914,20121125,1018.8,4.6,0,74,-79.4,16.1,23.7,21.6,8.2,13.9,2.4
,2012,11,26,9,0,0,30914,20121126,1017.1,4.3,0,68,-88.2,16.2,20.3,21.4,11.3,13.7,4.4
,2012,11,27,9,0,0,30914,20121127,1016.8,6.1,0,66,-91.1,16.9,28,21.9,13.9,13.3,3.6
,2012,11,28,9,0,0,30914,20121128,1014.3,4.5,0,78,-93.9,17,19.4,21.5,10.6,13.3,3.5
,2012,11,29,9,0,0,30914,20121129,1011.3,3.9,0,72,-96.6,17.2,18.4,21,9.8,13.3,4.1
,2012,11,30,9,0,0,30914,20121130,1008.6,4.5,0,70,-99.2,16,22.1,19.2,10,12.1,4.7
,2012,12,1,9,0,0,30914,20121201,1019.6,5.2,0,65,-102.1,15.5,28.9,20.7,5.9,11,3.1
,2012,12,2,9,0,0,30914,20121202,1013.8,2.7,9.8,71,-95.4,16.8,10.1,20.5,11.1,14.1,4.5
,2012,12,3,9,0,0,30914,20121203,1008.2,5.3,0,81,-98.5,17.3,24.4,22.5,16,16.3,4.5
,2012,12,4,9,0,0,30914,20121204,1013.8,3.1,4.7,80,-95.3,16.5,19.8,21.8,6.7,13.9,1.4
,2012,12,5,9,0,0,30914,20121205,1007.3,1.8,7,82,-91.1,18,9.5,21.3,13.7,18.2,3.1
,2012,12,6,9,0,0,30914,20121206,1006.7,2.7,45.4,87,-47.6,18.6,9.3,23.5,17.3,20.6,3
,2012,12,7,9,0,0,30914,20121207,1007.6,4.2,4.6,76,-47.5,16.9,19.7,18.5,13,13.4,5.1
,2012,12,8,9,0,0,30914,20121208,1016.2,5.1,0,79,-51.7,16.1,30.1,21.7,10.1,13.4,2.1
,2012,12,9,9,0,0,30914,20121209,1023.4,5.2,0,70,-55.8,16.7,30.4,22.1,7.4,13,1.9
,2012,12,10,9,0,0,30914,20121210,1025.6,5.4,0,74,-60.2,17.1,31.1,23.4,7.6,13.8,1.9
,2012,12,11,9,0,0,30914,20121211,1024.9,4.1,0,71,-64.3,17.5,21.1,22.1,9.5,13,2.2
,2012,12,12,9,0,0,30914,20121212,1024.2,4.4,0,71,-68.6,18.8,24.3,22.8,11.2,15.2,2.3
,2012,12,13,9,0,0,30914,20121213,1024.8,3.3,0,77,-72.5,18.6,17,22.9,13.6,15.6,1.5
,2012,12,14,9,0,0,30914,20121214,1023.7,4.7,0,75,-79.1,19.1,24,23.9,14.8,16,1.8
,2012,12,15,9,0,0,30914,20121215,1023.6,5.6,0,75,-83,18.7,31.2,25.2,10.5,15.5,1.8
,2012,12,16,9,0,0,30914,20121216,1023.6,5.2,0,75,-86.4,19.5,28.7,24.8,11,16.4,2
,2012,12,17,9,0,0,30914,20121217,1018.6,2.8,0,85,-86.9,20.1,14,22.5,16.1,18,1.7
,2012,12,18,9,0,0,30914,20121218,1013.4,3.3,0,85,-90.6,20.2,16.5,24.3,17.2,20.9,2.9
,2012,12,19,9,0,0,30914,20121219,1013.3,4.3,0,84,-93.1,20.6,18.4,25,17.2,20.5,3.1
,2012,12,20,9,0,0,30914,20121220,1019.6,5.6,1.6,67,-95.1,20.5,29.6,25.9,12.2,16.3,2.8
,2012,12,21,9,0,0,30914,20121221,1017,3.4,6.1,83,-90.8,21,16.2,24.6,15.9,19.6,2
,2012,12,22,9,0,0,30914,20121222,1016.1,4.6,0,82,-94.2,20.8,23.8,25.5,14.4,19.3,2
,2012,12,23,9,0,0,30914,20121223,1015.3,3.9,29.3,74,-62,21.5,16.8,25,17,19.4,3.3
,2012,12,24,9,0,0,30914,20121224,1015.5,4.4,7.9,93,-63.1,20.5,20.6,24.8,18.8,22.7,5.2
,2012,12,25,9,0,0,30914,20121225,1014.2,4.6,1.5,86,-66.9,21.5,22,24.9,19.6,22.3,5
,2012,12,26,9,0,0,30914,20121226,1010.3,3.8,1.3,85,-70.2,21.6,19.3,24.9,19.8,22.1,4.3
,2012,12,27,9,0,0,30914,20121227,1014.6,3.9,2.4,93,-75.5,21.3,17.7,25.5,18.6,21.9,2.8
,2012,12,28,9,0,0,30914,20121228,1020.2,2.2,1.6,86,-78.5,21.7,11.7,22.9,18,20.2,2.6
,2012,12,29,9,0,0,30914,20121229,1018.8,5.6,2.9,82,-77.6,21.3,29.1,26.3,17.1,20.3,2
,2012,12,30,9,0,0,30914,20121230,1011.3,4.1,2,88,-77.9,21.6,18.5,25.2,16.7,19.7,3.4
,2012,12,31,9,0,0,30914,20121231,1014.4,6.3,0,64,-81.5,20.5,30.5,22.3,15.6,13.8,4.4
,2013,1,1,9,0,0,30914,20130101,1021.9,5.9,0,69,-85.1,19.6,31.4,24.2,10.8,14.3,3
,2013,1,2,9,0,0,30914,20130102,1017.9,5.6,0,70,-89.2,19.8,30.1,24.6,10.3,15.1,2.8
,2013,1,3,9,0,0,30914,20130103,1010.6,2.4,0,90,-93.7,20.1,11.8,19.4,15.2,16.7,3.1
,2013,1,4,9,0,0,30914,20130104,1011,5.3,0,64,-97.6,17.7,27.6,21.6,7.4,11.2,3.2
,2013,1,5,9,0,0,30914,20130105,1015.2,6.5,0,58,-101.1,18.3,32.6,26.6,8.5,11.5,2.3
,2013,1,6,9,0,0,30914,20130106,1009.3,5.5,0,50,-104.4,19,26.7,27.5,10.6,11.3,3
,2013,1,7,9,0,0,30914,20130107,1000.1,7.2,0,69,-107.6,20.4,32.2,26.6,13.5,17.7,4.4
,2013,1,8,9,0,0,30914,20130108,1006.7,4.8,0,67,-110.5,19.5,18.4,22.4,14.7,13.9,5.4
,2013,1,9,9,0,0,30914,20130109,1014.9,5.8,0,75,-113.3,19.4,30.5,26.8,12.3,16.7,2.3
,2013,1,10,9,0,0,30914,20130110,1017.2,5.9,0,68,-115.4,21.4,29.9,26.9,15.4,17.4,2.6
,2013,1,11,9,0,0,30914,20130111,1018.4,3.9,0,74,-117.8,21.5,17.6,25.6,14.3,19.1,2.3
,2013,1,12,9,0,0,30914,20130112,1018.4,5.7,0,75,-119.2,21.9,26.4,28,16.9,18.3,2.5
,2013,1,13,9,0,0,30914,20130113,1014.5,4.9,1.1,80,-119.9,22.1,23,28.1,15.8,20,2.5
,2013,1,14,9,0,0,30914,20130114,1008.2,2.6,0,79,-121.9,21.9,9.9,24.7,17.2,20.2,3.2
,2013,1,15,9,0,0,30914,20130115,1003.8,4.3,3.8,73,-120.7,21.5,16.3,23.7,18.6,19,4.5
,2013,1,16,9,0,0,30914,20130116,1008,4.6,0,69,-122.7,19.7,20.6,22.3,14.3,14.6,4.5
,2013,1,17,9,0,0,30914,20130117,1005.4,4.9,1.7,72,-122.6,19.4,22.1,22.7,12.6,14.3,4.8
,2013,1,18,9,0,0,30914,20130118,1007,5.3,0,67,-124.5,17.7,26.6,21.3,9.3,12.5,4.3
,2013,1,19,9,0,0,30914,20130119,1010.6,4.7,0,67,-126.3,17.5,26.3,21.9,6.2,11.7,3.2
,2013,1,20,9,0,0,30914,20130120,1007.8,5.2,0,91,-127.9,18.8,25,27.1,12.8,19.6,3.1
,2013,1,21,9,0,0,30914,20130121,1013.7,5.3,0,73,-128.5,19.5,25.9,26,11.5,14.7,2.2
,2013,1,22,9,0,0,30914,20130122,1023,6.1,0,65,-130.1,20.1,29.6,25,13.7,16.1,3.3
,2013,1,23,9,0,0,30914,20130123,1026.6,5.6,0,70,-131.4,21.2,25.3,25.7,16.8,17.5,2.9
,2013,1,24,9,0,0,30914,20130124,1024.7,5.6,0,69,-132.8,21.1,26.3,27.6,14.8,16.9,1.9
,2013,1,25,9,0,0,30914,20130125,1028.6,6.6,0,62,-134,21.5,25.5,25.8,17.5,15.6,4.1
,2013,1,26,9,0,0,30914,20130126,1031.3,6.2,0,52,-135.2,19.9,28,23,13,10.7,4
,2013,1,27,9,0,0,30914,20130127,1033.5,6.2,0,56,-136.2,19.5,29.9,24.7,12,12,3.3
,2013,1,28,9,0,0,30914,20130128,1031.8,6.2,0,59,-137.2,19.9,31.7,25.7,11.9,13.1,2.6
,2013,1,29,9,0,0,30914,20130129,1027.2,5.7,0,71,-138.1,19.7,30.8,26.8,9.1,14.7,2.1
,2013,1,30,9,0,0,30914,20130130,1025.8,5.2,0,65,-139,20.7,26.4,24.6,13,15.2,2.5
,2013,1,31,9,0,0,30914,20130131,1025,5.5,0,67,-139.7,20.7,26.2,25.8,13.8,15,2.2
,2013,2,1,9,0,0,30914,20130201,1019.9,4.6,0,63,-140.4,21.2,19.9,24.6,14.4,15,2.7
,2013,2,2,9,0,0,30914,20130202,1015.2,5.1,0,72,-141,21.2,22.3,25.6,15.8,17.9,2.9
,2013,2,3,9,0,0,30914,20130203,1014.8,5.2,0,73,-141,20.8,25.3,26.6,13.4,18.6,2.9
,2013,2,4,9,0,0,30914,20130204,1010.5,3.5,15.6,88,-127.5,21.4,13.5,26.7,19.1,22.8,4
,2013,2,5,9,0,0,30914,20130205,1006.8,5,0,83,-128.1,20.4,21.7,23.8,16.9,17.4,4.6
,2013,2,6,9,0,0,30914,20130206,1021.1,5.2,0,56,-129.5,17.1,30.1,23.3,6.4,9.2,2
,2013,2,7,9,0,0,30914,20130207,1025.5,4.9,0,60,-130.8,18.6,25.7,24.7,10.3,12,1.7
,2013,2,8,9,0,0,30914,20130208,1027.2,4.7,0,72,-132,19.3,24,25.9,12.2,15.6,1.7
,2013,2,9,9,0,0,30914,20130209,1024.8,5.7,0,77,-133.2,19.4,29.5,26,10.1,15.2,2.3
,2013,2,10,9,0,0,30914,20130210,1020.9,5.4,0,78,-134.3,19.1,29.6,26.9,8.3,14.6,1.8
,2013,2,11,9,0,0,30914,20130211,1017.7,5.1,0,84,-135.3,19.6,28.1,26.7,10,16.7,1.9
,2013,2,12,9,0,0,30914,20130212,1016.7,4.9,0,78,-136.2,19.6,25.6,26.5,10.2,16.2,2.3
,2013,2,13,9,0,0,30914,20130213,1014.8,3.1,0,79,-137,19.8,15.7,23.5,11.4,17.3,3
,2013,2,14,9,0,0,30914,20130214,1017.9,5.3,0,67,-137.8,18.7,27.1,24.1,10.1,13.8,3.3
,2013,2,15,9,0,0,30914,20130215,1017.6,4,0,69,-138.6,18.8,17.7,24.3,10,14.3,3.1
,2013,2,16,9,0,0,30914,20130216,1017.7,5.1,0,76,-139.3,18.9,23.5,25.6,12.4,15.5,2.7
,2013,2,17,9,0,0,30914,20130217,1018.7,4.6,0,70,-140,19,22.7,26.1,10.9,15.2,2.1
,2013,2,18,9,0,0,30914,20130218,1024.7,4.5,0,77,-140.6,19.7,22,27.1,12.2,17.6,1.9
,2013,2,19,9,0,0,30914,20130219,1026.9,4.7,0,78,-141.2,20.6,20.7,27.2,15.4,17.9,2.1
,2013,2,20,9,0,0,30914,20130220,1024.4,4,0,66,-141.8,21,17.9,24.8,16.3,15.6,2.4
,2013,2,21,9,0,0,30914,20130221,1019.2,4.8,0,81,-142.3,19.8,24.8,27.6,11.1,17.2,2
,2013,2,22,9,0,0,30914,20130222,1017.5,3.8,0,81,-142.8,19.8,17.6,26.4,12.5,17.2,2
,2013,2,23,9,0,0,30914,20130223,1022.5,5.4,0,61,-143.3,19.2,26.2,26.5,11.2,12.4,2.6
,2013,2,24,9,0,0,30914,20130224,1028,5.2,0,60,-143.7,19.1,26.2,26.6,11,12.1,2.3
,2013,2,25,9,0,0,30914,20130225,1029.9,5.2,0,66,-144.1,18.7,25.2,26.6,10.1,12.3,2.2
,2013,2,26,9,0,0,30914,20130226,1029.1,5.4,0,61,-144.5,19,26.3,25.5,12.5,12.5,2.9
,2013,2,27,9,0,0,30914,20130227,1024.6,5.1,0,65,-144.8,19.9,23.2,26.2,13.7,14.5,2.4
,2013,2,28,9,0,0,30914,20130228,1018.4,4.8,0,64,-145.2,19.4,22.9,26.1,13.4,13.4,2.2
,2013,3,1,9,0,0,30914,20130301,1011,4.8,0,78,-145.4,19.5,22.1,26.6,13.3,16.2,3
,2013,3,2,9,0,0,30914,20130302,1011.9,4.2,0,78,-145.6,19.5,21.3,26.5,11.8,16.7,2.5
,2013,3,3,9,0,0,30914,20130303,1008.5,4.2,0,80,-145.8,20.1,19.6,26.8,15,17.4,2.2
,2013,3,4,9,0,0,30914,20130304,1011.3,4.5,0,73,-146,20.1,18.5,24.6,15.3,16.1,4
,2013,3,5,9,0,0,30914,20130305,1013.5,2.4,0,75,-146.1,19.2,11,21.1,11.6,14.2,2.3
,2013,3,6,9,0,0,30914,20130306,1018.5,3.7,0,79,-146.3,18.9,17.3,24.8,12.3,15.6,2.7
,2013,3,7,9,0,0,30914,20130307,1017.5,4.1,0,77,-146.5,18.2,20.3,26.1,9.7,14.6,2.3
,2013,3,8,9,0,0,30914,20130308,1020.6,4.5,0,75,-146.7,18.5,23.8,27.9,12,15.7,2
,2013,3,9,9,0,0,30914,20130309,1018.6,5.1,0,63,-146.8,18.5,23.9,27.1,11.2,13.2,3.2
,2013,3,10,9,0,0,30914,20130310,1020.5,4.7,0,68,-147,18.3,23.8,28,10.7,13.4,2.2
,2013,3,11,9,0,0,30914,20130311,1018,4.7,0,65,-147.1,17.5,24,29.3,9.1,11.9,1.7
,2013,3,12,9,0,0,30914,20130312,1018.9,4.7,0,63,-147.3,18.6,23.1,27.7,11.2,13,2.2
,2013,3,13,9,0,0,30914,20130313,1016.1,3.7,0,76,-147.4,18.9,18.4,26.2,12.6,15.5,1.7
,2013,3,14,9,0,0,30914,20130314,1017,3,0,82,-147.5,19.2,13.1,25.9,12.1,16.9,1.8
,2013,3,15,9,0,0,30914,20130315,1020.1,3.4,0,75,-147.6,19.5,17.7,26.3,13,16.4,1.6
,2013,3,16,9,0,0,30914,20130316,1020.1,2.9,0,72,-147.6,19.5,12.9,24.2,12.8,15.8,2.6
,2013,3,17,9,0,0,30914,20130317,1009.4,1.8,11,79,-138.3,19.9,6.7,22.8,17.2,19.5,3.1
,2013,3,18,9,0,0,30914,20130318,1002.4,3.2,6.8,88,-132.2,20.6,11.5,25.6,19,22.5,4.5
,2013,3,19,9,0,0,30914,20130319,1004.5,4.3,2.4,80,-129.9,19.1,18.6,24.2,17,17.5,5.3
,2013,3,20,9,0,0,30914,20130320,1019.1,3,0,76,-130.9,17.9,14.7,21.5,13.4,13.4,2.7
,2013,3,21,9,0,0,30914,20130321,1029.3,3.5,0,72,-131.8,16.6,21.7,23.2,8.5,11.7,2.2
,2013,3,22,9,0,0,30914,20130322,1032.4,3.1,0,80,-132.7,16.3,18.4,23.4,9,13.5,1.5
,2013,3,23,9,0,0,30914,20130323,1030.8,3.3,0,76,-133.5,17.3,18.8,23.6,12,13.8,1.8
,2013,3,24,9,0,0,30914,20130324,1028.9,3.4,0,81,-134.2,16.5,19.9,23.1,10,13.7,2.5
,2013,3,25,9,0,0,30914,20130325,1025.6,2.9,0,84,-135,17,15,23.3,11.4,15.1,2.1
,2013,3,26,9,0,0,30914,20130326,1025.3,3.2,0,84,-135.7,16.6,18.3,25.6,9.9,15.1,1.5
,2013,3,27,9,0,0,30914,20130327,1027.3,2.9,0,87,-136.4,17.6,16.3,25.8,11.4,16.8,1.3
,2013,3,28,9,0,0,30914,20130328,1027.6,3.4,0,84,-137.1,18.1,18.1,26.3,13.3,17.3,1.6
,2013,3,29,9,0,0,30914,20130329,1022.8,2.8,0,83,-137.7,18.3,14.6,24,11.9,15.4,1.4
,2013,3,30,9,0,0,30914,20130330,1018,2.2,0,87,-138.3,18.1,11.9,24.3,13.5,16.4,1.9
,2013,3,31,9,0,0,30914,20130331,1015.2,2.6,0,86,-137.7,18.8,13.4,26.3,15.1,18.7,1.7
,2013,4,1,9,0,0,30914,20130401,1015.9,2.3,0,90,-137,19.4,11.5,25,17,20.2,1.6
,2013,4,2,9,0,0,30914,20130402,1017.1,2.6,0,89,-137.3,17.8,15.4,25.4,12.6,17,1.2
,2013,4,3,9,0,0,30914,20130403,1013.5,2.6,5.6,88,-132.4,18.6,13.7,25.1,14.9,18.1,2.2
,2013,4,4,9,0,0,30914,20130404,1013.3,1.8,0,91,-131.7,18.8,8.2,20.8,16.3,17.8,1.9
,2013,4,5,9,0,0,30914,20130405,1018.1,2.9,0,70,-131,17.1,15,22.2,12.1,11.9,2.2
,2013,4,6,9,0,0,30914,20130406,1019.9,2.6,0,75,-131.2,15.9,11.2,20.2,11.5,11.3,2
,2013,4,7,9,0,0,30914,20130407,1024.1,2.3,0,81,-131.6,14.4,13.1,19.7,6.3,10.6,1.4
,2013,4,8,9,0,0,30914,20130408,1023.2,2.5,0,83,-132,12.8,18.2,20.4,3.4,10,1.2
,2013,4,9,9,0,0,30914,20130409,1021.2,2.5,0,84,-132.5,12.8,17.3,21.3,4.3,11,1.3
,2013,4,10,9,0,0,30914,20130410,1024.2,2.6,0,68,-133.3,13.8,16,20.9,8.4,10.1,2
,2013,4,11,9,0,0,30914,20130411,1025.9,2.3,0,89,-133.7,13.3,16.6,22.1,5.7,12,1.6
,2013,4,12,9,0,0,30914,20130412,1026.2,2.2,0,89,-133.4,14.3,12.6,22.9,9.6,14.5,2.3
,2013,4,13,9,0,0,30914,20130413,1029.4,2.3,0,91,-133.6,14.1,14.7,22.9,8.2,14.1,1.2
,2013,4,14,9,0,0,30914,20130414,1026.4,1.8,0,93,-133.8,14.3,12.5,22.3,8.3,13.7,1.3
,2013,4,15,9,0,0,30914,20130415,1019.1,1.3,10.9,85,-124.2,15.6,4.9,20.3,12.1,16.2,3.6
,2013,4,16,9,0,0,30914,20130416,1007.9,1.6,7.2,87,-118.9,16.5,7.1,21.8,16,18.3,6
,2013,4,17,9,0,0,30914,20130417,1002.5,1.8,0,87,-119.4,17.9,6.2,21.4,17.4,19.3,5
,2013,4,18,9,0,0,30914,20130418,1010.7,2.1,0,84,-120.2,16.8,11.2,21.9,14.4,16.7,3.2
,2013,4,19,9,0,0,30914,20130419,1013.2,1.6,6.2,93,-112.9,15.2,10.6,20.9,9.5,14.5,1.7
,2013,4,20,9,0,0,30914,20130420,1011.9,1.8,15.9,85,-99.3,16,9,20.4,13.6,15.9,3.7
,2013,4,21,9,0,0,30914,20130421,1013.1,1.6,27,92,-78.6,16.3,8.2,22.4,15.2,17.8,2.8
,2013,4,22,9,0,0,30914,20130422,1007.5,1.7,3.9,93,-76.5,16.1,9,22,13.9,16.7,1.7
,2013,4,23,9,0,0,30914,20130423,1011.6,1.7,2.5,88,-75.1,14.5,11.7,20.6,9.8,14.6,2.1
,2013,4,24,9,0,0,30914,20130424,1013.2,1.4,2,88,-74.3,15.1,7.9,19.9,13.1,16.1,2.3
,2013,4,25,9,0,0,30914,20130425,1011,2.4,0,82,-75,15.4,12.1,21.4,14,15.8,4
,2013,4,26,9,0,0,30914,20130426,1014.1,2.3,2,78,-73.7,14.4,12.3,20.2,11.2,14,2.9
,2013,4,27,9,0,0,30914,20130427,1013.2,1.7,0,83,-75.1,15.4,8.6,21,12.6,15.9,3.9
,2013,4,28,9,0,0,30914,20130428,1019.7,1.6,0,91,-77,14.5,10.5,21.7,11,15.6,2.1
,2013,4,29,9,0,0,30914,20130429,1022.3,2,0,90,-78.8,14.3,13.1,22.2,10.2,14.9,2.2
,2013,4,30,9,0,0,30914,20130430,1021.4,1.6,0,88,-80.7,14.7,10.1,22.3,11.9,16.9,2.2
,2013,5,1,9,0,0,30914,20130501,1021.6,2,0,84,-81,14.3,13.6,21.1,9.3,13,1.7
,2013,5,2,9,0,0,30914,20130502,1019.8,1,0,87,-81.9,14.7,6.7,19.3,11.2,14.3,1.9
,2013,5,3,9,0,0,30914,20130503,1017.1,1.4,0,95,-82,14.4,9.9,21.4,8.9,14.5,1.6
,2013,5,4,9,0,0,30914,20130504,1012.8,1.5,20.7,89,-62.1,15.4,8,20.9,13.1,15.8,3.2
,2013,5,5,9,0,0,30914,20130505,996.2,1.7,12.2,94,-51.8,14.5,8.1,19.8,10.6,14.5,3
,2013,5,6,9,0,0,30914,20130506,991.5,1.1,7.9,86,-45.7,14.1,4.9,16.1,12.2,13.2,5.5
,2013,5,7,9,0,0,30914,20130507,1013.7,1.7,0,86,-46.4,12.6,12.9,19.6,7.2,11.8,2.1
,2013,5,8,9,0,0,30914,20130508,1026.1,1.2,0,82,-46.8,12.1,8.5,17.8,6.5,10.3,1.6
,2013,5,9,9,0,0,30914,20130509,1022.5,1,1.3,92,-44.7,14,8.1,18.6,11.6,14.2,1.8
,2013,5,10,9,0,0,30914,20130510,1010.7,0.9,30.3,95,-6.2,13.2,6.5,18.2,9.7,14.2,1.8
,2013,5,11,9,0,0,30914,20130511,1021.6,1.8,3.1,74,2.7,12.5,11.9,17.2,8.5,9.3,2.6
,2013,5,12,9,0,0,30914,20130512,1031.6,1.3,0,88,-0.9,10.9,12.4,18.4,3.8,9.3,1.3
,2013,5,13,9,0,0,30914,20130513,1029.5,1.3,0,94,-3.6,11.1,11.8,20.5,4.4,11.1,0.7
,2013,5,14,9,0,0,30914,20130514,1022.5,0.8,0,97,-4.6,11.8,6,14.1,6.1,11.1,0.9
,2013,5,15,9,0,0,30914,20130515,1016.9,0.9,0,94,-5.5,12.2,7.2,18.2,7.2,11.4,0.8
,2013,5,16,9,0,0,30914,20130516,1019.2,1.3,0,91,-6.9,12.1,11.5,20.3,7.7,12.9,2.1
,2013,5,17,9,0,0,30914,20130517,1016.2,0.8,7.4,84,2.3,12.5,3.6,18.1,9.3,13.7,2.5
,2013,5,18,9,0,0,30914,20130518,1003.1,0.9,8.6,94,5.2,14.6,5.4,18.5,13.3,15.9,2.4
,2013,5,19,9,0,0,30914,20130519,1004.1,1.2,2.8,89,0.9,13.9,8.5,19,12,14.8,3.5
,2013,5,20,9,0,0,30914,20130520,1009.2,1,2.6,94,3.6,12.7,9.5,18.8,9.3,13.2,1.2
,2013,5,21,9,0,0,30914,20130521,1008.7,0.8,1.7,95,0,12.5,5.8,17.2,8.3,12.4,1.3
,2013,5,22,9,0,0,30914,20130522,1005.1,0.8,15.9,95,13.5,12,6.4,17.7,8.4,12.9,1.5
,2013,5,23,9,0,0,30914,20130523,998.5,1.1,1.5,90,1.7,12.6,7.8,17.7,10.7,13.7,2.9
,2013,5,24,9,0,0,30914,20130524,1016.8,1,0,91,-0.9,10.9,10.8,17.3,5,10,0.8
,2013,5,25,9,0,0,30914,20130525,1021.3,0.9,16.5,90,16,10.3,2.8,17.6,4.3,10.2,1.8
,2013,5,26,9,0,0,30914,20130526,1006.2,0.6,0,90,0.8,13.7,8,17.9,8.4,14.9,3.9
,2013,5,27,9,0,0,30914,20130527,1007.2,1.4,5.6,87,5.1,12.1,9.5,17.7,10.1,13.1,3.4
,2013,5,28,9,0,0,30914,20130528,1001.1,0.8,0,86,-1.4,10.7,4.3,9.6,5.8,8.9,2.9
,2013,5,29,9,0,0,30914,20130529,1022.5,1.1,0,71,-2.1,7.5,10.8,12.2,0.9,6.5,2.7
,2013,5,30,9,0,0,30914,20130530,1033,0.8,0,90,-3.6,6.7,9.5,14.3,0.2,7.2,1.2
,2013,5,31,9,0,0,30914,20130531,1032.9,0.5,0,96,-4.3,8.9,5.7,15,3.8,10.5,1.3
,2013,6,1,9,0,0,30914,20130601,1028.1,0.7,0,90,-5,9.6,5.7,15.7,7.7,11.4,1.7
,2013,6,2,9,0,0,30914,20130602,1021.8,0.6,0,93,-5.5,9.7,5.8,15.9,5.9,10.8,1
,2013,6,3,9,0,0,30914,20130603,1013.3,0.6,0,93,-4.9,9.8,5.2,15.1,3.9,10.3,0.9
,2013,6,4,9,0,0,30914,20130604,1003,0.2,19.8,90,12.2,9.9,1.5,16.1,5.3,12.1,2.3
,2013,6,5,9,0,0,30914,20130605,1000.7,0.9,0,86,0.9,12,6.2,16.6,10.5,13.7,4.4
,2013,6,6,9,0,0,30914,20130606,1017.7,1,0,75,-1.3,10.2,6.4,14.4,6.6,8.4,2.3
,2013,6,7,9,0,0,30914,20130607,1027.9,1.1,0,88,-2,9.3,9.2,16.6,4.8,9.7,2
,2013,6,8,9,0,0,30914,20130608,1027,1.1,6,80,6.1,9.6,8.5,15.7,6.8,9.8,3.4
,2013,6,9,9,0,0,30914,20130609,1019,0.2,22.4,92,21.6,11.3,1.3,12.5,8.5,12.6,2.2
,2013,6,10,9,0,0,30914,20130610,1018.3,0.6,4.8,96,9.7,9.3,4.7,14.1,3.5,9.6,1.2
,2013,6,11,9,0,0,30914,20130611,1015.2,0.7,0,96,-1.1,8.7,7.7,16.1,3.7,10.2,0.9
,2013,6,12,9,0,0,30914,20130612,1013.4,0.8,0,94,-1.7,9.9,6.2,16.5,6.6,11.7,1.3
,2013,6,13,9,0,0,30914,20130613,1016.4,0.8,9.7,91,10.7,9.3,7.2,15.8,5.3,10.2,1.9
,2013,6,14,9,0,0,30914,20130614,1017.1,0.4,2.2,96,3.7,11.6,5,15.4,8.6,13,1.3
,2013,6,15,9,0,0,30914,20130615,1021.7,0.7,1.4,87,1.7,9.6,2.6,15.5,5.3,9.9,2.1
,2013,6,16,9,0,0,30914,20130616,1013.1,0.2,12.1,91,10.2,12.1,1.2,17,8.9,14.7,4.1
,2013,6,17,9,0,0,30914,20130617,1005.3,1,2.1,87,1.8,12.5,5,18.3,12.5,14.5,3.5
,2013,6,18,9,0,0,30914,20130618,1005.2,0.9,4.6,91,5.5,12.4,7,18.4,12.5,14.7,2.8
,2013,6,19,9,0,0,30914,20130619,994.2,0.7,7,95,7.2,12.6,4.8,15.8,10.4,13.4,1.9
,2013,6,20,9,0,0,30914,20130620,987.8,1,5.9,80,6.5,11.4,5,10.7,8,9.3,3.7
,2013,6,21,9,0,0,30914,20130621,994.4,1.3,0,71,-1.6,8.8,8.8,12.4,4.4,7.6,4.9
,2013,6,22,9,0,0,30914,20130622,1009.3,1.1,0,80,-2.2,8.1,9.2,13.7,4.3,8,2.7
,2013,6,23,9,0,0,30914,20130623,1014.7,0.6,0,94,-2.4,6.6,6.2,10.2,0,7.5,1.5
,2013,6,24,9,0,0,30914,20130624,1021.8,0.7,0,91,-2.7,5.5,8.5,12.8,-1.6,6.3,1.2
,2013,6,25,9,0,0,30914,20130625,1022.6,0.5,0,89,-3.2,7.4,5.8,13.8,0.5,9,1.3
,2013,6,26,9,0,0,30914,20130626,1023.3,0.4,0,96,-3.7,8.5,4.3,12.7,5.8,10.5,1
,2013,6,27,9,0,0,30914,20130627,1016.3,0.8,0,74,-4.3,8.5,2.7,11.1,5.4,8.7,4.2
,2013,6,28,9,0,0,30914,20130628,1018.4,0.9,0,87,-4.9,7.2,8.3,13.4,3.4,7.6,1.6
,2013,6,29,9,0,0,30914,20130629,1025.2,0.7,0,95,-5.3,5.6,9.6,12.9,-1,6.7,1
,2013,6,30,9,0,0,30914,20130630,1025.2,0.4,0,95,-5.8,7.6,7.1,13.9,1.5,9.3,1.4
,2013,7,1,9,0,0,30914,20130701,1027.6,0.8,0,93,-6.9,7,7.8,15.5,3.8,9.1,1.9
,2013,7,2,9,0,0,30914,20130702,1031,0.7,0,87,-6.3,7.3,6.9,15.1,4.3,9.8,1.6
,2013,7,3,9,0,0,30914,20130703,1026.3,0.4,1.1,92,-5.2,8.3,2.5,13.2,5.6,9.9,0.9
,2013,7,4,9,0,0,30914,20130704,1017.5,0.7,0,94,-6.4,10.1,8.3,18.1,7.6,13.2,1.9
,2013,7,5,9,0,0,30914,20130705,1021.5,0.5,0,94,-6.8,10.3,5.2,16.9,8,12.6,1.1
,2013,7,6,9,0,0,30914,20130706,1016.7,0.9,6,94,5.3,11.9,8.3,16.9,11.1,13.8,2.5
,2013,7,7,9,0,0,30914,20130707,1018.9,1,3.9,91,0.3,9.9,9.1,16.9,6.5,10.9,2.5
,2013,7,8,9,0,0,30914,20130708,1019.1,1,0,86,-2.2,9.3,8.2,14.6,6.5,10.1,2.3
,2013,7,9,9,0,0,30914,20130709,1020.7,0.8,2.3,94,0.4,6.9,9,14,1.1,7.7,1.5
,2013,7,10,9,0,0,30914,20130710,1016.4,0.6,0,90,0.1,8.4,6.5,13.1,4.1,9.8,2
,2013,7,11,9,0,0,30914,20130711,1023.8,0.6,7,90,5.5,6.9,4.1,11.4,2.8,8.3,2.6
,2013,7,12,9,0,0,30914,20130712,1020,0.8,1.5,93,2.3,7.5,8.2,14.4,3.6,9,2.2
,2013,7,13,9,0,0,30914,20130713,1013.9,0.6,0,95,-1.1,7.6,6.5,13,3.4,9.5,1.5
,2013,7,14,9,0,0,30914,20130714,1001.5,1.2,1.6,86,0.5,7.7,8.9,14.6,3.5,9.1,2.9
,2013,7,15,9,0,0,30914,20130715,1014.8,1.1,0,73,-1.8,6.5,10.6,10.4,0.8,6.1,3.6
,2013,7,16,9,0,0,30914,20130716,1028.7,0.8,0,88,-2.4,4.7,9.9,12.4,-2,6,1.6
,2013,7,17,9,0,0,30914,20130717,1033.1,0.5,0,93,-3.1,5.7,5.1,13.5,0.7,8.9,1.7
,2013,7,18,9,0,0,30914,20130718,1031,0.9,0,81,-3.9,8.5,5.3,14.6,6.5,10.1,2
,2013,7,19,9,0,0,30914,20130719,1029,1,4,84,1.2,8.3,8.7,15.6,6.4,9,1.8
,2013,7,20,9,0,0,30914,20130720,1027.9,0.4,0,96,-0.5,9.5,4,13.7,8,12.1,1.8
,2013,7,21,9,0,0,30914,20130721,1026.6,0.7,0,91,-2.1,10.1,4.7,13.8,9.3,11.3,1.5
,2013,7,22,9,0,0,30914,20130722,1027,0.6,0,96,-2.8,8.9,6.1,13.5,6,9.9,1
,2013,7,23,9,0,0,30914,20130723,1022.3,0.6,0,93,-2.7,9.5,5.1,14.9,5.7,10.7,1.1
,2013,7,24,9,0,0,30914,20130724,1012.8,0.4,0,95,-2.9,9.7,3,13.5,5.9,11.2,1.5
,2013,7,25,9,0,0,30914,20130725,1011.2,1,0,90,-3.3,9.7,8.5,15.6,7.5,11.3,2.5
,2013,7,26,9,0,0,30914,20130726,1021.4,1.1,0,81,-4,9.2,7,15,7.3,10.2,2.7
,2013,7,27,9,0,0,30914,20130727,1028.7,1.1,0,89,-4.7,8.9,8.8,16,5.8,10,1.5
,2013,7,28,9,0,0,30914,20130728,1031.8,1.1,0,96,-5.3,7.6,10.4,16.3,1.8,8.8,1.6
,2013,7,29,9,0,0,30914,20130729,1031.7,1,0,95,-6.1,7.3,10,14.4,2,8.4,1
,2013,7,30,9,0,0,30914,20130730,1032.6,1.1,0,93,-6.7,7.1,9.8,16,1,7.6,1
,2013,7,31,9,0,0,30914,20130731,1030.7,0.8,0,94,-7.4,7.5,6.5,14.7,2.3,9.1,2.1
,2013,8,1,9,0,0,30914,20130801,1026,1.3,0,76,-5.5,9.8,5.4,14.4,7.7,10.7,4.1
,2013,8,2,9,0,0,30914,20130802,1016.9,1.1,2.2,83,-3.9,10.9,3.4,15,11.4,12.6,6.6
,2013,8,3,9,0,0,30914,20130803,1008.1,1.7,0,77,-3.9,10.3,7.8,18,9.3,10.5,3.1
,2013,8,4,9,0,0,30914,20130804,1012.1,0.9,0,90,-5.3,10.5,6.6,16.9,7.4,11.2,0.9
,2013,8,5,9,0,0,30914,20130805,1015.9,1.1,0,95,-6.6,11,9,17.4,7.1,12.4,1.7
,2013,8,6,9,0,0,30914,20130806,1018.9,1.2,0,92,-7.9,10.6,10.8,18,7.3,12.5,2.4
,2013,8,7,9,0,0,30914,20130807,1021.6,1.1,0,95,-9.1,10,10.3,17.9,5.3,12,1.6
,2013,8,8,9,0,0,30914,20130808,1021.2,1.3,0,94,-9.8,10.4,12.1,18.8,6.9,12,1.4
,2013,8,9,9,0,0,30914,20130809,1020.4,1.1,0,92,-10.5,9.8,11.1,16.9,5.2,11.3,2.4
,2013,8,10,9,0,0,30914,20130810,1005.8,0.8,1.4,90,-9.9,11,3.7,15.5,9.9,12.8,3.6
,2013,8,11,9,0,0,30914,20130811,994.3,1.3,2.2,94,-8.8,11.9,6.6,16,11.2,13.5,3.9
,2013,8,12,9,0,0,30914,20130812,998.8,2,2.4,79,-7.2,10.8,10.3,15.2,8.9,10.1,5.1
,2013,8,13,9,0,0,30914,20130813,1007.7,2,4.3,75,-4.1,10.7,10.6,16.7,8.4,10.2,3.9
,2013,8,14,9,0,0,30914,20130814,1005.8,1.7,0,82,-4.9,11.4,10.4,15.8,9.2,11.4,3.6
,2013,8,15,9,0,0,30914,20130815,1016.2,1.5,0,78,-5.8,9.8,10.2,16.5,5.7,9.9,2.8
,2013,8,16,9,0,0,30914,20130816,1014.1,1.2,7,82,2.1,9.8,6.6,15.4,5.9,10.4,3.5
,2013,8,17,9,0,0,30914,20130817,1007.5,1.8,7.2,89,3.4,10.6,11.3,16.7,8.5,11.8,3.4
,2013,8,18,9,0,0,30914,20130818,1008.3,2,1.4,77,0.2,11.3,13,18.8,10.3,10.9,3.1
,2013,8,19,9,0,0,30914,20130819,1013.4,1.5,2,84,0.3,10.9,10.4,17,6.7,10.7,1.8
,2013,8,20,9,0,0,30914,20130820,1017.8,1.7,2.2,82,0.2,11.2,9.1,14.8,9,10,2.7
,2013,8,21,9,0,0,30914,20130821,1016.4,1.2,21.8,81,21,10.6,6,14.9,7.2,10.8,4.2
,2013,8,22,9,0,0,30914,20130822,1011.2,1.5,0,92,-0.9,11.8,10.6,18.1,10.4,13.1,1.8
,2013,8,23,9,0,0,30914,20130823,1014.7,1.3,2,96,4.8,10.7,11.8,15.9,4.7,10.9,1.5
,2013,8,24,9,0,0,30914,20130824,1015.3,1.4,1.6,94,0.6,9.8,12.1,16.1,3.9,10.2,1.5
,2013,8,25,9,0,0,30914,20130825,1004.7,0.9,4.5,87,2,11.1,5.9,15.9,7.9,12.9,2.9
,2013,8,26,9,0,0,30914,20130826,1011.6,1.3,2.9,95,2.3,10.3,9.3,15.2,5.6,11.1,2.4
,2013,8,27,9,0,0,30914,20130827,1017.4,1.8,0,84,-1,10.5,12.7,16.5,7.3,11.1,2.6
,2013,8,28,9,0,0,30914,20130828,1018.7,1.6,1.5,88,-0.9,9.5,12.6,16.7,5.1,11.4,2.5
,2013,8,29,9,0,0,30914,20130829,1011.2,0.8,2.9,95,1.4,10.7,5.5,13.5,8,12.5,1.5
,2013,8,30,9,0,0,30914,20130830,1018.1,1.6,0,83,-2.7,9.8,10.3,15,4.8,9.1,2.7
,2013,8,31,9,0,0,30914,20130831,1025.7,2.3,0,75,-4,8.9,16.2,15.9,3.1,8.3,2.5
,2013,9,1,9,0,0,30914,20130901,1028.2,2.1,0,74,-6.2,8.8,14.4,16.2,3.1,8.6,2.5
,2013,9,2,9,0,0,30914,20130902,1030.4,2.1,0,76,-8.3,8.8,17.2,16.5,3.3,8.4,2.1
,2013,9,3,9,0,0,30914,20130903,1028.5,2.1,0,84,-10.3,9.1,17.4,16.7,2.7,9.1,1.6
,2013,9,4,9,0,0,30914,20130904,1018.3,1.2,8,84,-2.3,9.5,8,14.4,2.4,9.7,2.1
,2013,9,5,9,0,0,30914,20130905,1010.6,2.5,0,73,-8,10.1,15.4,15,7,9.3,4.1
,2013,9,6,9,0,0,30914,20130906,1020.8,1.8,3.7,75,-1.6,8.2,14.2,15.1,0.2,7.4,1.8
,2013,9,7,9,0,0,30914,20130907,1020.1,1.4,0,84,-4,10.2,10.3,17.2,5.7,12,3.2
,2013,9,8,9,0,0,30914,20130908,1016,2.4,1.3,80,-4,12,13,17.1,11,12.2,4.3
,2013,9,9,9,0,0,30914,20130909,1014,2.7,1.7,74,-2.5,11.8,14.8,15.9,9.5,10.9,4.1
,2013,9,10,9,0,0,30914,20130910,1021.2,2.2,0,82,-6.1,10.5,14.2,17.1,6.3,11.3,3.3
,2013,9,11,9,0,0,30914,20130911,1017.8,1.5,2.4,87,-5.9,12.1,5.5,17.8,11,13.7,4.8
,2013,9,12,9,0,0,30914,20130912,1014.5,0.6,9,92,1.1,13.8,3.2,16.1,13.5,16,5.3
,2013,9,13,9,0,0,30914,20130913,1009.9,2.5,4.6,89,3.5,12.9,15.1,18.4,9.1,12.6,2.2
,2013,9,14,9,0,0,30914,20130914,1003,2.3,1.7,90,-1.6,12.9,14.6,15,9.3,11.5,4
,2013,9,15,9,0,0,30914,20130915,1014.7,1.8,3.1,78,1.5,11.3,12.2,15.3,6.1,10.3,2
,2013,9,16,9,0,0,30914,20130916,1017,1.8,0,86,-4.4,11.2,12.7,16.2,4.8,10.9,1.4
,2013,9,17,9,0,0,30914,20130917,1012.8,2.8,0,75,-6.6,11.7,14.1,16.5,8.3,9.9,4
,2013,9,18,9,0,0,30914,20130918,1026.5,2.5,0,69,-6.8,9.4,20.7,14.7,1.2,7.2,2.4
,2013,9,19,9,0,0,30914,20130919,1027,1.5,3.2,84,-4.7,10.3,9.2,15.8,2.7,9.5,2.2
,2013,9,20,9,0,0,30914,20130920,1017.8,1.2,3,92,-4.8,12.6,8.4,19,9.4,15.8,4.7
,2013,9,21,9,0,0,30914,20130921,1015.3,1.6,9.4,88,3.3,14.1,7.4,19.1,13.7,16.6,4.2
,2013,9,22,9,0,0,30914,20130922,1011.6,2.9,3.7,90,2.9,14.3,16.6,19.8,12.7,15,4.2
,2013,9,23,9,0,0,30914,20130923,1017.4,2.4,0,83,-4.3,13.6,14.7,19,10.9,14.5,2.7
,2013,9,24,9,0,0,30914,20130924,1013.7,1.7,39.4,83,32.6,13.8,3,17,11.2,13.4,5.9
,2013,9,25,9,0,0,30914,20130925,992,2.4,0,83,-2.1,14.3,13.9,19,13.2,15.3,5.1
,2013,9,26,9,0,0,30914,20130926,1003.6,2.9,0,82,-4.6,14.3,13.8,17.3,12.2,13.4,5.2
,2013,9,27,9,0,0,30914,20130927,1012.5,3.1,0,81,-6.4,14.3,15.3,19.3,12.5,14.5,3.8
,2013,9,28,9,0,0,30914,20130928,1006.5,3.7,0,72,-8,14.4,15.9,16.8,11.9,12.1,6.7
,2013,9,29,9,0,0,30914,20130929,1008.1,2.9,1.5,68,-7.9,13.5,13.2,17.2,10.7,10.6,4.8
,2013,9,30,9,0,0,30914,20130930,1003.1,1.9,6.2,86,-3.2,13.9,10.1,15.8,11.1,13.4,4
,2013,10,1,9,0,0,30914,20131001,1017.3,3.5,0,79,-7.8,12.7,20.1,19.1,7.9,12.1,3.2
,2013,10,2,9,0,0,30914,20131002,1021.9,3.2,0,90,-9.7,12.8,21.1,19.8,5.2,12.2,1.9
,2013,10,3,9,0,0,30914,20131003,1020.6,3.3,0,80,-12.9,13.2,21.4,19.9,6.9,11.7,2.1
,2013,10,4,9,0,0,30914,20131004,1018.6,2,0,90,-16,13.3,12.5,19.6,6.5,13.2,1.8
,2013,10,5,9,0,0,30914,20131005,1015.3,3.2,0,89,-19.2,14.6,17.6,21.5,10.6,14.6,1.5
,2013,10,6,9,0,0,30914,20131006,1010.7,3.3,0,86,-22.2,15.5,20.8,20.9,10.8,15,1.6
,2013,10,7,9,0,0,30914,20131007,1006.5,2.7,0,87,-25.3,14.6,15.7,19.4,8.7,13.6,2.7
,2013,10,8,9,0,0,30914,20131008,1002.9,2.6,2.1,85,-26.4,14.4,14.4,19.5,8.1,13.8,3.2
,2013,10,9,9,0,0,30914,20131009,999.2,3,1.6,74,-27.8,14.2,14.2,15.2,10.7,11,6.2
,2013,10,10,9,0,0,30914,20131010,1007.4,3.3,2.8,79,-28.2,13.1,20.8,16.7,5.4,10.2,3
,2013,10,11,9,0,0,30914,20131011,999.6,0.8,6.3,91,-24.7,15.9,4.8,17.7,9.5,16,6.3
,2013,10,12,9,0,0,30914,20131012,1000.5,3.2,3.7,74,-22.1,13.8,13.9,16.2,10.2,10.7,6.4
,2013,10,13,9,0,0,30914,20131013,1013.9,2.9,4,76,-20.1,13.5,16.2,18.1,9.5,12.7,5
,2013,10,14,9,0,0,30914,20131014,1014.8,2.3,0,83,-23,14.2,10.6,18.6,10.6,14,3.9
,2013,10,15,9,0,0,30914,20131015,999.7,3.2,0,84,-25.4,15.2,14.1,20.6,14,16.9,7.3
,2013,10,16,9,0,0,30914,20131016,1015.3,3.7,0,69,-28,13,21.4,17.5,7,10.7,4.9
,2013,10,17,9,0,0,30914,20131017,1022,3.5,0,79,-31.1,13.8,20.6,19.5,10,13.4,4
,2013,10,18,9,0,0,30914,20131018,1026.8,3.6,0,80,-34,13.4,21.9,20.4,7.3,13.6,3.5
,2013,10,19,9,0,0,30914,20131019,1027.6,3.7,0,81,-37.1,14.8,21.3,19.9,11.6,14.9,3.3
,2013,10,20,9,0,0,30914,20131020,1028.3,3.3,0,82,-40.2,13.7,20.8,19.5,4.5,12.1,2
,2013,10,21,9,0,0,30914,20131021,1025.2,3.6,0,73,-43.4,14.6,19.8,19.4,9.6,12,2.5
,2013,10,22,9,0,0,30914,20131022,1020.1,3.1,0,77,-45.7,14.3,17.9,19.3,7.6,13,4
,2013,10,23,9,0,0,30914,20131023,1018.3,2.8,0,88,-48.5,15.5,12.8,21.2,13.4,16.2,4
,2013,10,24,9,0,0,30914,20131024,1020.2,3.6,0,81,-51.6,16.1,20.6,20.7,12.4,15.4,3.3
,2013,10,25,9,0,0,30914,20131025,1014.2,3.3,0,72,-54.8,16.1,13.5,20.4,13.2,14.2,4.4
,2013,10,26,9,0,0,30914,20131026,1020,4,0,75,-57.8,15.7,23.9,19.7,7.8,12.4,2.6
,2013,10,27,9,0,0,30914,20131027,1015.8,3.3,0,73,-60.4,14.1,19.6,19.7,6.2,12,3.3
,2013,10,28,9,0,0,30914,20131028,1016.8,4.1,0,65,-63.5,13.8,24,18.7,6.4,10.4,3.3
,2013,10,29,9,0,0,30914,20131029,1019.3,4.1,0,67,-66.3,13.5,24.7,17.9,3.5,9.7,2.7
,2013,10,30,9,0,0,30914,20131030,1019.4,3.8,0,71,-69.4,13.6,23.9,18.7,6.3,10.5,2.6
,2013,10,31,9,0,0,30914,20131031,1015.3,3.9,0,74,-70.6,15.1,20.1,20.7,11.1,14.1,4.7
,2013,11,1,9,0,0,30914,20131101,1008.6,4,1.1,71,-71.8,15.6,18.9,19,11.8,12.5,4.5
,2013,11,2,9,0,0,30914,20131102,1014.8,4.2,0,67,-75.9,14,24.5,18.1,5.7,9.9,3.5
,2013,11,3,9,0,0,30914,20131103,1017.9,4,0,70,-80,14.5,22.9,20.2,7.5,11.6,2.2
,2013,11,4,9,0,0,30914,20131104,1018.7,3.6,0,81,-83.8,15,22.8,20.6,6.6,13.5,1.9
,2013,11,5,9,0,0,30914,20131105,1017.2,2.8,14.4,78,-68.6,15.2,15.7,20.1,8,14.7,3.1
,2013,11,6,9,0,0,30914,20131106,1010.2,3.9,6.9,87,-61.8,14.4,20.7,21,11.1,14,2.4
,2013,11,7,9,0,0,30914,20131107,1006.7,2.8,7.7,84,-57.8,15.2,14.7,18.7,11,14,3.6
,2013,11,8,9,0,0,30914,20131108,1007.4,3.9,2.3,83,-56.9,15.5,22,20.8,12.1,15.1,2.4
,2013,11,9,9,0,0,30914,20131109,1013.2,4.1,0,80,-61.2,16.1,21.7,21.9,11.1,14.9,2.3
,2013,11,10,9,0,0,30914,20131110,1014.4,3.6,0,85,-65.3,17.3,17,22.7,12.9,16.1,2.4
,2013,11,11,9,0,0,30914,20131111,1016,4.6,0,79,-69.2,16.3,25,24.7,9.3,15.7,2.7
,2013,11,12,9,0,0,30914,20131112,1023.7,5.2,0,61,-73.3,18,23.8,21.8,14.4,12.2,3.4
,2013,11,13,9,0,0,30914,20131113,1026.6,5.3,0,57,-77.2,16.1,28.6,20.3,7.3,9.6,2.9
,2013,11,14,9,0,0,30914,20131114,1024,4.9,0,60,-81.1,16.1,27.3,21.1,8.1,10.3,2.4
,2013,11,15,9,0,0,30914,20131115,1021.5,4.4,0,73,-84.9,16.7,24.3,21.7,8.7,13.5,2.2
,2013,11,16,9,0,0,30914,20131116,1018.5,3.5,0,74,-88.5,16.7,18.7,22.8,8.5,13.4,2.5
,2013,11,17,9,0,0,30914,20131117,1019.6,4.3,0,77,-89.4,17.4,23.4,23.8,11.6,15.7,2
,2013,11,18,9,0,0,30914,20131118,1020.2,5.4,0,73,-93,17.7,30.6,24.7,9.9,15.5,1.9
,2013,11,19,9,0,0,30914,20131119,1021.2,3.8,0,75,-96.2,17.9,21.1,23.1,10.2,15.9,2.5
,2013,11,20,9,0,0,30914,20131120,1019.5,4.4,0,77,-98.6,17.9,23.7,21.6,14.1,16.2,3.8
,2013,11,21,9,0,0,30914,20131121,1016.6,5.1,0,75,-101.3,18.3,29.3,23.3,13.8,16.7,2.9
,2013,11,22,9,0,0,30914,20131122,1017.9,5.5,0,74,-104.4,18.1,29.7,25.5,10.2,16.4,2
,2013,11,23,9,0,0,30914,20131123,1019.2,5.7,0,66,-107.1,18.9,29.7,24.9,11.4,15.2,1.9
,2013,11,24,9,0,0,30914,20131124,1014.4,5.6,0,68,-109.6,19.3,28.8,26.2,11.2,16.1,2.2
,2013,11,25,9,0,0,30914,20131125,1008.5,4.9,0,72,-111.5,19.2,25.1,24.9,12,15.3,2.2
,2013,11,26,9,0,0,30914,20131126,1004.1,4.2,1.7,82,-112.1,20.3,22.2,25.1,15.7,19.5,2.6
,2013,11,27,9,0,0,30914,20131127,1009,2.9,6.8,78,-106.4,19.5,16,23.4,12.4,18.6,2.6
,2013,11,28,9,0,0,30914,20131128,997.5,4.6,2,88,-105.1,18.5,20.8,22.6,15.9,18.2,5.3
,2013,11,29,9,0,0,30914,20131129,1004.4,5,0,74,-106.6,18.7,22.6,22.3,14.8,15.5,5.3
,2013,11,30,9,0,0,30914,20131130,1008.9,4.5,0,74,-108.3,18.8,18.1,24,13.9,16.9,4.8
,2013,12,1,9,0,0,30914,20131201,1017.6,5.2,0,62,-110.8,17.8,27.2,20.7,11.7,11.6,3.6
,2013,12,2,9,0,0,30914,20131202,1023.1,5.1,0,72,-113.1,17.3,29.7,22.7,7.6,13.4,2.3
,2013,12,3,9,0,0,30914,20131203,1022,3,0,74,-114.2,17.7,14.7,21.1,11.1,15.2,3.3
,2013,12,4,9,0,0,30914,20131204,1017,1.5,7.5,88,-107.5,18.3,5.1,19.9,16,18.8,3.2
,2013,12,5,9,0,0,30914,20131205,1012.3,1.1,38.9,92,-75,18,4.2,20.4,15.9,19.7,3.6
,2013,12,6,9,0,0,30914,20131206,1011.4,3.5,7.8,88,-61.3,18.5,18.3,23.2,15.9,19.6,2.8
,2013,12,7,9,0,0,30914,20131207,1010.9,3,0,82,-65.9,18.7,17.4,22.6,13.3,19.1,2.9
,2013,12,8,9,0,0,30914,20131208,1011.5,3.9,0,78,-68.9,17.8,20.8,21.8,12.4,16.4,3.2
,2013,12,9,9,0,0,30914,20131209,1013.4,5,0,72,-72,18.1,25.7,22.5,12.8,15.5,2.9
,2013,12,10,9,0,0,30914,20131210,1016,3.7,0,71,-76.2,17.6,17.5,21,12.3,13.7,2.6
,2013,12,11,9,0,0,30914,20131211,1015.5,3,0,74,-80.4,17.1,16.3,21.5,9,13.8,2.2
,2013,12,12,9,0,0,30914,20131212,1012.7,5.5,0,72,-84.4,17.9,30.6,25.5,10.6,15.3,1.7
,2013,12,13,9,0,0,30914,20131213,1015.7,4.5,0,83,-88.2,19.1,24.5,25.7,13.2,18.2,1.6
,2013,12,14,9,0,0,30914,20131214,1018.3,4.8,0,77,-91.8,20.1,24,26.6,13.8,18.6,1.4
,2013,12,15,9,0,0,30914,20131215,1018.4,5.3,0,83,-95.2,20.3,27.3,26.7,13.9,19,1.7
,2013,12,16,9,0,0,30914,20131216,1015.8,5.3,0,74,-98.5,20.4,27.1,26.8,11.4,17.2,1.8
,2013,12,17,9,0,0,30914,20131217,1014.1,5.6,0,75,-101.4,20.6,26.5,25.4,12.3,17.8,3
,2013,12,18,9,0,0,30914,20131218,1015,4.6,0,63,-102.9,19.5,20.9,22.1,10.4,13.4,3.1
,2013,12,19,9,0,0,30914,20131219,1012.9,6,0,62,-105.5,19,28.6,22.9,12.6,13.6,4
,2013,12,20,9,0,0,30914,20131220,1018.3,6.1,0,57,-109.2,18.8,30.9,23.7,10.2,11,2.5
,2013,12,21,9,0,0,30914,20131221,1015.7,5.3,0,73,-111.6,19,28.4,23,8.7,14.8,3.4
,2013,12,22,9,0,0,30914,20131222,1012.2,6.3,0,63,-113.8,19.3,30,24.1,13.1,13.2,3.6
,2013,12,23,9,0,0,30914,20131223,1017.9,4.5,0,78,-114.8,18.7,23,22,11.2,14.5,2.2
,2013,12,24,9,0,0,30914,20131224,1017.6,3.4,1.6,72,-113.7,18.5,16.2,22.2,8.5,13.7,3.1
,2013,12,25,9,0,0,30914,20131225,1008.5,3,10,91,-105.4,18.8,14.2,21.6,15.3,17.9,4.7
,2013,12,26,9,0,0,30914,20131226,1009,3.8,2,77,-105.4,18.1,18.1,21.4,13.4,14.9,2.4
,2013,12,27,9,0,0,30914,20131227,1010.5,4.5,0,80,-108.1,18.2,22.5,23.8,10.7,16.2,2
,2013,12,28,9,0,0,30914,20131228,1010.6,3,3.6,80,-104.2,19.5,16.2,22.8,12,17.6,2
,2013,12,29,9,0,0,30914,20131229,1006.2,3.5,5.3,95,-99.6,17.8,17.3,24.4,15.6,18.4,3.1
,2013,12,30,9,0,0,30914,20131230,1004.3,4.3,1.6,77,-100.7,19.3,21.8,23.7,14,18.2,3.6
,2013,12,31,9,0,0,30914,20131231,1010.8,5.9,0,60,-102.6,18.5,31.3,22.5,11.4,12.8,3.2
,2014,1,1,9,0,0,30914,20140101,1015,3.9,0,73,-105,18.1,21.1,23.2,7.9,14.2,2.2
,2014,1,2,9,0,0,30914,20140102,1015.7,5.8,0,73,-107.7,18.7,31.8,24.8,11.4,15.5,2.3
,2014,1,3,9,0,0,30914,20140103,1010.8,4.6,2,76,-106.3,18.9,25.8,25.8,10.7,18.3,4.2
,2014,1,4,9,0,0,30914,20140104,1009.6,5,0,80,-108.1,20.5,22.1,26.5,17.1,18.7,2.9
,2014,1,5,9,0,0,30914,20140105,1006,2.8,1.7,82,-107.8,20.8,11.3,23.3,18.8,20.5,4.2
,2014,1,6,9,0,0,30914,20140106,1011.9,6.3,0,66,-110.5,18.6,32.6,24.4,10.8,14.2,3
,2014,1,7,9,0,0,30914,20140107,1011,5.7,0,74,-112.9,18.4,32,25,7.4,14.6,3.1
,2014,1,8,9,0,0,30914,20140108,1007.1,6.8,0,78,-115.1,20.3,24.9,23.9,13.5,17.4,3.8
,2014,1,9,9,0,0,30914,20140109,1009.6,4.7,1.8,77,-114,18.6,23.8,21.8,11.1,14,2.4
,2014,1,10,9,0,0,30914,20140110,1018.4,5.1,0,74,-116.4,17.9,27.3,22.8,7.5,13.4,2.5
,2014,1,11,9,0,0,30914,20140111,1019.2,4.7,0,74,-118.6,18.1,24.8,23.3,8.9,14.6,2.3
,2014,1,12,9,0,0,30914,20140112,1016.4,3.4,0,83,-120.6,18.6,17.9,21.7,10.4,16,3.1
,2014,1,13,9,0,0,30914,20140113,1011.7,4.5,0,71,-122,18.3,17.5,22.9,14.8,15.5,4.5
,2014,1,14,9,0,0,30914,20140114,1015.7,6,0,60,-123.9,17.7,28.1,22.1,11.1,12,4.4
,2014,1,15,9,0,0,30914,20140115,1023.1,5.2,0,71,-125.6,18.1,29.1,24.1,7.9,13.7,2.1
,2014,1,16,9,0,0,30914,20140116,1019.3,4.7,0,74,-127.1,18.4,23.4,23.7,9.8,15.1,4.4
,2014,1,17,9,0,0,30914,20140117,1007.2,6,0,80,-128.6,19.5,28.4,22.6,16.1,18,6.6
,2014,1,18,9,0,0,30914,20140118,1015.6,5.4,0,67,-130,17.9,30.9,23.6,7.6,12.1,2.3
,2014,1,19,9,0,0,30914,20140119,1017.6,5.2,0,74,-131.3,18.3,29.7,24.8,8.3,14.4,2.5
,2014,1,20,9,0,0,30914,20140120,1011.7,2.4,1.4,86,-130.8,18.8,8.6,20.9,14,16.3,3.6
,2014,1,21,9,0,0,30914,20140121,991.7,2.7,3.1,91,-129.4,19.1,14.1,23.2,15.4,21.4,5.2
,2014,1,22,9,0,0,30914,20140122,1011.9,4.5,0,76,-130.4,18.9,18.7,24.4,14.2,16.7,3.7
,2014,1,23,9,0,0,30914,20140123,1014.4,5.9,0,68,-131.6,19.2,26.1,22.3,15.5,13.6,5.6
,2014,1,24,9,0,0,30914,20140124,1019.1,5.3,0,66,-132.9,18,25.6,24.6,10.5,13.8,3
,2014,1,25,9,0,0,30914,20140125,1022.6,5.4,0,77,-134,18.4,29.5,24.3,9.1,15.6,3.1
,2014,1,26,9,0,0,30914,20140126,1016.4,2.5,4.8,80,-129,19.7,10.5,24.9,15.4,20.1,3.3
,2014,1,27,9,0,0,30914,20140127,1016.7,5.9,3.2,72,-124,18.2,29.7,23.7,11.3,13.4,3.6
,2014,1,28,9,0,0,30914,20140128,1018.3,6,0,55,-125.2,17.4,31.5,23.9,8.5,9.3,2.9
,2014,1,29,9,0,0,30914,20140129,1019.8,5.5,0,73,-126.9,17.8,30.5,26,9.1,13.6,2.1
,2014,1,30,9,0,0,30914,20140130,1015.9,5.4,0,76,-128.4,19.1,28.7,24.8,10.8,15.2,2.7
,2014,1,31,9,0,0,30914,20140131,1012.9,6.1,0,58,-129.8,19.6,27,25.5,13.7,13.7,3.6
,2014,2,1,9,0,0,30914,20140201,1006.8,5.7,0,60,-131.2,19.3,24.8,26,11.1,13.1,3.6
,2014,2,2,9,0,0,30914,20140202,1015.2,5.7,0,59,-132.3,18.9,28.3,26.1,10.1,12.5,2.9
,2014,2,3,9,0,0,30914,20140203,1023.9,4.9,0,66,-133.3,19.3,24.3,26,10.2,13.9,2
,2014,2,4,9,0,0,30914,20140204,1022.6,3.6,0,79,-134.3,20.1,16.9,24.5,13.8,17.3,2.2
,2014,2,5,9,0,0,30914,20140205,1015.8,4.4,0,78,-134.8,20.3,19.3,26,14.8,17.6,2.1
,2014,2,6,9,0,0,30914,20140206,1017.4,5.1,0,63,-135.8,20.5,20,24.1,16,14.9,5.1
,2014,2,7,9,0,0,30914,20140207,1018.4,4.1,1.7,72,-133.4,20,18.2,22.8,15.3,15.9,5.5
,2014,2,8,9,0,0,30914,20140208,1011.3,3.2,6.9,94,-126.5,20.6,16.1,25.5,17.6,23.1,3.4
,2014,2,9,9,0,0,30914,20140209,1011.2,5.6,0,77,-127.8,20.5,22,28.9,16.7,19.2,2.9
,2014,2,10,9,0,0,30914,20140210,1009.9,4.5,0,63,-128.8,19.9,18.1,25.4,12.9,14.2,1.9
,2014,2,11,9,0,0,30914,20140211,1009,4.1,0,80,-129.9,20.3,20.8,24.8,15.7,17.4,2.6
,2014,2,12,9,0,0,30914,20140212,1008.3,3.5,0,81,-131,19.3,15.6,24.3,11.5,16.7,2.8
,2014,2,13,9,0,0,30914,20140213,1008.5,3.9,0,80,-131.4,18.8,17.2,22.8,13,15.8,3.9
,2014,2,14,9,0,0,30914,20140214,1008.7,4.2,0,77,-132.4,18.7,20.2,23.4,13.8,15.5,3.6
,2014,2,15,9,0,0,30914,20140215,1014.1,4.7,0,78,-133.5,18.1,24,25.6,10.7,15.7,2.5
,2014,2,16,9,0,0,30914,20140216,1019.6,4.9,0,80,-134.5,18.2,26.6,25.9,9.6,15.7,2.5
,2014,2,17,9,0,0,30914,20140217,1022,4.7,0,73,-135.4,19.2,23.8,25.8,13.3,17.5,3.4
,2014,2,18,9,0,0,30914,20140218,1019.3,4.2,0,79,-136.3,20.2,18.3,26,17.1,19.6,2.7
,2014,2,19,9,0,0,30914,20140219,1018.1,2.9,0,83,-137.1,20.1,11.8,24,17.3,19.8,3
,2014,2,20,9,0,0,30914,20140220,1017.7,4.2,0,75,-138,20.1,20.2,25.5,16.5,18.8,3.6
,2014,2,21,9,0,0,30914,20140221,1015.6,4.7,0,76,-138.7,21.4,21.1,27,17.5,19.9,2.9
,2014,2,22,9,0,0,30914,20140222,1008.3,3.1,0,91,-138.3,21.4,14.6,27.4,17.3,22.3,2.1
,2014,2,23,9,0,0,30914,20140223,1006.2,5.9,0,76,-136.3,21.2,24,25.1,17.9,17.5,4.7
,2014,2,24,9,0,0,30914,20140224,1016.3,4.6,0,65,-137.1,18,25.6,24.3,6.7,10.6,2.4
,2014,2,25,9,0,0,30914,20140225,1017.6,4.6,0,74,-137.9,18.5,25.9,26.1,7.6,13,1.9
,2014,2,26,9,0,0,30914,20140226,1020.4,4.6,0,69,-138.6,19.9,21.9,25.9,11.8,15.5,2.4
,2014,2,27,9,0,0,30914,20140227,1020.4,4.5,0,66,-139.3,19.7,23.2,26.6,11.3,13.7,2
,2014,2,28,9,0,0,30914,20140228,1015.5,4.6,0,87,-140,19.6,21.4,25.4,10.9,16.6,3.7
,2014,3,1,9,0,0,30914,20140301,1014.2,5.1,0,63,-140.3,18.3,26.1,22.9,8.8,11,3.6
,2014,3,2,9,0,0,30914,20140302,1014.1,3.5,0,78,-140.6,17.7,19.9,23,6.8,11.8,2.4
,2014,3,3,9,0,0,30914,20140303,1010.4,3.4,0,86,-140.5,18,17.3,21.9,10.4,16.1,3.9
,2014,3,4,9,0,0,30914,20140304,1011.3,4.3,0,74,-140.1,16.2,22.3,21.4,5.9,11.3,3.8
,2014,3,5,9,0,0,30914,20140305,1006.9,4.1,0,85,-140.2,16.6,20.4,22.4,10.8,13.2,3.7
,2014,3,6,9,0,0,30914,20140306,1017.2,4.4,0,70,-140.6,16.5,25.1,25.5,8.6,12.2,2
,2014,3,7,9,0,0,30914,20140307,1022.6,4.2,0,78,-141,17.3,23.4,25.3,8.9,14.4,2
,2014,3,8,9,0,0,30914,20140308,1022.3,3.9,0,87,-141.5,17.2,20.6,24.5,8.8,14.4,2.5
,2014,3,9,9,0,0,30914,20140309,1021.4,3.6,0,81,-141.5,17.2,19.7,25.1,7.8,13.3,1.6
,2014,3,10,9,0,0,30914,20140310,1025.9,3.7,0,80,-141.9,18.7,18.2,25.8,12,16.8,1.6
,2014,3,11,9,0,0,30914,20140311,1027.2,3.5,0,84,-142.3,18.2,19.2,25.2,11.3,15.6,1.5
,2014,3,12,9,0,0,30914,20140312,1024.8,3.4,0,82,-142.7,19.2,18,25,13.6,16.2,1.4
,2014,3,13,9,0,0,30914,20140313,1025.1,4,0,78,-140.8,18.7,20.1,25.5,12.3,15.6,1.6
,2014,3,14,9,0,0,30914,20140314,1022.7,3,7.9,81,-128.8,18.4,14.9,23.4,10.5,15.5,2.9
,2014,3,15,9,0,0,30914,20140315,1012.8,1.9,16.8,84,-110,19.3,9.1,21.9,14.7,18.9,8.1
,2014,3,16,9,0,0,30914,20140316,1007.8,2.7,0,85,-111.4,19.7,11.8,24.7,18.3,21.4,6
,2014,3,17,9,0,0,30914,20140317,1018.8,3.9,0,79,-111.5,18.5,18.7,25.5,15.8,17.7,3.4
,2014,3,18,9,0,0,30914,20140318,1022.7,3.3,0,93,-113.2,17.7,17.4,25.7,13.1,17.8,2.1
,2014,3,19,9,0,0,30914,20140319,1024.3,4,0,82,-114.9,19,20.5,25.8,14.9,16.6,2.1
,2014,3,20,9,0,0,30914,20140320,1024.4,3,0,88,-116.6,17.4,17.8,23.8,8.2,14.6,2.3
,2014,3,21,9,0,0,30914,20140321,1024.7,3.7,0,76,-118,17.9,17,24.7,10.5,15.2,2.9
,2014,3,22,9,0,0,30914,20140322,1024,3.3,0,71,-119.4,17.1,17.7,23.9,10.2,11.5,1.8
,2014,3,23,9,0,0,30914,20140323,1022.4,3,0,80,-120.8,18,17.3,24.2,11.3,15.9,2.4
,2014,3,24,9,0,0,30914,20140324,1022.9,3.1,0,90,-122.1,17.9,18.1,25.4,11.4,17,1.8
,2014,3,25,9,0,0,30914,20140325,1020,2.9,0,92,-123.1,17.7,14.8,23.3,11.4,17.1,3
,2014,3,26,9,0,0,30914,20140326,1018.1,4.2,0,72,-123.3,17.2,20.6,21.5,12.9,12.5,4.2
,2014,3,27,9,0,0,30914,20140327,1022.4,3.3,0,79,-124.5,16.3,19.4,24.1,8.1,12.8,1.8
,2014,3,28,9,0,0,30914,20140328,1028.1,3.2,0,91,-125.7,15.9,18.7,25.1,7.4,13.9,1.8
,2014,3,29,9,0,0,30914,20140329,1028.9,3,0,85,-126.8,17.1,17.7,24.1,9.8,15,2
,2014,3,30,9,0,0,30914,20140330,1030,3.1,0,92,-127.9,16.5,18.9,25.1,8.6,14.1,1.8
,2014,3,31,9,0,0,30914,20140331,1028.6,3.3,0,89,-128.9,16.9,19.4,26.4,10.5,15.1,1.6
,2014,4,1,9,0,0,30914,20140401,1026.2,2.9,0,91,-129.5,16.8,16.6,25.2,9.2,15.2,1.3
,2014,4,2,9,0,0,30914,20140402,1026.1,2.9,0,85,-129.9,18.1,16.8,24.6,12.3,16.7,1.6
,2014,4,3,9,0,0,30914,20140403,1025.6,1.4,5.3,91,-123.5,17.8,8.8,21.2,12.4,17,1.3
,2014,4,4,9,0,0,30914,20140404,1023.4,2.9,1.5,94,-120.6,16.4,17.4,23.6,10.7,14.8,1.3
,2014,4,5,9,0,0,30914,20140405,1019.9,3.1,0,92,-121.4,16.4,17.7,24.9,10,14.5,1.9
,2014,4,6,9,0,0,30914,20140406,1015.7,3.3,0,87,-122.2,16.5,17.6,27.3,9.6,15,1.5
,2014,4,7,9,0,0,30914,20140407,1012.2,3.1,0,88,-122.9,17.2,15.3,27.4,11.1,16.9,2.2
,2014,4,8,9,0,0,30914,20140408,1010.6,1.9,0,88,-122.3,18.1,8.8,25.4,13.9,18.4,1.6
,2014,4,9,9,0,0,30914,20140409,1012.7,1.4,0,93,-120.4,19.1,6.4,23,17.5,20.5,1.5
,2014,4,10,9,0,0,30914,20140410,1016.2,1.5,8.4,93,-112.3,18.7,6.7,22,16.6,19.6,2
,2014,4,11,9,0,0,30914,20140411,1011.2,1.2,13.3,96,-101.1,17.8,5.6,20.3,15.9,18.2,1.7
,2014,4,12,9,0,0,30914,20140412,1013.2,2.3,2.2,88,-98.6,16.6,11.7,21.8,13.6,16.8,2.7
,2014,4,13,9,0,0,30914,20140413,1021.5,2.1,0,92,-99,16,12.5,22.3,9.6,15,2.5
,2014,4,14,9,0,0,30914,20140414,1024.1,1.9,0,85,-99.9,17.1,9.2,20.7,13.3,15.6,3
,2014,4,15,9,0,0,30914,20140415,1022.8,2.8,0,79,-101.2,17.1,13.6,21.9,15.8,16.4,4
,2014,4,16,9,0,0,30914,20140416,1016.8,2.4,6.8,81,-93.5,17.3,8.6,21.7,15.4,16.9,3.2
,2014,4,17,9,0,0,30914,20140417,1001.6,2.1,10.9,88,-82.6,16.8,6.5,22.8,16.1,17.6,6.9
,2014,4,18,9,0,0,30914,20140418,1008.1,2.4,8.4,85,-71.7,17.4,13,23.8,16.5,18.7,2.9
,2014,4,19,9,0,0,30914,20140419,1007.8,1.7,1.4,91,-71.8,17,8,21.9,14.3,18.7,2.2
,2014,4,20,9,0,0,30914,20140420,1009.7,1.6,10.7,89,-57.6,16.1,7.4,20.6,13.9,16.9,2.9
,2014,4,21,9,0,0,30914,20140421,1012.9,2.1,3.9,86,-53.3,14.9,12.1,20,11.1,14.8,2.9
,2014,4,22,9,0,0,30914,20140422,1019.3,2.1,0,83,-56,14.2,12.7,20.5,9.3,13.3,2.3
,2014,4,23,9,0,0,30914,20140423,1022.3,1.8,0,92,-58,13.4,14.6,19.3,6.2,11.8,1.5
,2014,4,24,9,0,0,30914,20140424,1022.1,0.7,1.1,94,-57.7,12.7,5.8,17.3,5.8,12,1.2
,2014,4,25,9,0,0,30914,20140425,1020.7,1.6,1.4,93,-56.6,14.4,11.3,21.7,10.9,16.7,2.6
,2014,4,26,9,0,0,30914,20140426,1021.9,1.7,0,90,-58.6,14.7,10,18.3,12.2,14.3,2.1
,2014,4,27,9,0,0,30914,20140427,1021,1.8,4.5,89,-55.3,13.1,12.9,18.7,7.6,11.4,1.8
,2014,4,28,9,0,0,30914,20140428,1008,2.2,9,74,-50.1,14.8,12.1,18.1,11.4,12.5,4.6
,2014,4,29,9,0,0,30914,20140429,1006.4,1.8,0,90,-50.3,13,12.3,18,9.8,13.1,2.7
,2014,4,30,9,0,0,30914,20140430,1014.2,1.5,0,92,-52.2,11.8,13.6,18,4.3,10.7,1.1
,2014,5,1,9,0,0,30914,20140501,1015,1.4,0,95,-53.1,11.3,11.8,18.2,3.9,11.3,1.4
,2014,5,2,9,0,0,30914,20140502,1016,1.3,0,94,-53.1,11,11.8,18,3.3,9.9,0.9
,2014,5,3,9,0,0,30914,20140503,1016.3,1.2,0,96,-54.1,11.3,10.2,19.2,5.3,10.9,1
,2014,5,4,9,0,0,30914,20140504,1020.4,1.5,0,96,-54.8,12.5,11.6,21.3,7.7,13.3,1
,2014,5,5,9,0,0,30914,20140505,1018.6,0.5,6.9,83,-50.8,14.3,3.1,19.5,11.3,16.5,2.7
,2014,5,6,9,0,0,30914,20140506,1017.6,1.6,0,91,-51.6,14.6,10.3,21.6,13.3,17.5,2.4
,2014,5,7,9,0,0,30914,20140507,1014.8,1.2,0,96,-51.5,14.2,9.5,20.2,10.4,15.7,1.7
,2014,5,8,9,0,0,30914,20140508,1013.6,1.3,4.8,95,-47.2,14.7,9.1,20,13,15.9,1.3
,2014,5,9,9,0,0,30914,20140509,1009.9,1.3,1.6,92,-46.4,14,8.9,18.1,10.8,14.5,1.5
,2014,5,10,9,0,0,30914,20140510,1014.1,1.3,0,96,-42.1,12.1,10.8,17.6,6,11.2,1.2
,2014,5,11,9,0,0,30914,20140511,1020.4,1.3,0,92,-42.7,11.4,12,18.9,5.9,10.7,0.9
,2014,5,12,9,0,0,30914,20140512,1025.7,1.1,0,95,-43.4,11.3,10.8,19.2,5.2,11.3,1.2
,2014,5,13,9,0,0,30914,20140513,1023.5,1.1,14.8,95,-31.3,12.8,8.9,18.6,9.3,13,1.3
,2014,5,14,9,0,0,30914,20140514,1017.8,1.1,5.6,93,-28.6,13.1,6.7,15.5,10.1,13,1.8
,2014,5,15,9,0,0,30914,20140515,1016.4,1.2,0,92,-30.4,10.7,11.5,16.4,4.4,10.8,2.3
,2014,5,16,9,0,0,30914,20140516,1022.2,1.4,0,90,-31.3,10,11.9,16.9,3.2,9.4,1.5
,2014,5,17,9,0,0,30914,20140517,1026.8,0.9,0,96,-32.2,8.8,8.2,16.5,0.9,8.4,1
,2014,5,18,9,0,0,30914,20140518,1027.6,1,0,97,-33.1,9.2,10.1,17.3,2.4,8.9,0.9
,2014,5,19,9,0,0,30914,20140519,1026.2,1,0,96,-33.7,10.2,8.4,18.6,4.4,10.7,0.8
,2014,5,20,9,0,0,30914,20140520,1024.5,0.9,0,98,-34.7,10.6,7.7,18.3,6.9,11.7,1.2
,2014,5,21,9,0,0,30914,20140521,1018.9,0.8,0,93,-34.2,10.2,6,18,6.6,11.8,2
,2014,5,22,9,0,0,30914,20140522,1015.9,1.2,0,87,-35.2,11.6,9.4,17,8.2,11.6,2
,2014,5,23,9,0,0,30914,20140523,1016.2,1,0,86,-36.2,10.6,6.7,17.4,6.8,12.4,3.2
,2014,5,24,9,0,0,30914,20140524,1012.4,1.3,16.1,84,-19.5,13.3,6,19.8,12.8,16.2,5.6
,2014,5,25,9,0,0,30914,20140525,1011.3,1.3,1.7,90,-20.2,13.5,7.8,18.4,12.3,14.8,2.8
,2014,5,26,9,0,0,30914,20140526,1010.1,1.3,0,79,-22.3,13,8.9,14.3,11.3,11.6,3.5
,2014,5,27,9,0,0,30914,20140527,1028.6,0.9,0,87,-23.2,8.4,11.1,12.7,-1.6,6.2,1
,2014,5,28,9,0,0,30914,20140528,1030.1,0.7,0,91,-24.2,6.9,11,13.7,-2.1,6.2,0.8
,2014,5,29,9,0,0,30914,20140529,1020.5,0.3,3.7,91,-20.2,8,4.3,15.6,0.2,9.7,1.6
,2014,5,30,9,0,0,30914,20140530,1012.2,0.3,2.6,95,-21.1,11.7,3.4,14.9,7.9,15.3,3.3
,2014,5,31,9,0,0,30914,20140531,1019.8,1.1,0,85,-22.2,10.2,10.6,15.9,5.6,9,1.5
,2014,6,1,9,0,0,30914,20140601,1023,0.9,0,93,-22.8,8.6,9.8,16.8,1.9,8.2,1.2
,2014,6,2,9,0,0,30914,20140602,1024,0.7,0,91,-23.2,9.7,4.9,16.7,4.9,10.1,1.3
,2014,6,3,9,0,0,30914,20140603,1028.8,1.1,0,93,-24.1,9.3,8.9,18.5,5.3,10.3,1.2
,2014,6,4,9,0,0,30914,20140604,1032.9,1.2,0,84,-24.9,10.2,10.3,16.8,6.5,10.2,2
,2014,6,5,9,0,0,30914,20140605,1031.5,0.5,0,94,-23.4,8.9,5.5,14.5,3,9.2,0.9
,2014,6,6,9,0,0,30914,20140606,1029.4,0.8,0,96,-25,10.5,8.4,17.8,6.1,11.4,0.9
,2014,6,7,9,0,0,30914,20140607,1028.6,0.9,0,96,-22.5,10.1,9.4,18.5,6.7,11.4,1.3
,2014,6,8,9,0,0,30914,20140608,1027.5,0.7,0,94,-22.4,9.7,6.4,18.2,6.6,11.7,2
,2014,6,9,9,0,0,30914,20140609,1025.8,0.5,26.8,83,-1.1,12.4,3.1,18.1,11,15.4,3.3
,2014,6,10,9,0,0,30914,20140610,1020.4,1.4,56,90,41.6,13.1,1.1,16.4,13.5,14.3,5.7
,2014,6,11,9,0,0,30914,20140611,1008.9,1.1,60.3,85,45.8,12.3,6.6,19,11.8,14.8,6.6
,2014,6,12,9,0,0,30914,20140612,1013.2,1.1,2.2,89,4,12.1,4.6,15.9,10.8,12.4,4.6
,2014,6,13,9,0,0,30914,20140613,1020.1,1.4,0,79,-0.9,10.9,9.8,17.4,8.7,10.2,2.8
,2014,6,14,9,0,0,30914,20140614,1026.4,0.9,0,93,-1.8,9.2,9.9,16.9,3.7,8.9,1
,2014,6,15,9,0,0,30914,20140615,1026.9,0.5,0,97,-1.3,8.2,6.9,13.6,1.4,7.9,0.8
,2014,6,16,9,0,0,30914,20140616,1023.5,0.5,9.4,96,5.6,9.3,3.3,16.3,4,10.4,1.8
,2014,6,17,9,0,0,30914,20140617,1008.6,0.3,4,95,1.8,11.8,5.5,17.7,7.7,15.2,3.8
,2014,6,18,9,0,0,30914,20140618,1009.4,1.1,0,86,0.6,11.9,8.1,16,10.6,12.8,3.4
,2014,6,19,9,0,0,30914,20140619,1007.3,0.8,0,88,0.3,9.9,6.5,15.4,7.2,11.1,2.4
,2014,6,20,9,0,0,30914,20140620,1013.8,0.8,0,83,-0.5,9.6,6.5,14.7,7.3,10.3,2.1
,2014,6,21,9,0,0,30914,20140621,1022,0.7,0,94,-0.8,9.8,6.5,16,7.1,11.5,2.5
,2014,6,22,9,0,0,30914,20140622,1021.8,0.8,0,93,-1,11,6.7,18,10.4,13.6,1.9
,2014,6,23,9,0,0,30914,20140623,1029.1,0.6,0,96,-1.6,9.2,9,16.8,4,9.6,1.2
,2014,6,24,9,0,0,30914,20140624,1027.9,0.5,0,95,-2.7,11.2,5.9,17,7,12.8,1.7
,2014,6,25,9,0,0,30914,20140625,1020.7,0.4,12.5,86,4.2,11.7,2,16.8,10,14,3.3
,2014,6,26,9,0,0,30914,20140626,1013,0.8,0,97,-1.5,13.5,5.8,18.6,13.6,16.3,2.4
,2014,6,27,9,0,0,30914,20140627,1010.7,1,4.1,86,1.6,12.6,5.6,16,10.2,12.2,3.3
,2014,6,28,9,0,0,30914,20140628,1012.2,1.2,0,80,-0.2,11.2,8.2,15.5,8.7,10.6,3.6
,2014,6,29,9,0,0,30914,20140629,1020.7,0.8,1.1,96,0.8,9.1,9,15.2,2.8,8.4,1.1
,2014,6,30,9,0,0,30914,20140630,1014.8,0.3,2.6,83,2.5,10.9,1.7,16.1,5.6,12.6,3.5
,2014,7,1,9,0,0,30914,20140701,1003.5,0.8,1.6,97,1.4,11.1,5.1,15.4,9.5,12.7,2.1
,2014,7,2,9,0,0,30914,20140702,997.2,0.9,7.9,84,8.2,10.1,6.4,12.2,7.4,10.1,3.8
,2014,7,3,9,0,0,30914,20140703,999.8,0.8,0,89,-1.5,8.2,9.1,12.3,2,7.7,2.1
,2014,7,4,9,0,0,30914,20140704,1004.1,0.9,0,92,-2.6,8.1,9,13.6,3.3,8.8,1.9
,2014,7,5,9,0,0,30914,20140705,1008.3,0.4,1.7,84,-1.6,9.5,5.1,16.1,5.1,12.8,4.8
,2014,7,6,9,0,0,30914,20140706,1016.4,0.9,0,94,-2.7,8.5,8.5,15.4,4.2,9.2,1.2
,2014,7,7,9,0,0,30914,20140707,1025.7,1.3,0,83,-3.7,9.2,7.8,14.8,6.9,9.6,4.7
,2014,7,8,9,0,0,30914,20140708,1024.8,1.8,2,79,-1.5,9.9,3.6,13.5,9.4,9.9,6.2
,2014,7,9,9,0,0,30914,20140709,1014.3,1.9,7,77,4,10.3,3,14.8,10.9,10.9,8.9
,2014,7,10,9,0,0,30914,20140710,1020.1,1.4,2.3,82,0.8,11.3,4.5,15.3,12.3,12.5,7.3
,2014,7,11,9,0,0,30914,20140711,1022.8,1.9,0,79,-0.6,11.2,8.7,16.3,12,11.9,5.6
,2014,7,12,9,0,0,30914,20140712,1014,0.7,46.1,83,40.3,11.9,1.5,14.5,12.3,13.2,5.4
,2014,7,13,9,0,0,30914,20140713,1010.1,0.7,0,96,0.6,10.9,8.7,16.7,8,12.6,1.3
,2014,7,14,9,0,0,30914,20140714,1008.1,0.5,0,98,-1.5,11.1,5.9,15,7.6,11.8,0.9
,2014,7,15,9,0,0,30914,20140715,1012.5,1,0,92,-1.2,9.3,10.3,14.6,4.9,9.3,1.7
,2014,7,16,9,0,0,30914,20140716,1018.3,1,0,90,-3.4,7.7,10.7,13.1,0.3,7.1,1.2
,2014,7,17,9,0,0,30914,20140717,1015,1,0,85,-4.3,8,8.3,11.9,3,7.1,1.6
,2014,7,18,9,0,0,30914,20140718,1010.3,0.9,0,90,-5.3,6.2,11,11.7,-1.4,6.3,1.1
,2014,7,19,9,0,0,30914,20140719,1005,1,0,95,-6.3,5.7,8.3,13,-2.1,6.3,2.8
,2014,7,20,9,0,0,30914,20140720,994,0.6,7.5,80,0.8,8.5,6.3,15.6,0.6,10,3.2
,2014,7,21,9,0,0,30914,20140721,1000.5,1.1,0,86,-1.2,9.2,9.1,13.5,6.5,9.2,2.4
,2014,7,22,9,0,0,30914,20140722,1008,1.2,0,81,-2.3,7.5,11.6,11,1.1,6.5,2.7
,2014,7,23,9,0,0,30914,20140723,1007.7,1.1,0,84,-3.2,5.9,11.1,14.5,-1.6,6.5,2.1
,2014,7,24,9,0,0,30914,20140724,1012.1,1,0,93,-4.2,6.1,10.8,14.6,1.2,7.6,1.4
,2014,7,25,9,0,0,30914,20140725,1015.3,0.8,0,91,-5.1,7.2,8.3,14.6,3.8,10.3,2.9
,2014,7,26,9,0,0,30914,20140726,1024,1,0,92,-6,6.2,11.1,13.8,0.6,7.4,1.8
,2014,7,27,9,0,0,30914,20140727,1022,1.1,0,94,-6.5,7.2,10.7,14,3.5,9.1,1.4
,2014,7,28,9,0,0,30914,20140728,1025.5,1,0,92,-7.8,5.8,11.9,14.2,-1.4,6.7,1
,2014,7,29,9,0,0,30914,20140729,1025,0.9,3.3,93,-3.7,5.9,8.7,14.6,0.3,7.6,1.5
,2014,7,30,9,0,0,30914,20140730,1021.7,0.6,1.1,93,-3.9,9.5,8,17,3.9,13.2,2.5
,2014,7,31,9,0,0,30914,20140731,1025.2,1.1,0,95,-6.3,9.6,9.7,17.9,8.1,13,1.9
,2014,8,1,9,0,0,30914,20140801,1029.6,1,0,96,-7.7,9.6,8.8,18.1,6.9,11.8,1.2
,2014,8,2,9,0,0,30914,20140802,1026.3,1.3,1.7,84,-5.4,12.4,7.8,19.4,10.5,15.2,4.6
,2014,8,3,9,0,0,30914,20140803,1017.4,0.4,7.8,96,3.5,13.5,2.9,15,14,15.7,3.6
,2014,8,4,9,0,0,30914,20140804,1020.5,0.9,2.9,97,-0.3,10.4,7.3,13.7,6.2,10.7,1.4
,2014,8,5,9,0,0,30914,20140805,1018.9,1.4,0,83,-2.5,9.6,9.2,14.7,5.1,8.8,2.7
,2014,8,6,9,0,0,30914,20140806,1016,1.2,1.3,80,-2,9.8,7.9,14.1,7.6,11,3.2
,2014,8,7,9,0,0,30914,20140807,1018.4,0.9,1.1,83,-2.3,8.8,9.3,14,2.8,9.9,2.8
,2014,8,8,9,0,0,30914,20140808,1015.2,1.9,0,73,-3.2,9.9,10.5,14.9,8.4,9.5,4.2
,2014,8,9,9,0,0,30914,20140809,1023.4,1.4,0,81,-4.9,7.7,13.7,11.6,0.8,7.1,2.4
,2014,8,10,9,0,0,30914,20140810,1027,0.9,0,91,-6.3,6.4,8.4,13.1,-0.9,6.9,1.2
,2014,8,11,9,0,0,30914,20140811,1022.5,1.1,3.9,93,-2.7,8,9.5,15.1,3.2,10.1,2.3
,2014,8,12,9,0,0,30914,20140812,1010.7,1.2,12.6,90,6,10.5,9.9,15,8.9,12.9,4.4
,2014,8,13,9,0,0,30914,20140813,1012.9,1.5,9.4,85,6.6,8.4,10.8,13.3,4.2,8.7,2.9
,2014,8,14,9,0,0,30914,20140814,1007.6,1.9,2,78,0.6,8.7,10.6,13.2,5.9,8.5,4.9
,2014,8,15,9,0,0,30914,20140815,1010.1,1.6,0,84,-2.2,7.6,13.7,14.1,0.5,7.4,3
,2014,8,16,9,0,0,30914,20140816,1014.8,1.8,0,77,-3.7,8.3,14.1,15.7,5.2,9.3,2.9
,2014,8,17,9,0,0,30914,20140817,1022,1.5,0,93,-5.2,7.6,13.7,15.3,1,7.9,0.9
,2014,8,18,9,0,0,30914,20140818,1025.9,1,0,94,-6.5,7.9,9.6,14.6,2.5,9.2,1.1
,2014,8,19,9,0,0,30914,20140819,1022.7,0.7,14.4,86,10.2,9,4.7,14.3,5,10.7,2.6
,2014,8,20,9,0,0,30914,20140820,1004.9,1.1,7.2,93,5.6,11.1,9.4,17.4,10.1,14,3.1
,2014,8,21,9,0,0,30914,20140821,1005.7,1.7,0,84,-1.8,11.5,10.1,16.8,10.6,12.2,2.2
,2014,8,22,9,0,0,30914,20140822,1026.9,1.9,0,72,-3.3,8.1,15.9,13.2,-0.2,6.3,2.1
,2014,8,23,9,0,0,30914,20140823,1030.7,1.8,0,83,-4.8,7.6,15.4,16.5,0.5,7.9,1.6
,2014,8,24,9,0,0,30914,20140824,1032.3,1.8,0,87,-6.3,7.8,15.6,17.2,1.7,8.4,1.2
,2014,8,25,9,0,0,30914,20140825,1032.4,1.8,0,83,-7.8,8,15.7,15.6,2.8,8.3,1.4
,2014,8,26,9,0,0,30914,20140826,1030.4,1.7,0,71,-9.3,9.7,11.2,14.8,7.5,8.6,1.6
,2014,8,27,9,0,0,30914,20140827,1031.6,1.7,0,76,-10.8,9.3,11.8,13.6,5,8.7,2.3
,2014,8,28,9,0,0,30914,20140828,1033.9,2.1,0,72,-12.4,9.9,12.1,14.5,7.3,8.6,3.6
,2014,8,29,9,0,0,30914,20140829,1033.2,2.2,0,72,-13.8,10,9.3,15.2,7.7,9.5,3.7
,2014,8,30,9,0,0,30914,20140830,1029.7,2.2,0,72,-14.7,10.4,8.2,13.9,9.1,9.1,5.1
,2014,8,31,9,0,0,30914,20140831,1023.1,2.2,1.8,70,-13.7,10.7,6.7,13.9,10.6,9.6,7.4
,2014,9,1,9,0,0,30914,20140901,1013.7,1.2,6.8,89,-9.7,10.7,5.6,14.3,9.5,11.2,3.3
,2014,9,2,9,0,0,30914,20140902,1009.4,2.1,3.2,77,-7.2,10.9,12.6,19.7,9.6,11.5,2
,2014,9,3,9,0,0,30914,20140903,1013.4,1.6,0,95,-8.3,10.9,13.9,18.3,7.3,12.9,1.3
,2014,9,4,9,0,0,30914,20140904,1012.5,1.5,8.8,90,-3.4,12.3,9.8,16.9,10.4,13.8,2.7
,2014,9,5,9,0,0,30914,20140905,1004.9,1.7,1.3,90,-5.2,13,9.8,18.2,13.3,14.5,3.9
,2014,9,6,9,0,0,30914,20140906,1003.9,1.9,0,85,-7.4,13.2,12.2,17.9,11.8,14,3.8
,2014,9,7,9,0,0,30914,20140907,1016.2,2.6,0,80,-9.7,11.9,17.8,19.4,7.5,11.1,1.8
,2014,9,8,9,0,0,30914,20140908,1022.6,1.9,0,85,-12,11.6,12.1,16.8,6.7,11,1.9
,2014,9,9,9,0,0,30914,20140909,1028.6,2.1,0,83,-14.2,10.8,15.6,17.8,5.9,10.7,1.5
,2014,9,10,9,0,0,30914,20140910,1028.2,1.6,0,89,-16.2,12,12.7,16.7,7.3,11.7,1.8
,2014,9,11,9,0,0,30914,20140911,1027.9,1.6,2.2,88,-12.6,11.2,12.7,17.3,7.2,12.2,2.3
,2014,9,12,9,0,0,30914,20140912,1024,1.2,13.1,88,-2.2,12,9.6,17.8,8.8,14.6,3.2
,2014,9,13,9,0,0,30914,20140913,1011.7,1.9,2.6,93,-3.6,13.6,9.9,19.4,13.8,15.3,2.8
,2014,9,14,9,0,0,30914,20140914,1005.9,2.1,0,88,-6,13.3,10.8,16,11.6,12.8,4.2
,2014,9,15,9,0,0,30914,20140915,1014.5,2.3,0,81,-7.8,11.4,15.7,17.3,6.4,11.3,2.3
,2014,9,16,9,0,0,30914,20140916,1011.2,1.6,0,90,-9,12.1,9.4,17,9.4,13.7,3.6
,2014,9,17,9,0,0,30914,20140917,1012.9,2.5,6.4,82,-1.4,11.7,16.6,16.2,8.9,12.2,3.5
,2014,9,18,9,0,0,30914,20140918,1017.8,1.1,8.6,92,0.7,11.4,6.9,15.6,8.2,12.2,1.5
,2014,9,19,9,0,0,30914,20140919,1005.9,2.3,10,93,4.8,12.7,13.9,17.9,11.3,14.8,3.9
,2014,9,20,9,0,0,30914,20140920,1000.6,2.2,19.3,85,12.8,11.7,13.4,15.4,8.5,11.6,4
,2014,9,21,9,0,0,30914,20140921,1000.7,1.7,6.3,89,4.3,10.8,12.7,13.9,4.6,10.3,2
,2014,9,22,9,0,0,30914,20140922,996.5,2.6,1.7,87,-0.1,11.2,15.9,14.6,7.6,11.4,5.2
,2014,9,23,9,0,0,30914,20140923,1019.3,2.9,0,67,-3.8,9.1,18.2,15.9,1.6,7.4,3.7
,2014,9,24,9,0,0,30914,20140924,1018.3,3.5,0,71,-5.7,11.6,19.8,18.1,9.6,11.7,4.3
,2014,9,25,9,0,0,30914,20140925,1019.6,3,0,85,-7.2,11.5,20.7,18.3,6.1,12.1,2.7
,2014,9,26,9,0,0,30914,20140926,1018.3,2.8,0,75,-9.8,11.7,16.6,18,7.5,11.3,2.4
,2014,9,27,9,0,0,30914,20140927,1014.1,1.8,1.6,87,-10,11.8,14.3,17.3,6.1,12.2,2.1
,2014,9,28,9,0,0,30914,20140928,1005.7,3.1,0,83,-11.8,13.6,14.3,18.8,12.8,15.2,3.7
,2014,9,29,9,0,0,30914,20140929,1015.4,3.4,0,64,-13.3,13.2,16.5,16.6,9.9,9.5,5.2
,2014,9,30,9,0,0,30914,20140930,1017.1,3.1,0,77,-15.6,12.7,17.5,19,8.1,10.5,2.7
,2014,10,1,9,0,0,30914,20141001,1012.7,3.8,0,62,-15.8,12.8,21.3,19.8,7.6,9.8,2.8
,2014,10,2,9,0,0,30914,20141002,1007.4,2.2,0,80,-17,12.5,11.3,17.3,7.7,11.4,3.1
,2014,10,3,9,0,0,30914,20141003,999.1,2.7,4.9,79,-15.5,12.5,11.7,15.3,9.2,11.5,5.5
,2014,10,4,9,0,0,30914,20141004,1003.4,2.7,0,78,-18.1,11.1,15.8,12.9,6.4,9,5.8
,2014,10,5,9,0,0,30914,20141005,1016.7,2.3,1.3,75,-18.2,10.7,13.6,15.9,5.8,10,3.7
,2014,10,6,9,0,0,30914,20141006,1011.2,2.9,2.2,78,-18.1,12.2,9.9,17.5,10.1,12.8,6.8
,2014,10,7,9,0,0,30914,20141007,1015.7,4,0,65,-21.3,11.3,23,16.7,7.5,9.4,5
,2014,10,8,9,0,0,30914,20141008,1016.6,1.7,1.1,81,-22.3,11.5,8.7,17.7,6.6,11.7,3.4
,2014,10,9,9,0,0,30914,20141009,1013.9,3.1,0,85,-25.4,13.1,18.4,17.7,11,13.3,3.8
,2014,10,10,9,0,0,30914,20141010,1016.1,3,0,83,-28.8,12.6,19.7,18.2,6.8,12,2.7
,2014,10,11,9,0,0,30914,20141011,1015.2,3.7,0,74,-31.8,13.1,22,18.6,10,10.7,2.6
,2014,10,12,9,0,0,30914,20141012,1016.6,3.2,0,86,-34.9,13.3,21,19.2,7.1,12.5,1.8
,2014,10,13,9,0,0,30914,20141013,1019.9,2.5,0,88,-37.3,13.7,17.1,18.7,7.5,13.2,1.4
,2014,10,14,9,0,0,30914,20141014,1023.3,2.6,0,82,-40.3,14.1,17.4,19.1,7.6,13.5,2.2
,2014,10,15,9,0,0,30914,20141015,1027.2,3.8,0,83,-43.3,13.7,22.7,22.2,7.7,12.9,1.8
,2014,10,16,9,0,0,30914,20141016,1028,2.2,0,92,-46.3,14.5,15,19.8,7.7,14.5,2
,2014,10,17,9,0,0,30914,20141017,1025.2,3.3,0,70,-50,14.9,17.4,20,11.4,12.5,3
,2014,10,18,9,0,0,30914,20141018,1022.7,2.3,9.8,81,-40.4,15.6,11,19.4,14.3,15.2,3
,2014,10,19,9,0,0,30914,20141019,1019.6,3.3,3.9,90,-35,15.3,18.3,19.8,13.1,14.9,2.1
,2014,10,20,9,0,0,30914,20141020,1016.1,3.2,0,83,-38,14.6,20.1,17.9,8.5,13.6,2.9
,2014,10,21,9,0,0,30914,20141021,1018.8,2.9,0,77,-40.9,14.5,18.1,19.4,9.4,12.1,1.3
,2014,10,22,9,0,0,30914,20141022,1021,2,0,83,-42,15.3,12,18.2,10.5,14.1,1.4
,2014,10,23,9,0,0,30914,20141023,1018.5,3.1,0,86,-43.5,15.6,15.6,19.1,12.5,14.5,2.5
,2014,10,24,9,0,0,30914,20141024,1013.8,4.5,0,77,-47.1,15.4,22.5,18.4,11.5,12.6,4.4
,2014,10,25,9,0,0,30914,20141025,1024.1,4.1,0,56,-50.1,13.1,28.4,16.7,2.5,6.9,2
,2014,10,26,9,0,0,30914,20141026,1020,2.7,0,75,-53.2,13.4,16.8,17.2,4.6,11,3.5
,2014,10,27,9,0,0,30914,20141027,1013.3,2.1,4,79,-51.1,14,8.7,17.6,11.1,12.9,4.3
,2014,10,28,9,0,0,30914,20141028,1010.7,2.1,1.8,86,-51.1,14.4,11.6,18.8,13,15.2,2.5
,2014,10,29,9,0,0,30914,20141029,1004.7,3.5,3.1,88,-50,15.7,15,19.4,14.7,15.8,5
,2014,10,30,9,0,0,30914,20141030,1005.3,3.8,2,74,-49.2,14.1,20,17.3,9.5,11.7,6.2
,2014,10,31,9,0,0,30914,20141031,1014.1,3.2,0,75,-52.1,14.3,18,18.2,9.8,12.6,5.1
,2014,11,1,9,0,0,30914,20141101,1020,4.7,0,73,-55.9,14.8,27.6,20.6,10.4,13.3,3.6
,2014,11,2,9,0,0,30914,20141102,1019.9,3.8,0,78,-59.7,15.6,21.7,21.2,10.7,14.5,2.7
,2014,11,3,9,0,0,30914,20141103,1011.4,2.1,3.6,93,-58.8,16.3,12.3,18.6,13.8,17.3,3.9
,2014,11,4,9,0,0,30914,20141104,1018.4,2.7,1.6,80,-60.2,14.2,17.1,17.9,7.3,13.1,1.7
,2014,11,5,9,0,0,30914,20141105,1016.8,3.5,6.1,73,-57.1,14,23.1,17.6,5.4,11.1,1.7
,2014,11,6,9,0,0,30914,20141106,1013.9,3.3,2,80,-58,13.8,19.3,16.6,6.6,10.5,2.3
,2014,11,7,9,0,0,30914,20141107,1021,4.1,0,70,-61.7,13.2,24.9,17.2,5.9,10.2,3.5
,2014,11,8,9,0,0,30914,20141108,1023.1,4.3,0,72,-65.5,13.3,28.1,20,4.7,11.1,2.1
,2014,11,9,9,0,0,30914,20141109,1024,4.4,0,80,-69.1,14.4,29.8,20.8,6,13,1.9
,2014,11,10,9,0,0,30914,20141110,1018.9,3.6,0,79,-72.7,14.5,22.6,20.4,6.5,13.5,2.8
,2014,11,11,9,0,0,30914,20141111,1008.6,3,11.1,70,-58.6,15.6,13.5,19.2,11.2,13.2,3.8
,2014,11,12,9,0,0,30914,20141112,998.6,4.2,4.7,66,-57.3,14.8,21.6,16.2,9.2,10.5,5.4
,2014,11,13,9,0,0,30914,20141113,998.8,4.1,0,80,-65.5,13.3,24.9,17.3,7,10.4,3.8
,2014,11,14,9,0,0,30914,20141114,1009.8,3.6,0,70,-69.7,13.8,20.9,17.7,8.7,11.9,4.2
,2014,11,15,9,0,0,30914,20141115,1007.4,2.7,2,68,-69.8,14.8,9.5,18.4,11.8,12.6,5.8
,2014,11,16,9,0,0,30914,20141116,1004.4,4.4,2.1,66,-69.6,14.4,23.4,18.7,10.7,11.7,4.6
,2014,11,17,9,0,0,30914,20141117,1006.7,1.8,4.9,85,-65.5,14.1,6,19.1,8.4,12.8,3.3
,2014,11,18,9,0,0,30914,20141118,1009.8,4.8,4.4,72,-61.4,14.5,25.2,19.6,11.7,13,5.3
,2014,11,19,9,0,0,30914,20141119,1012.2,4.1,0,72,-65.1,13.9,22.4,19.2,7.5,12.5,4.5
,2014,11,20,9,0,0,30914,20141120,1015.9,4.5,0,64,-68.8,14,25.2,18,8.3,10.3,4.4
,2014,11,21,9,0,0,30914,20141121,1021,3.7,0,72,-72.3,14.8,21.4,19.7,10,13.2,3.9
,2014,11,22,9,0,0,30914,20141122,1018.2,2.9,0,88,-75.9,16,15.5,21.7,12.7,17.6,4.3
,2014,11,23,9,0,0,30914,20141123,1019.4,4.9,0,73,-79,16.3,25.2,21.6,13.5,14.3,2.6
,2014,11,24,9,0,0,30914,20141124,1019.7,2.7,0,79,-82.3,16.3,15.8,19.5,7.6,13.4,1.7
,2014,11,25,9,0,0,30914,20141125,1016.8,3.5,0,88,-85.6,17.9,17.2,23.6,14.5,19.2,3
,2014,11,26,9,0,0,30914,20141126,1013.6,4.3,0,84,-88.6,18.3,23.1,22,16.4,18.5,3.8
,2014,11,27,9,0,0,30914,20141127,1015.3,5.3,1.8,67,-88.7,17.1,30.8,21.2,9.6,12.9,3.7
,2014,11,28,9,0,0,30914,20141128,1009.2,3.5,3.9,92,-87.4,17.3,17,19.5,12.6,15.1,3.6
,2014,11,29,9,0,0,30914,20141129,1012.3,4.6,0,68,-90.4,15.5,26.6,17.9,8.1,11.1,4.2
,2014,11,30,9,0,0,30914,20141130,1011.7,4.9,0,69,-92.6,15.7,25.7,19.5,10.6,12.2,4.7
,2014,12,1,9,0,0,30914,20141201,1010.4,4.2,0,76,-95.6,15.7,25.3,17.9,8.9,11.7,3.5
,2014,12,2,9,0,0,30914,20141202,1020.4,5.3,0,56,-98.8,14.9,33.2,19.5,5,8.4,2.4
,2014,12,3,9,0,0,30914,20141203,1026.7,5.3,0,66,-101.9,15.3,33.1,21.1,5.6,11,2.4
,2014,12,4,9,0,0,30914,20141204,1024.9,4.2,0,64,-104.8,16.1,21.3,19.7,9.1,11.5,3.8
,2014,12,5,9,0,0,30914,20141205,1021.5,2.9,0,82,-107.6,16.5,14.1,20,12.8,15.7,3.9
,2014,12,6,9,0,0,30914,20141206,1023.7,5.4,0,75,-110.1,17.4,28.2,23,13.7,15,2.4
,2014,12,7,9,0,0,30914,20141207,1021.7,5.5,0,70,-112.5,17.4,29.3,23,12.2,15.4,4
,2014,12,8,9,0,0,30914,20141208,1023.4,6.1,0,63,-112.9,18.7,27.3,24.6,17.1,15,2.3
,2014,12,9,9,0,0,30914,20141209,1021.7,2.3,0,86,-114.6,18.6,10.5,20.7,16,17.4,2.7
,2014,12,10,9,0,0,30914,20141210,1012.9,3.9,5.4,76,-110.4,18.6,16.4,23.6,15.8,16.8,3.4
,2014,12,11,9,0,0,30914,20141211,1009.7,2.7,2.8,90,-109.4,19,12.1,22.4,17.1,19.4,2.9
,2014,12,12,9,0,0,30914,20141212,1010.8,2.7,0,77,-111.7,18.4,13.9,19,14.2,14.7,2.5
,2014,12,13,9,0,0,30914,20141213,1013.6,3.3,0,78,-112.4,16.9,19.7,20.1,9.4,13.6,1.5
,2014,12,14,9,0,0,30914,20141214,1012.5,2.2,16.9,92,-98.9,16.3,7.2,16.4,13.7,14.6,6.4
,2014,12,15,9,0,0,30914,20141215,1011.7,5,0,68,-101.8,16.3,24.1,20.8,13.4,13.3,4.3
,2014,12,16,9,0,0,30914,20141216,1016.8,5.3,0,65,-102.4,16.6,23.4,18.7,12.2,12.2,6.3
,2014,12,17,9,0,0,30914,20141217,1012.1,1.8,14.7,84,-90.8,16.2,7.4,19.6,14.6,16.3,7
,2014,12,18,9,0,0,30914,20141218,1013.8,3.4,3.4,93,-86.7,17.7,17.4,22.4,16.6,20.2,3.6
,2014,12,19,9,0,0,30914,20141219,1019.5,5.5,0,76,-89.1,18.3,30,26.1,13.8,17.9,1.8
,2014,12,20,9,0,0,30914,20141220,1017.1,2.9,2,83,-89.6,19.2,17,23.7,14.6,20.2,2.4
,2014,12,21,9,0,0,30914,20141221,1013.8,5.4,2,83,-89.6,19.8,26,25,18.1,20.4,3.1
,2014,12,22,9,0,0,30914,20141222,1019.9,5.5,0,75,-94,19.2,29,24.2,12.1,16.2,2.2
,2014,12,23,9,0,0,30914,20141223,1024.6,5.1,0,78,-97.4,19.1,29.5,23.8,11.6,16.8,2.4
,2014,12,24,9,0,0,30914,20141224,1027.4,4.3,0,77,-99.9,19.4,22.3,22.2,14.7,17.3,2.5
,2014,12,25,9,0,0,30914,20141225,1026.7,4,0,70,-102.9,19,20.4,22.9,13.4,15.6,1.7
,2014,12,26,9,0,0,30914,20141226,1026.8,4.6,0,67,-105.8,19.1,25.9,22.7,13.6,15,2.4
,2014,12,27,9,0,0,30914,20141227,1026.2,4.4,0,71,-107.1,19.3,22.4,23.2,13.7,15.9,2.3
,2014,12,28,9,0,0,30914,20141228,1025.9,4.2,0,71,-109.4,19.3,21,24,13.4,16.4,1.4
,2014,12,29,9,0,0,30914,20141229,1026,5,0,73,-110.6,19.9,24.9,24.9,15.5,17.3,1.8
,2014,12,30,9,0,0,30914,20141230,1021.8,5.7,0,63,-112.1,20.1,32.7,23.9,13.3,15.3,2.7
,2014,12,31,9,0,0,30914,20141231,1015.8,4.3,2.6,67,-110.8,19.4,20.7,23.5,11.6,15.3,2.6
,2015,1,1,9,0,0,30914,20150101,1015.4,6.4,0,69,-112.6,19.6,31.1,23.5,16,15.2,3.2
,2015,1,2,9,0,0,30914,20150102,1021.8,5.4,0,72,-115.5,19.6,29.6,24.7,12.4,16.1,1.8
,2015,1,3,9,0,0,30914,20150103,1023.4,5.3,0,76,-118.2,19.6,28.6,25.2,12.2,16.1,1.7
,2015,1,4,9,0,0,30914,20150104,1024.8,5.2,0,76,-120.3,20.1,28.2,25.9,14.1,18.7,1.8
,2015,1,5,9,0,0,30914,20150105,1023,5.2,0,81,-122.4,20.3,26.4,25.4,14,18.8,2.1
,2015,1,6,9,0,0,30914,20150106,1021.8,5.7,0,76,-126.4,19.6,30.3,25.8,11.2,16.9,2.3
,2015,1,7,9,0,0,30914,20150107,1019,5.3,0,81,-125.9,20,26.5,26.6,12.3,18.6,2.5
,2015,1,8,9,0,0,30914,20150108,1019.1,4.8,11.1,66,-112.8,20.2,23.7,25.3,12.4,16.3,2.3
,2015,1,9,9,0,0,30914,20150109,1023.8,4.3,0,89,-115.4,20.2,23.1,24.1,15.6,17.9,2.2
,2015,1,10,9,0,0,30914,20150110,1023.1,5.4,0,81,-117.9,20.3,27.6,26.7,16.3,19.3,2.3
,2015,1,11,9,0,0,30914,20150111,1019.3,6,0,74,-120.2,20.6,30.2,25.7,13.5,17.5,2.6
,2015,1,12,9,0,0,30914,20150112,1016.1,5.2,0,76,-122.4,20.2,26.2,26.2,11.7,18.2,3
,2015,1,13,9,0,0,30914,20150113,1015.4,5.7,0,76,-124.5,20.6,29,27.9,14.2,18.3,1.8
,2015,1,14,9,0,0,30914,20150114,1013.4,5.7,0,75,-126.4,21,29.5,26.4,13.5,17.5,1.7
,2015,1,15,9,0,0,30914,20150115,1010.5,5.7,0,73,-128.1,21.1,29,27.2,13.6,18.1,1.7
,2015,1,16,9,0,0,30914,20150116,1010.3,5.5,0,70,-129.8,21.4,27.3,26.5,14.7,17.7,1.9
,2015,1,17,9,0,0,30914,20150117,1009,4,1.6,74,-128.8,21.5,18.8,26.1,15.7,19.2,1.9
,2015,1,18,9,0,0,30914,20150118,1008.5,6.5,0,72,-130.3,21.1,31.5,27.1,15.3,16.6,2.9
,2015,1,19,9,0,0,30914,20150119,1008.7,6,0,72,-131.7,21.4,28.8,26.9,16.8,18.4,2.7
,2015,1,20,9,0,0,30914,20150120,1015.3,4.7,0,81,-133,20.5,22.8,26.3,13.4,18.7,1.9
,2015,1,21,9,0,0,30914,20150121,1019.9,5.9,0,65,-134.2,20.4,28.4,25.8,12.9,14,2.3
,2015,1,22,9,0,0,30914,20150122,1020.6,6.1,0,56,-135.3,20,30.1,25.5,11.9,13.1,3.1
,2015,1,23,9,0,0,30914,20150123,1022.5,5.3,0,68,-136.4,21,24.3,26.7,15.5,16.4,1.8
,2015,1,24,9,0,0,30914,20150124,1022.5,6,0,77,-137.4,21.2,28.4,28.7,15.1,18.7,1.7
,2015,1,25,9,0,0,30914,20150125,1022.2,5.9,0,73,-138.4,21.4,29.7,26.7,14.9,18.9,2.1
,2015,1,26,9,0,0,30914,20150126,1018.8,6.1,0,65,-139.2,21.5,28.6,26.1,15.7,15.2,1.9
,2015,1,27,9,0,0,30914,20150127,1011.8,4.7,0,58,-139.8,21.3,21.3,26.2,15,14,2.4
,2015,1,28,9,0,0,30914,20150128,1009.9,5.8,0,67,-140.6,21.2,28.1,26.3,15.6,17.3,3.2
,2015,1,29,9,0,0,30914,20150129,1012.4,6.3,0,66,-141.4,21.2,30.1,26.7,16.8,17.7,3.8
,2015,1,30,9,0,0,30914,20150130,1013.1,5.1,0,71,-142,21.9,23,27.2,17.4,19.9,2.7
,2015,1,31,9,0,0,30914,20150131,1014.9,3.1,0,78,-142.1,21.9,14.3,25.6,17.6,20.6,2
,2015,2,1,9,0,0,30914,20150201,1014.3,2.3,6,79,-131.2,21.4,10.9,23.7,18.5,20.3,1.7
,2015,2,2,9,0,0,30914,20150202,1011.2,4.1,7.1,90,-127.8,20.9,17.7,27.2,18.4,21.6,3.2
,2015,2,3,9,0,0,30914,20150203,1008.1,5.5,2.1,76,-127.7,21.6,23.1,26.8,18.8,20.4,4.3
,2015,2,4,9,0,0,30914,20150204,1009.6,2.3,3.8,79,-124.8,20,13.7,22.3,11.8,17,2.2
,2015,2,5,9,0,0,30914,20150205,1007.7,5.4,0,76,-125.9,19.9,24,23,15.4,16.8,4.1
,2015,2,6,9,0,0,30914,20150206,1003.4,4.8,0,76,-127.1,19.5,20.8,21.6,15.5,15.9,6.5
,2015,2,7,9,0,0,30914,20150207,1014.9,5.2,0,62,-128.4,17.8,29.2,23.5,8.9,11.3,2.5
,2015,2,8,9,0,0,30914,20150208,1021.8,4.3,0,79,-129.6,18,25.3,24.9,9.1,15.3,1.9
,2015,2,9,9,0,0,30914,20150209,1020.6,2.7,0,84,-130.8,18.8,13.4,24.1,12.1,17.9,2.6
,2015,2,10,9,0,0,30914,20150210,1024.5,4.2,0,76,-131.8,19,18.5,24.1,14.9,16.2,3.2
,2015,2,11,9,0,0,30914,20150211,1031.9,4.6,0,58,-132.8,17.6,21.5,22.5,10.1,11.3,3.5
,2015,2,12,9,0,0,30914,20150212,1029.1,3.9,0,66,-133.7,17.9,20,23.5,12.5,13.5,2.6
,2015,2,13,9,0,0,30914,20150213,1022.2,4.5,0,71,-134.7,18.3,22,24.7,12.7,14.8,2.1
,2015,2,14,9,0,0,30914,20150214,1021.5,4.9,0,69,-135.3,18.5,23.1,25.9,13.5,14.8,2.4
,2015,2,15,9,0,0,30914,20150215,1025.3,4.8,0,61,-136.1,18.8,22.3,25.1,14.4,12.1,2.3
,2015,2,16,9,0,0,30914,20150216,1024.3,4.4,0,64,-134.5,18.9,21,24.6,14.3,13.9,2.4
,2015,2,17,9,0,0,30914,20150217,1026.2,4.1,0,84,-135.4,18.2,20.9,24.9,13.5,17.6,1.9
,2015,2,18,9,0,0,30914,20150218,1026.8,4.8,0,88,-136.3,18.3,26.5,27.2,11.7,17.4,1.6
,2015,2,19,9,0,0,30914,20150219,1025.2,5.1,0,84,-137,18.5,27.5,27.3,9.9,16.5,2.2
,2015,2,20,9,0,0,30914,20150220,1022.3,4.4,0,84,-137.3,18.6,24.3,26.6,11.6,17.3,1.6
,2015,2,21,9,0,0,30914,20150221,1023.4,3,1.7,85,-136.9,19.1,16.4,25,13.4,19.2,2
,2015,2,22,9,0,0,30914,20150222,1023.9,3.3,0,90,-132.5,19.9,13.5,24.7,17.4,20,1.8
,2015,2,23,9,0,0,30914,20150223,1024.3,2.9,1.6,84,-133.5,19.2,14,23.2,13.9,18.8,3
,2015,2,24,9,0,0,30914,20150224,1021.7,4,0,75,-134.4,18.8,20.9,23.7,15.4,16.1,3.2
,2015,2,25,9,0,0,30914,20150225,1014.9,4,0,80,-135.3,18.7,21.2,25.5,12.3,16.9,2.3
,2015,2,26,9,0,0,30914,20150226,1013.6,3.9,2,83,-134.4,18.6,18.7,25.7,12,17.6,1.8
,2015,2,27,9,0,0,30914,20150227,1014.1,3.4,0,90,-132.2,18.3,18.1,24.7,11.4,17.6,1.5
,2015,2,28,9,0,0,30914,20150228,1018.4,4.6,1.7,83,-132.4,17.8,26.2,26.8,10.7,16.3,1.8
,2015,3,1,9,0,0,30914,20150301,1021.9,4.5,0,88,-133.2,18.1,25.5,28.1,11,17.8,1.4
,2015,3,2,9,0,0,30914,20150302,1020.3,4.4,0,83,-133.9,19,23.3,27,12.9,18.9,1.9
,2015,3,3,9,0,0,30914,20150303,1017.7,3,0,82,-134.3,19.2,15.3,25.3,14.5,18.5,2.3
,2015,3,4,9,0,0,30914,20150304,1014,2.2,0,84,-134.9,19.4,10.8,23.9,15.6,17.9,1.6
,2015,3,5,9,0,0,30914,20150305,1010.9,4.3,0,83,-135.5,19.2,23.2,26.8,13.7,18.9,2.2
,2015,3,6,9,0,0,30914,20150306,1003.6,2.1,1.6,76,-132.1,19.9,8.8,23.8,16.9,18.4,3.1
,2015,3,7,9,0,0,30914,20150307,1003.4,3.5,2.5,89,-130.9,19,15.7,25.6,14.8,19.4,3.5
,2015,3,8,9,0,0,30914,20150308,1007.4,4.4,0,72,-131.3,18.6,20.1,23.9,15.6,16,4.6
,2015,3,9,9,0,0,30914,20150309,1015.2,3,0,81,-132.7,18,15.2,23.8,12.3,16.4,2
,2015,3,10,9,0,0,30914,20150310,1017.6,4.1,0,81,-133.4,17.9,23,26.6,11.1,16,1.6
,2015,3,11,9,0,0,30914,20150311,1018.5,3.4,1.3,85,-131.2,17.9,19.6,26.1,11,16.5,1.6
,2015,3,12,9,0,0,30914,20150312,1017.1,1.3,22.9,93,-99.4,19.1,7.4,20.5,15,18.8,2
,2015,3,13,9,0,0,30914,20150313,1015.1,3.5,6.3,89,-106.5,18.4,20.7,25.1,13.6,18.4,1.6
,2015,3,14,9,0,0,30914,20150314,1016.6,4.1,0,89,-108.2,18.3,22.1,26.7,12.2,18.1,1.8
,2015,3,15,9,0,0,30914,20150315,1009.3,3,11,73,-85.7,19.3,10.1,22.1,15.5,16.7,4.9
,2015,3,16,9,0,0,30914,20150316,989.6,3,0,89,-77.4,18.4,13.8,24,16.8,18.4,3.7
,2015,3,17,9,0,0,30914,20150317,995.7,3.8,0,77,-80,17.6,18.4,23.8,12.4,14.5,2.9
,2015,3,18,9,0,0,30914,20150318,1007.9,2.6,0,75,-82.5,17,15.8,20.6,9.4,12.1,1.7
,2015,3,19,9,0,0,30914,20150319,1014.7,2.7,0,79,-85.2,17.1,14.4,21.3,11.7,13.4,1.3
,2015,3,20,9,0,0,30914,20150320,1023.6,3.5,0,70,-87.8,16.4,20.9,22.1,9.6,10.8,1.9
,2015,3,21,9,0,0,30914,20150321,1026.5,2.7,0,77,-90.4,16.2,16.4,22.2,9.7,13.4,1.9
,2015,3,22,9,0,0,30914,20150322,1023.7,2.8,0,83,-92.8,16.3,17.7,22.8,8.8,14.4,1.8
,2015,3,23,9,0,0,30914,20150323,1021.3,2.8,4.6,83,-86.4,16.8,17.2,22.5,11,16,2.3
,2015,3,24,9,0,0,30914,20150324,1019.5,2.5,1.3,89,-88.5,16.9,16.1,22.5,13,16.4,1.8
,2015,3,25,9,0,0,30914,20150325,1021.7,2.8,0,91,-90.8,16.8,17.6,23.5,10.5,16.4,1.3
,2015,3,26,9,0,0,30914,20150326,1020.3,2,2.9,91,-88.6,17.6,12,22.9,12.5,17.2,1.7
,2015,3,27,9,0,0,30914,20150327,1016.5,2.2,0,91,-91.1,18.2,13.5,23.1,14.7,18.6,2.1
,2015,3,28,9,0,0,30914,20150328,1016.6,2.5,2,87,-93.5,18.5,14.4,24.1,14.7,18.5,1.8
,2015,3,29,9,0,0,30914,20150329,1012.8,2.7,2.9,92,-86.8,18.8,13.9,23.3,16.7,19.7,2.4
,2015,3,30,9,0,0,30914,20150330,1014.9,3,0,83,-94.3,17.7,15.1,22.3,14.2,16.5,3.1
,2015,3,31,9,0,0,30914,20150331,1020.5,3,0,83,-94.5,16.7,18.4,22.5,10,14.6,2
,2015,4,1,9,0,0,30914,20150401,1026.8,2.6,0,91,-95.2,15.9,16.4,23.1,8,13.8,1.3
,2015,4,2,9,0,0,30914,20150402,1030,2.2,0,93,-96.5,16.8,13.6,23.4,11.2,16.7,1.3
,2015,4,3,9,0,0,30914,20150403,1027.6,2.2,0,93,-97.7,16,13.4,21.2,9.3,15.1,1.8
,2015,4,4,9,0,0,30914,20150404,1023.3,2.2,0,85,-100.7,15.8,13.8,22.2,8.5,14.4,2.2
,2015,4,5,9,0,0,30914,20150405,1022.4,1.9,0,93,-101.5,16.8,10.4,23,12.9,18.5,1.3
,2015,4,6,9,0,0,30914,20150406,1025.4,2.1,0,92,-102.6,17.3,12.1,23.5,13.5,18.3,1.6
,2015,4,7,9,0,0,30914,20150407,1025.6,2.5,0,86,-103.8,16.8,16.1,24.5,11,16.9,1.7
,2015,4,8,9,0,0,30914,20150408,1023.1,1.9,0,87,-101.2,17.6,10.1,23.3,15.3,18.8,2
,2015,4,9,9,0,0,30914,20150409,1018.7,1.1,0,90,-102.1,18.6,5.3,22.1,17.8,20.4,1.8
,2015,4,10,9,0,0,30914,20150410,1012.2,1.7,2.4,94,-101.5,18.6,7.2,23,17,19.8,2.3
,2015,4,11,9,0,0,30914,20150411,1006.5,2.8,2.8,83,-96.7,18.2,15.6,22.7,15.4,16.5,2.2
,2015,4,12,9,0,0,30914,20150412,1012.2,1.7,1.1,87,-96.6,16.7,10.5,20,10,14.9,2.3
,2015,4,13,9,0,0,30914,20150413,996.5,1.7,10.5,85,-81.1,16.4,7,18.4,13.3,15.8,4
,2015,4,14,9,0,0,30914,20150414,1000.1,2.1,4.3,86,-73.8,13.6,14.9,15.2,6.7,9.8,2.3
,2015,4,15,9,0,0,30914,20150415,1014,1.4,0,88,-75.2,12.2,10.8,16.5,2.6,9.7,1.5
,2015,4,16,9,0,0,30914,20150416,1022,2.2,0,79,-76.8,12.1,16.8,18.2,4.4,9.7,1.9
,2015,4,17,9,0,0,30914,20150417,1024.2,1.2,0,95,-76,11.9,10.2,19,3.8,11.2,1.5
,2015,4,18,9,0,0,30914,20150418,1020,0.4,25.3,90,-50,13.8,0.8,15.9,9.8,14.8,3
,2015,4,19,9,0,0,30914,20150419,1025.5,1.8,12.1,83,-29.1,12.6,10.2,20.3,11.1,13.5,3
,2015,4,20,9,0,0,30914,20150420,1029.2,1.7,0,93,-29.3,13.7,13.6,21.6,11.5,16.7,1.3
,2015,4,21,9,0,0,30914,20150421,1030.3,1.8,0,97,-28.2,13.9,14.3,22.3,9.1,14.9,0.9
,2015,4,22,9,0,0,30914,20150422,1028.9,1.5,0,96,-29.7,14.4,10,21.6,10.8,15,0.7
,2015,4,23,9,0,0,30914,20150423,1029.6,2,0,80,-31.2,15.3,11.4,21.4,13.3,14.7,1.9
,2015,4,24,9,0,0,30914,20150424,1029.7,2.1,0,79,-35.7,14.6,13.5,19.7,12,13.2,2.7
,2015,4,25,9,0,0,30914,20150425,1028,1,0,86,-37.4,14,7.2,17.8,9.7,12.8,2.1
,2015,4,26,9,0,0,30914,20150426,1021.7,1.6,0,86,-38.6,14.1,12,20.9,8,14.2,2.3
,2015,4,27,9,0,0,30914,20150427,1008.9,0.9,11,87,-29.5,15.5,3.4,21,15,17.5,4.4
,2015,4,28,9,0,0,30914,20150428,1003.1,2.1,9.7,83,-18.8,15.8,10.1,19,15,15.6,3.9
,2015,4,29,9,0,0,30914,20150429,1010.2,2,3.4,84,-18.1,13.5,10.9,17.2,8.8,12.2,3.2
,2015,4,30,9,0,0,30914,20150430,1011.3,2.1,0,73,-18.9,14.1,9.4,17.1,12.2,11.9,4.7
,2015,5,1,9,0,0,30914,20150501,1028.5,1.5,0,91,-20,11.5,13.6,18.1,2.5,9.3,1
,2015,5,2,9,0,0,30914,20150502,1032.2,0.9,0,90,-21,12.7,8.4,17.4,7.6,13.4,1.4
,2015,5,3,9,0,0,30914,20150503,1032.8,1.4,0,86,-22,13.5,8.6,18,10.5,12.2,1.1
,2015,5,4,9,0,0,30914,20150504,1033.6,1.2,0,94,-23.1,12.2,10.6,18.2,5.2,11.2,0.9
,2015,5,5,9,0,0,30914,20150505,1030.4,1.1,0,95,-24.1,12.4,9.8,20.2,7.1,12.3,0.8
,2015,5,6,9,0,0,30914,20150506,1026.5,1.4,0,91,-24.8,13,11.7,21.2,9.5,14.5,1.8
,2015,5,7,9,0,0,30914,20150507,1018.6,1.2,7.6,89,-16.4,14.4,8.1,21.8,13.1,17.8,3.4
,2015,5,8,9,0,0,30914,20150508,1008.8,0.4,14.1,95,-3.6,16.3,2,17.7,16.8,18.7,3.1
,2015,5,9,9,0,0,30914,20150509,1009.2,1.3,1.8,98,-4.9,14.6,10.4,18.7,11.1,14.7,1.8
,2015,5,10,9,0,0,30914,20150510,1012.8,1.3,0,87,-9.1,12.5,10.4,19.6,6.7,11.7,1.6
,2015,5,11,9,0,0,30914,20150511,1011.8,1,2.3,98,-5.1,12.9,9.2,19.7,8.6,13.3,1.5
,2015,5,12,9,0,0,30914,20150512,1001.8,0.7,2.9,84,-2.4,13.7,3.4,17.9,11.4,15.5,3.4
,2015,5,13,9,0,0,30914,20150513,1012.6,1.5,3,81,-2.1,12.1,11.5,18.8,8.8,11.4,2.3
,2015,5,14,9,0,0,30914,20150514,1011.7,1.2,4.7,84,2.5,12.1,6.5,19.1,9.3,13.1,3.2
,2015,5,15,9,0,0,30914,20150515,997,1.3,10.8,86,9.2,14.3,6.8,17.1,13,14.6,3.9
,2015,5,16,9,0,0,30914,20150516,1006.6,1.3,0,87,-3.6,11.8,11.8,16.2,5.4,10.3,2.2
,2015,5,17,9,0,0,30914,20150517,1020.7,0.9,0,92,-4.3,10.3,8.4,15.9,3.6,9.5,1
,2015,5,18,9,0,0,30914,20150518,1022,0.9,0,98,-4.7,10.3,8.1,16.8,3.5,10.3,2
,2015,5,19,9,0,0,30914,20150519,1018.9,1.1,0,89,-5.7,11.5,10.6,18.7,7.5,12.4,1.5
,2015,5,20,9,0,0,30914,20150520,1023.2,0.8,0,96,-6.5,10.3,8.7,16.2,3.6,9.5,0.9
,2015,5,21,9,0,0,30914,20150521,1019.9,0.5,5.6,94,0.7,11.5,5.3,16.8,7.2,13.1,2.5
,2015,5,22,9,0,0,30914,20150522,1014.2,1.1,6,83,1.6,12.8,8.1,16.2,11.8,13.3,2.1
,2015,5,23,9,0,0,30914,20150523,1005.5,0.3,16.8,94,15.8,12.2,1.4,14,8.3,12.4,2.3
,2015,5,24,9,0,0,30914,20150524,999.8,1.9,5.5,75,5.1,11.7,8.5,15.3,9.4,10,4.7
,2015,5,25,9,0,0,30914,20150525,1006.9,1.5,5.2,74,3.4,11.1,8,12.8,9.1,9.2,4.7
,2015,5,26,9,0,0,30914,20150526,1013.5,0.8,0,82,-0.2,9.8,6.4,13.8,6.1,10.4,3.2
,2015,5,27,9,0,0,30914,20150527,1014.5,0.9,0,95,-1.8,9.2,8.7,14.5,5.2,9.7,1.2
,2015,5,28,9,0,0,30914,20150528,1026.2,0.9,0,91,-2.9,7.9,10.9,14.7,0.9,7.5,0.9
,2015,5,29,9,0,0,30914,20150529,1031.3,0.8,0,94,-3.6,7,10.2,15.4,0,7.3,0.9
,2015,5,30,9,0,0,30914,20150530,1027.5,0.9,0,92,-3.5,7.4,10.6,15.8,2.5,9.3,2.3
,2015,5,31,9,0,0,30914,20150531,1023.1,0.7,2,86,-2.5,8.7,5.8,16.2,7.9,11.4,3.2
,2015,6,1,9,0,0,30914,20150601,1016.9,0.9,2.5,89,-1.3,11.1,5.7,17.6,11.2,14.2,3.3
,2015,6,2,9,0,0,30914,20150602,1005.9,1.1,4.5,88,1.4,12.7,5.9,19.5,13.9,16,4
,2015,6,3,9,0,0,30914,20150603,997.8,1.4,24.1,78,20.4,11.9,5.3,16.9,11.2,12.4,4.8
,2015,6,4,9,0,0,30914,20150604,998,0.7,2.8,89,1.7,12,5.9,15.5,11,13.4,3.8
,2015,6,5,9,0,0,30914,20150605,1008.8,0.7,0,96,-0.5,11.3,7.6,15.6,9.5,12,1.1
,2015,6,6,9,0,0,30914,20150606,1020.5,0.6,0,94,-1.1,11,7.4,15.5,7.5,11.3,1.3
,2015,6,7,9,0,0,30914,20150607,1024.1,0.6,0,97,-2.5,9.9,7.1,14.3,4.9,10.2,1.4
,2015,6,8,9,0,0,30914,20150608,1028.1,0.6,0,95,-3.3,8.7,9.5,15.3,1.2,7.7,0.9
,2015,6,9,9,0,0,30914,20150609,1029.2,0.2,0,96,-4,9.6,5.8,15.5,3.2,11.2,1.4
,2015,6,10,9,0,0,30914,20150610,1026.3,0.8,1.6,87,-3.3,10.9,6.1,16.8,9.3,12.7,3.1
,2015,6,11,9,0,0,30914,20150611,1021.5,1.2,0,87,-3.4,11.5,7.6,15.7,10,11.9,3.9
,2015,6,12,9,0,0,30914,20150612,1019.3,1.6,1.6,80,-1.2,10.3,6.3,15.7,8.2,10.4,4.5
,2015,6,13,9,0,0,30914,20150613,1015.1,2,0,67,-2.3,10.7,5.1,15,10.3,9.8,6.4
,2015,6,14,9,0,0,30914,20150614,1015.5,1.3,1.1,78,-1.3,11.1,4.5,15.7,11.5,12.1,5.1
,2015,6,15,9,0,0,30914,20150615,1015.9,1.1,0,86,-1.6,10.7,6.2,15.3,9.8,11.4,3.1
,2015,6,16,9,0,0,30914,20150616,1022.4,0.9,0,79,-2.4,9,9.9,12.2,2.1,6.8,2.3
,2015,6,17,9,0,0,30914,20150617,1029.1,0.6,0,91,-3.2,7.1,9.4,13.5,-1,6.7,0.8
,2015,6,18,9,0,0,30914,20150618,1025.8,0.3,0,87,-3.8,8.3,4.4,14.7,2.4,10,1.9
,2015,6,19,9,0,0,30914,20150619,1020.6,0.8,0,87,-4.3,9.3,4.3,17.4,8.6,12.8,3.8
,2015,6,20,9,0,0,30914,20150620,1012.5,0.7,5.3,88,2.5,12,1.8,17.5,13.7,15.9,5.8
,2015,6,21,9,0,0,30914,20150621,1010.1,1,2.1,87,0.3,12.5,7.5,14.5,11.1,12.1,3.8
,2015,6,22,9,0,0,30914,20150622,1017.1,0.9,0,87,-1.6,10.1,9.4,12.7,6.4,9.6,2.3
,2015,6,23,9,0,0,30914,20150623,1028.5,0.8,0,85,-2.4,7.3,9.8,11,-1.7,5.8,1.5
,2015,6,24,9,0,0,30914,20150624,1025.8,0.8,0,87,-3.2,6.2,9.8,10.8,-1.7,6.2,1.6
,2015,6,25,9,0,0,30914,20150625,1020.4,0.7,0,90,-3.9,5.5,9.8,11.3,-2.2,6,1.4
,2015,6,26,9,0,0,30914,20150626,1020.4,0.7,1.1,89,-3.8,5.8,7.4,14.9,-0.2,8.1,2.7
,2015,6,27,9,0,0,30914,20150627,1017.5,0.7,0,82,-4.7,8.9,9.2,14.9,5,11.3,3.5
,2015,6,28,9,0,0,30914,20150628,1019.6,1,0,85,-5.1,8.5,8.7,15.8,7,10.1,2.3
,2015,6,29,9,0,0,30914,20150629,1017.8,0.8,0,87,-5.1,8.7,6.8,15.1,7,11.4,4.2
,2015,6,30,9,0,0,30914,20150630,1020.6,0.9,0,89,-5.7,9.5,7.4,15.7,9.1,12,3.4
,2015,7,1,9,0,0,30914,20150701,1020.5,0.9,0,86,-6.3,9.8,7,15,9,11.4,2.6
,2015,7,2,9,0,0,30914,20150702,1022.6,0.5,0,97,-7.1,8.4,6.8,13.8,3.9,9.8,0.9
,2015,7,3,9,0,0,30914,20150703,1015.1,0.6,4.8,87,-3,8.9,5.6,15.9,6,10.3,2.4
,2015,7,4,9,0,0,30914,20150704,1009.4,0.6,0,93,-3.9,10.8,4.6,16.4,10.1,13.4,2.1
,2015,7,5,9,0,0,30914,20150705,1006.7,1,0,83,-3.1,10.8,7.8,14.4,9,10.8,3.5
,2015,7,6,9,0,0,30914,20150706,1009.4,1.1,2,88,-0.1,10.4,7.7,16.4,9.7,12.6,3.5
,2015,7,7,9,0,0,30914,20150707,1005.6,0.6,15.2,89,12.5,11.1,3.4,15.4,10.1,13.5,4
,2015,7,8,9,0,0,30914,20150708,1002.6,0.7,4.6,89,4.1,10.7,4.7,9.3,6.5,9.1,2.6
,2015,7,9,9,0,0,30914,20150709,1015.3,1,0,82,-1,7.5,10.1,9.1,0.4,6.2,3.3
,2015,7,10,9,0,0,30914,20150710,1022,0.9,0,83,-1.7,5.8,10.5,10.5,-2.2,5.6,2
,2015,7,11,9,0,0,30914,20150711,1026,0.7,0,91,-2.5,5,10.6,10.4,-2.8,5.7,1
,2015,7,12,9,0,0,30914,20150712,1028.9,0.9,0,88,-3.3,4.4,10.4,13.1,-2.9,5.4,0.8
,2015,7,13,9,0,0,30914,20150713,1033.1,0.9,0,92,-3.6,4.3,10.6,13.1,-1.8,6,1.4
,2015,7,14,9,0,0,30914,20150714,1030.1,0.4,0,92,-3.5,5,6.3,13.6,0.1,8.6,3.1
,2015,7,15,9,0,0,30914,20150715,1020.8,0.2,31.9,85,28.1,8.2,3.8,14.7,6.2,12.6,3.8
,2015,7,16,9,0,0,30914,20150716,1014.9,0.8,0,96,1.6,9.8,7.8,16.1,9.6,12.5,2.3
,2015,7,17,9,0,0,30914,20150717,1017.8,0.8,0,93,-0.1,8.2,8.3,15.1,5.1,9.9,1.5
,2015,7,18,9,0,0,30914,20150718,1004.9,0.2,15.5,91,12.9,8.2,3.5,14.3,3.5,11.7,3.9
,2015,7,19,9,0,0,30914,20150719,1001.4,1.2,0,80,1.2,9.3,10.5,11.3,8.2,9.1,4
,2015,7,20,9,0,0,30914,20150720,1016.8,0.9,0,92,0.1,6.7,7.9,13.7,1.7,8.7,2.7
,2015,7,21,9,0,0,30914,20150721,1025.8,1.3,0,81,-1.2,6.7,11.3,13.7,1.4,6.9,2.6
,2015,7,22,9,0,0,30914,20150722,1032.4,1.1,0,88,-2,6.1,11.1,14.6,1.6,7.7,1.5
,2015,7,23,9,0,0,30914,20150723,1036.2,0.9,0,94,-2.7,5.8,11.2,13.6,0.1,7.2,0.9
,2015,7,24,9,0,0,30914,20150724,1033.2,0.5,0,96,-3.5,6.2,6.1,12.9,0.7,8.5,1.1
,2015,7,25,9,0,0,30914,20150725,1033.6,1,0,93,-4.1,6.6,8.8,14.4,3,8.6,2.1
,2015,7,26,9,0,0,30914,20150726,1027.8,0.5,1.1,88,-4.1,7.6,5.2,15.1,5,10.8,2.1
,2015,7,27,9,0,0,30914,20150727,1020.6,0.6,5.4,90,0.6,9.7,4.6,16.9,10.4,13.7,2.5
,2015,7,28,9,0,0,30914,20150728,1008.4,1.3,10.2,91,7.1,10.5,8.8,15.8,10.9,13,3.6
,2015,7,29,9,0,0,30914,20150729,1010.4,1.2,0,86,0.6,9.3,9.2,14.1,7.4,10.7,3.3
,2015,7,30,9,0,0,30914,20150730,1024.6,1.2,0,82,-0.9,7.2,12.1,12.4,1.3,6.9,2.1
,2015,7,31,9,0,0,30914,20150731,1026.2,0.6,0,92,-1.6,7.2,6.8,12.3,3.6,8.9,1.3
,2015,8,1,9,0,0,30914,20150801,1024,1,0,90,-2.6,8.1,8.2,15.1,6.3,10.1,2
,2015,8,2,9,0,0,30914,20150802,1024.1,1,0,93,-2.8,8.7,9.8,17.1,7.4,12.3,2.1
,2015,8,3,9,0,0,30914,20150803,1023.6,1.1,0,94,-3.7,10.2,8.5,17.3,10.3,13,2.5
,2015,8,4,9,0,0,30914,20150804,1019.5,1.1,6.3,88,2.7,11.2,6.9,16.8,11.7,13.9,3.9
,2015,8,5,9,0,0,30914,20150805,1017.6,0.7,46.9,96,32.4,11.3,2.2,15.6,9.4,12.2,1.8
,2015,8,6,9,0,0,30914,20150806,1001.9,1.3,2.4,89,1.7,12.4,9.3,16.2,10.3,13.9,4.3
,2015,8,7,9,0,0,30914,20150807,999.6,1.6,4.7,85,3.5,11.4,9.1,13.6,9.2,11,4.2
,2015,8,8,9,0,0,30914,20150808,1000.6,1.6,5.2,77,3.4,10,10.1,12.1,7.4,8.6,4.2
,2015,8,9,9,0,0,30914,20150809,1007.6,0.9,0,95,-0.6,8,9.2,12.2,2.7,8.7,1.6
,2015,8,10,9,0,0,30914,20150810,1013.6,1.2,0,89,-1.2,6.8,10.8,12.5,0.5,7.1,1.7
,2015,8,11,9,0,0,30914,20150811,1019.1,1.3,0,89,-2.6,6.2,13.8,11.5,-1.4,6.4,1.8
,2015,8,12,9,0,0,30914,20150812,1020.5,1.4,0,91,-3.4,5.8,13.4,12.7,-1,6.9,1.9
,2015,8,13,9,0,0,30914,20150813,1022.5,1.3,0,94,-4.6,5.6,14.1,13.6,-0.7,7.1,1.3
,2015,8,14,9,0,0,30914,20150814,1014.1,0.3,11.8,78,5.2,8.1,3.1,14.3,3.4,11.1,3.8
,2015,8,15,9,0,0,30914,20150815,1004.2,1.2,0,94,-1.6,8.8,9.7,14.6,7.9,11.1,2.1
,2015,8,16,9,0,0,30914,20150816,1006.6,1.4,0,95,-2.3,8.6,12.6,16.8,4.9,10.4,1.8
,2015,8,17,9,0,0,30914,20150817,1018.2,1.6,0,82,-3.2,8.4,14.1,15.9,4,9,2.1
,2015,8,18,9,0,0,30914,20150818,1024.4,1.1,1.1,85,-3.2,8.6,8.5,15.9,3.9,10,2.2
,2015,8,19,9,0,0,30914,20150819,1016.5,1.4,3,86,-0.3,9.8,6.5,16.1,9.1,12.4,3.6
,2015,8,20,9,0,0,30914,20150820,1019.4,1.5,1.4,83,-1.1,9,11.5,14.5,5.7,10,2.9
,2015,8,21,9,0,0,30914,20150821,1026.9,1.4,0,95,-3,7.5,13.5,14.3,1.1,8.1,0.8
,2015,8,22,9,0,0,30914,20150822,1031,1.1,0,88,-4.1,8,9.2,14.3,3.1,9,2
,2015,8,23,9,0,0,30914,20150823,1029.8,1.2,0,91,-5.2,9.6,10.7,16.1,6.7,11.2,1.4
,2015,8,24,9,0,0,30914,20150824,1027.5,1.3,2.1,94,-4.8,8.9,11.9,16.3,3.6,10.6,2
,2015,8,25,9,0,0,30914,20150825,1021.7,0.5,1.7,92,-4,10.6,3.9,14.4,8.7,13.5,4.3
,2015,8,26,9,0,0,30914,20150826,1024,2,0,81,-5.1,9.3,14.3,15.6,5.5,9.9,2.6
,2015,8,27,9,0,0,30914,20150827,1034.5,2.1,0,71,-6.2,8.5,16,15.7,4.8,7.8,2.6
,2015,8,28,9,0,0,30914,20150828,1033.9,1.5,0,95,-7.7,8.2,13.6,16.2,2,9.6,1.2
,2015,8,29,9,0,0,30914,20150829,1030.3,1,5.2,95,-2.8,7.9,10.8,14.6,1.6,9.1,1.6
,2015,8,30,9,0,0,30914,20150830,1019.1,0.9,0,96,-4.1,10.8,7.4,17.6,7.6,13.9,2.9
,2015,8,31,9,0,0,30914,20150831,1016,0.8,24.8,94,17.2,11.9,4.1,15,11.1,14,3.9
,2015,9,1,9,0,0,30914,20150901,1010.3,0.7,31.8,90,26.1,11.9,2.9,15.9,11.5,14.1,6
,2015,9,2,9,0,0,30914,20150902,1008.3,1.8,16,92,12.3,11.1,11.6,17.2,9,13.3,3.2
,2015,9,3,9,0,0,30914,20150903,1002.7,2.1,2.2,83,1,11.9,12.2,14.9,10.6,11.9,5.6
,2015,9,4,9,0,0,30914,20150904,1011.9,0.9,0,84,-2.5,10.9,6,13.5,7.2,10.9,2.1
,2015,9,5,9,0,0,30914,20150905,1005.7,2.2,2.2,92,-1.8,10.9,15.7,15.8,8.3,11.3,2.9
,2015,9,6,9,0,0,30914,20150906,1006,2,1.1,88,-2.7,10.9,12.8,14.2,8.9,11.7,3.8
,2015,9,7,9,0,0,30914,20150907,1011.2,2.2,0,83,-4.7,9.5,16.4,15.1,5.3,9.8,2.2
,2015,9,8,9,0,0,30914,20150908,1020.3,1.6,0,85,-6.8,9.1,12.1,15.1,3.3,9.9,2.5
,2015,9,9,9,0,0,30914,20150909,1024.2,1.5,0,84,-8.6,10.2,10.4,15.1,7.9,10.6,2
,2015,9,10,9,0,0,30914,20150910,1014.8,1,7.2,86,-4.3,10.6,4.3,14.3,8.7,12,3.1
,2015,9,11,9,0,0,30914,20150911,1010.3,2.6,4.6,73,-0.5,10.2,14.7,13.7,8.1,8.7,4.3
,2015,9,12,9,0,0,30914,20150912,1017.6,2.5,0,74,-4.3,9.7,19.3,13.7,4.4,8.4,3.2
,2015,9,13,9,0,0,30914,20150913,1019.9,1.6,0,80,-6.1,9.7,10.6,16.7,4.7,10.8,2
,2015,9,14,9,0,0,30914,20150914,1025.8,2.1,0,86,-8.1,9.8,16.7,17.2,4.6,10.9,2.1
,2015,9,15,9,0,0,30914,20150915,1021.7,1.6,0,74,-10.2,10.6,8.8,14.6,7.4,10.1,2.7
,2015,9,16,9,0,0,30914,20150916,1021,1.9,0,81,-12.2,11.5,10.9,16.2,9.7,12.2,2.9
,2015,9,17,9,0,0,30914,20150917,1021.1,2.7,1.4,80,-12.5,11.1,18,18.5,7.2,11.4,2.6
,2015,9,18,9,0,0,30914,20150918,1016,1.8,0,90,-13.3,12.8,11.3,17.6,12.4,14.6,3.7
,2015,9,19,9,0,0,30914,20150919,1015.8,2.2,8.7,87,-5,11.8,16.1,17.3,8.8,12.7,1.6
,2015,9,20,9,0,0,30914,20150920,1007.9,1.9,15.1,88,5.5,12.5,10.9,14.6,9.8,11.6,3
,2015,9,21,9,0,0,30914,20150921,1007.8,2,0,73,-2.1,10.7,12,14.3,7,9.4,3.8
,2015,9,22,9,0,0,30914,20150922,1006.6,1.7,0,87,-3.4,10.2,10.7,14.6,5,9.9,1.4
,2015,9,23,9,0,0,30914,20150923,1005.3,1.8,0,83,-5.3,11.3,10.7,15.6,7.6,11.2,2.4
,2015,9,24,9,0,0,30914,20150924,1007,2.7,0,88,-5.5,12.3,15.2,18.7,9.6,13,2.2
,2015,9,25,9,0,0,30914,20150925,1010.9,3.4,0,65,-8,12.6,20.5,17.9,10.3,9.8,2.7
,2015,9,26,9,0,0,30914,20150926,1018.6,3.2,0,65,-10,11.5,19.4,18.1,4.8,8.6,3.1
,2015,9,27,9,0,0,30914,20150927,1024.9,2.7,4.4,72,-6.7,11,20.2,17.6,3.3,8.7,1.6
,2015,9,28,9,0,0,30914,20150928,1025.6,2.3,2,93,-4.4,12,16.8,16.5,8.1,11.9,1.5
,2015,9,29,9,0,0,30914,20150929,1030.4,2.7,0,87,-6.6,10.7,22,18,2.5,10.3,1.2
,2015,9,30,9,0,0,30914,20150930,1033.1,2.4,0,85,-8.7,11.2,19.6,18,4.5,11.4,1.5
,2015,10,1,9,0,0,30914,20151001,1031,2.8,4.3,85,-6.1,12.2,19.6,18.7,7.5,12.8,2.3
,2015,10,2,9,0,0,30914,20151002,1021.1,2.1,10.9,87,-2.2,13.7,10.6,18.3,11.6,14.6,4.4
,2015,10,3,9,0,0,30914,20151003,1011.2,2.5,0,87,-8.3,13.2,15.1,18.4,9.5,12.5,2
,2015,10,4,9,0,0,30914,20151004,1017.6,1.9,0,86,-11.3,12.8,9.7,16.9,7.3,12.2,3
,2015,10,5,9,0,0,30914,20151005,1013.9,4.2,0,61,-13,14,21.5,18.1,11.4,10.2,4.2
,2015,10,6,9,0,0,30914,20151006,1027.4,3.4,0,85,-16,12.7,22.8,18.9,5.8,12,2.6
,2015,10,7,9,0,0,30914,20151007,1029.6,3,0,83,-18.9,12.8,16,19.5,6.5,11.9,2
,2015,10,8,9,0,0,30914,20151008,1020.5,3.1,0,86,-21.6,14.2,17.2,17.2,10.4,13.9,4.4
,2015,10,9,9,0,0,30914,20151009,1028.7,3.4,0,72,-24.3,12.2,23.6,17,3.2,9,2.3
,2015,10,10,9,0,0,30914,20151010,1024.5,2,0,85,-27.3,12.4,14,16.3,3.7,11.4,2.2
,2015,10,11,9,0,0,30914,20151011,1022.6,3.1,0,74,-30.3,12.8,16.5,18.3,8.1,11.3,2.7
,2015,10,12,9,0,0,30914,20151012,1022.1,3.1,0,78,-33.3,14.1,18.2,18.7,11,13.5,4.2
,2015,10,13,9,0,0,30914,20151013,1019,2.5,16,80,-18.8,13.9,13.3,18.5,9.6,13.6,4
,2015,10,14,9,0,0,30914,20151014,1019.4,3.2,0,87,-21.7,14.6,19.5,18.9,11.5,14.2,2.6
,2015,10,15,9,0,0,30914,20151015,1025,3.3,0,81,-24.5,13.4,19.5,18.9,6.5,12,2.3
,2015,10,16,9,0,0,30914,20151016,1027.3,3.6,0,72,-27.6,14,19.2,17.6,8.9,11.4,3.9
,2015,10,17,9,0,0,30914,20151017,1025,3.2,0,73,-30.5,14.4,17.4,17.6,11.2,11.8,4.8
,2015,10,18,9,0,0,30914,20151018,1024.4,2.7,0,86,-33.4,14.4,14,18.4,11,14.1,4.1
,2015,10,19,9,0,0,30914,20151019,1016.8,3.8,0,72,-36.3,14.3,20,16.9,9.4,11.3,5.2
,2015,10,20,9,0,0,30914,20151020,1021.4,3.7,0,68,-39.3,13.2,21.3,17.4,5.1,10.1,3.8
,2015,10,21,9,0,0,30914,20151021,1022.2,2.9,0,82,-42.1,13.9,16.2,17.8,8.6,12.8,4.1
,2015,10,22,9,0,0,30914,20151022,1017.7,2.3,0,81,-45.2,14.7,9.2,18.9,11.8,14.4,5.4
,2015,10,23,9,0,0,30914,20151023,1017.8,4,0,80,-47.7,15.6,15.3,20.9,14.9,15.8,4.8
,2015,10,24,9,0,0,30914,20151024,1013.5,1.9,5.2,89,-44.1,15.4,10.3,18,12.9,16.4,3.2
,2015,10,25,9,0,0,30914,20151025,1017.6,3.5,0,90,-47.1,14.4,20.7,19.4,8.1,13.5,2.3
,2015,10,26,9,0,0,30914,20151026,1019.3,3.4,0,82,-50.1,14.6,21.4,19.3,7.6,12.9,2.1
,2015,10,27,9,0,0,30914,20151027,1018,4.8,0,70,-52.4,15.4,28.3,19.7,10.2,12.9,4.5
,2015,10,28,9,0,0,30914,20151028,1020.7,2.9,0,85,-54.4,15,18.2,18.8,8.5,13.9,1.9
,2015,10,29,9,0,0,30914,20151029,1008.8,2.3,1.5,76,-55.2,15.9,11.2,18.9,12.2,14.1,1.8
,2015,10,30,9,0,0,30914,20151030,1007.5,3.5,0,74,-58,14.7,19.1,18.8,11,11,2.6
,2015,10,31,9,0,0,30914,20151031,1017.7,4.1,0,73,-60.9,14.9,21.6,18.3,10,11,3
,2015,11,1,9,0,0,30914,20151101,1023.6,4.1,0,72,-65,14.2,26.5,19.3,4.7,10.9,1.8
,2015,11,2,9,0,0,30914,20151102,1025.5,3.2,0,79,-69,14.5,20.1,18.6,5.1,12.3,2.2
,2015,11,3,9,0,0,30914,20151103,1019.4,2.9,2.4,75,-71.4,14.8,16.4,18.5,8.1,11.6,3.1
,2015,11,4,9,0,0,30914,20151104,1007.7,2.8,10.2,92,-67.1,15.3,15.3,16.7,12.5,15,3.9
,2015,11,5,9,0,0,30914,20151105,1016.5,4.5,0,62,-70.8,13.5,25,18.1,6.6,8.7,3.4
,2015,11,6,9,0,0,30914,20151106,1019,4.8,0,61,-74.7,13.6,28.3,21.4,5.3,8.9,1.7
,2015,11,7,9,0,0,30914,20151107,1017.3,4.9,0,69,-78.6,15,29.1,22.7,7,11.8,2.6
,2015,11,8,9,0,0,30914,20151108,1015,4.9,0,69,-82.4,15.4,28,22.5,6.2,11.6,2.1
,2015,11,9,9,0,0,30914,20151109,1013.3,4.5,0,74,-86.1,16.3,22.6,24.1,8.5,14.2,2.1
,2015,11,10,9,0,0,30914,20151110,1013.6,5.2,0,75,-89.7,17.7,25.1,23.1,11.9,14.9,2.9
,2015,11,11,9,0,0,30914,20151111,1012.4,4.8,2.4,77,-91.5,18.1,20.8,20.3,14,14.1,4.6
,2015,11,12,9,0,0,30914,20151112,1016,3.6,0,76,-92.7,17.1,17.5,19.3,11.6,12.3,3.3
,2015,11,13,9,0,0,30914,20151113,1025.1,4.6,0,55,-93.9,14.1,29,18.4,2.7,7.4,2.5
,2015,11,14,9,0,0,30914,20151114,1022.1,4,0,65,-97.2,14.5,25.9,18.7,3.6,9.5,2.5
,2015,11,15,9,0,0,30914,20151115,1014,1.7,10,79,-89.3,15.9,8.1,18.4,10.6,14.2,3.3
,2015,11,16,9,0,0,30914,20151116,1009.7,1.7,23,93,-78.8,16,5.8,18.4,14.7,16.4,2.6
,2015,11,17,9,0,0,30914,20151117,1008.4,4.3,0,70,-82.9,15.2,20.3,18.1,9.7,11.8,6.1
,2015,11,18,9,0,0,30914,20151118,1011.6,5.5,0,65,-86.7,15.3,25.7,20,10.1,11.2,4.5
,2015,11,19,9,0,0,30914,20151119,1022.2,4.5,0,55,-89.5,15.8,25.1,18.6,11,9.2,3.2
,2015,11,20,9,0,0,30914,20151120,1019.3,3.2,3.6,73,-88.3,15.9,14,19.3,12.7,13.4,4.2
,2015,11,21,9,0,0,30914,20151121,1008.7,2,32.3,76,-61.1,16.3,6.8,17.6,14,13.5,4.5
,2015,11,22,9,0,0,30914,20151122,1005.1,4.1,0,79,-64.6,16.4,20.9,19.7,13.4,15.3,5.3
,2015,11,23,9,0,0,30914,20151123,1020.1,5.1,0,67,-68.5,15.3,30.8,21.4,7.6,12,2.6
,2015,11,24,9,0,0,30914,20151124,1021.2,4.6,0,70,-73.1,15.6,29.7,21.3,6.3,12.2,2.3
,2015,11,25,9,0,0,30914,20151125,1021.6,4.7,0,73,-77.1,17.2,26.1,23.3,12.1,14,2
,2015,11,26,9,0,0,30914,20151126,1023.3,5,0,82,-81,18.9,27.1,24.3,15.1,19,2.7
,2015,11,27,9,0,0,30914,20151127,1018.7,4.5,12.6,76,-74.7,19.6,21.3,24.3,16.1,18,3.8
,2015,11,28,9,0,0,30914,20151128,1015.6,3.2,4,88,-61.4,19.7,14.2,23,17.7,20.5,4.2
,2015,11,29,9,0,0,30914,20151129,1022.1,5.4,0,70,-65.4,18,31.1,24,9.5,13,1.7
,2015,11,30,9,0,0,30914,20151130,1027.3,3.6,0,71,-69,19,19.3,21.4,14.7,15.9,3.9
,2015,12,1,9,0,0,30914,20151201,1030.3,3.1,0,82,-73.9,18.7,16.3,20.4,16.4,16.9,3.3
,2015,12,2,9,0,0,30914,20151202,1029.6,2.8,0,74,-78.3,18.5,12.1,19.7,15.9,14.9,2.4
,2015,12,3,9,0,0,30914,20151203,1025.7,4.6,0,65,-82.8,18.4,25.3,22.7,13.6,13.6,1.9
,2015,12,4,9,0,0,30914,20151204,1021.4,3.5,0,77,-87,18.8,18.2,22.4,14.3,16.7,2.4
,2015,12,5,9,0,0,30914,20151205,1018.3,4.8,0,66,-90.9,18.4,26.4,20.9,10.7,13.1,3.8
,2015,12,6,9,0,0,30914,20151206,1015.1,3.5,0,69,-94.5,18.1,16.1,20.6,12.3,13.5,3.4
,2015,12,7,9,0,0,30914,20151207,1013.7,4.3,0,81,-96.4,18.7,19.3,21.1,14.6,16.1,3.5
,2015,12,8,9,0,0,30914,20151208,1014.6,4.7,0,62,-98.5,17.4,21.3,19.1,10.9,11.2,4.2
,2015,12,9,9,0,0,30914,20151209,1018,4.9,0,67,-101.2,17.3,26.9,20.9,8.6,12.6,2.8
,2015,12,10,9,0,0,30914,20151210,1018.3,4.3,0,69,-104.2,17.5,22.7,19.8,9.9,12.1,4
,2015,12,11,9,0,0,30914,20151211,1012.7,4,1.3,85,-104.8,18.9,19.6,23.1,14.7,18.9,4.2
,2015,12,12,9,0,0,30914,20151212,1012.9,3.8,7.7,89,-99.4,19.5,15.4,23.5,16.6,18.9,3.5
,2015,12,13,9,0,0,30914,20151213,1010.2,4.6,0,89,-102.1,18.9,22.8,21.1,16.2,18,4.6
,2015,12,14,9,0,0,30914,20151214,1018,4.5,0,65,-105.4,17.3,24.2,19.8,9,11.7,2.9
,2015,12,15,9,0,0,30914,20151215,1015.2,3.9,0,68,-108.2,17.2,21.6,20.4,8.8,12.4,3.4
,2015,12,16,9,0,0,30914,20151216,1010.6,4.3,0,70,-110.2,18,21.9,22,10.8,14.1,3.5
,2015,12,17,9,0,0,30914,20151217,1008,4.4,0,65,-112.2,17.2,24.3,20.4,9.4,11.7,2.6
,2015,12,18,9,0,0,30914,20151218,1008.6,5.3,1.5,60,-112.2,17.2,27.9,21.2,10.4,10.7,3
,2015,12,19,9,0,0,30914,20151219,1010.4,5.7,0,66,-114.6,17.4,30.9,23.7,8.4,12.3,3
,2015,12,20,9,0,0,30914,20151220,1020.2,4.9,0,82,-116.8,18.1,24.6,23.9,10.7,15.3,2.8
,2015,12,21,9,0,0,30914,20151221,1022,5.7,0,70,-119,19.1,28.1,23.7,12.4,15.3,3.7
,2015,12,22,9,0,0,30914,20151222,1016.4,5.6,0,66,-121.1,19.8,24.7,24.3,13.7,15.1,3.9
,2015,12,23,9,0,0,30914,20151223,1013.8,5.7,0,68,-123.5,20.6,25.6,23.5,13.8,14.6,3.7
,2015,12,24,9,0,0,30914,20151224,1017.7,3.4,1.1,75,-123.7,19.1,18.4,19.9,14.3,14.5,4.6
,2015,12,25,9,0,0,30914,20151225,1016.3,4.1,0,90,-124.6,18.4,21.4,24,14.6,16.9,2.4
,2015,12,26,9,0,0,30914,20151226,1022.3,5.7,0,75,-126.3,19.7,28.3,26.6,13.5,17.7,2
,2015,12,27,9,0,0,30914,20151227,1023,5.8,0,71,-127.9,20.2,30.1,26.7,12,16.9,2.1
,2015,12,28,9,0,0,30914,20151228,1016.6,6,0,77,-129.3,20.7,26.5,26,15.9,17.2,2.6
,2015,12,29,9,0,0,30914,20151229,1005.4,6.7,0,68,-130.6,20.4,32.3,25,12.2,15,4.1
,2015,12,30,9,0,0,30914,20151230,1005.5,4.8,0,71,-131.9,20.2,23.9,25.2,10.6,15.6,2.2
,2015,12,31,9,0,0,30914,20151231,1016.4,5.6,0,73,-133.1,21.3,27.4,25.3,14.8,19.5,3.7
,2016,1,1,9,0,0,30914,20160101,1022.5,2.8,2.6,69,-131,20.7,7.4,19.8,17.6,15.5,5.9
,2016,1,2,9,0,0,30914,20160102,1015.9,1.4,20,89,-113,19.2,5.3,20.5,17,18.5,4.1
,2016,1,3,9,0,0,30914,20160103,1006.8,2.4,2.2,96,-114,19.3,12.3,23.9,16.2,23.2,3.3
,2016,1,4,9,0,0,30914,20160104,1012.8,5.3,0,77,-116.3,20.1,21.5,22.6,16.2,15.7,4.3
,2016,1,5,9,0,0,30914,20160105,1022.3,4.9,0,58,-118.4,18.2,26,21.5,10.7,10.5,3
,2016,1,6,9,0,0,30914,20160106,1025.1,4.6,0,67,-121,18.5,25.2,20.6,10.8,13.1,2.4
,2016,1,7,9,0,0,30914,20160107,1023.4,4.2,0,66,-122.4,19.1,20.2,21.9,13.4,13.7,3
,2016,1,8,9,0,0,30914,20160108,1010.5,1.3,35,91,-91.8,19.4,5.6,22.4,16.2,20.9,4.1
,2016,1,9,9,0,0,30914,20160109,1007.2,5.8,0,84,-95.2,20.1,27.1,23.9,18.4,19.3,4
,2016,1,10,9,0,0,30914,20160110,1010.2,4.4,0,75,-98.4,19.4,22.1,22.7,13.3,15.8,4
,2016,1,11,9,0,0,30914,20160111,1018.4,3.8,0,77,-100.9,19.3,22.1,22.1,12.1,16.4,3.1
,2016,1,12,9,0,0,30914,20160112,1017.6,3.2,0,88,-103.6,19.4,14.3,24,16.2,19.1,2
,2016,1,13,9,0,0,30914,20160113,1015.8,5.7,0,73,-106.2,18.8,29.2,25.1,11.2,15,3
,2016,1,14,9,0,0,30914,20160114,1021.4,4.7,0,71,-108.9,20,24.3,24.1,15,16.6,2.5
,2016,1,15,9,0,0,30914,20160115,1021.6,5,0,79,-111.6,20.1,24.8,24.9,13.6,16.9,2.7
,2016,1,16,9,0,0,30914,20160116,1019.2,5.1,0,81,-114,20.4,25.5,26.9,13.5,19,1.7
,2016,1,17,9,0,0,30914,20160117,1015.8,4.1,0,76,-116.1,20.7,20.7,25.7,13.1,19.5,2.4
,2016,1,18,9,0,0,30914,20160118,1014,3.6,28.6,85,-93.4,21,17.5,24.8,18.2,22.1,4.2
,2016,1,19,9,0,0,30914,20160119,1013.9,5.5,0,81,-97.5,21,25.6,25.4,17.9,19.3,3.3
,2016,1,20,9,0,0,30914,20160120,1017.9,4,0,78,-100.8,20.9,21.4,25,15.2,18.9,1.4
,2016,1,21,9,0,0,30914,20160121,1021,5.7,0,77,-103.8,20.7,29.6,27.3,14.8,18.7,1.9
,2016,1,22,9,0,0,30914,20160122,1021.6,5.3,0,77,-106.8,21,25.2,26.8,14.5,17.6,1.8
,2016,1,23,9,0,0,30914,20160123,1019.5,5.8,0,77,-109.6,20.4,29.9,28.8,12.4,17.8,1.8
,2016,1,24,9,0,0,30914,20160124,1017.4,5.6,0,79,-112.1,21.5,28.4,29.3,14.2,20.2,1.6
,2016,1,25,9,0,0,30914,20160125,1017.6,5.3,0,78,-114.4,22.2,24.8,28.6,16.3,21.2,1.8
,2016,1,26,9,0,0,30914,20160126,1016.8,4.4,0,73,-116.5,22.5,20.2,28,16.4,20.1,1.9
,2016,1,27,9,0,0,30914,20160127,1013,4,0,84,-119.2,23,18.4,27.2,20.8,23.8,2.6
,2016,1,28,9,0,0,30914,20160128,1007.7,5.1,0,82,-121.2,22.2,22.7,29.4,17.7,20.9,2.8
,2016,1,29,9,0,0,30914,20160129,1012.8,4.7,0,83,-121,22.7,20.6,27.4,18,21.6,2.2
,2016,1,30,9,0,0,30914,20160130,1018,5.4,0,80,-121.9,22.1,25.7,28.8,16,20,2
,2016,1,31,9,0,0,30914,20160131,1018.5,4.6,0,74,-122.3,22.4,23.6,26.1,18.3,20.6,3
,2016,2,1,9,0,0,30914,20160201,1021.6,3.1,0,88,-121.2,21.7,13.9,24,18.8,20,2.1
,2016,2,2,9,0,0,30914,20160202,1020.5,5,0,83,-121,21.7,23.2,28.4,17.9,20.8,1.8
,2016,2,3,9,0,0,30914,20160203,1019.6,5.6,0,75,-122.7,22.3,27.2,26.8,17.9,21.3,2.6
,2016,2,4,9,0,0,30914,20160204,1018.2,4,0,64,-124.4,21.8,16.7,24.9,16.7,16.2,2.9
,2016,2,5,9,0,0,30914,20160205,1009.7,2.5,0,81,-124.3,21.5,12.5,24.5,18.1,20.6,2.9
,2016,2,6,9,0,0,30914,20160206,1006.6,3.3,0,87,-124.4,21.1,14.3,25.3,18.9,22.5,3.4
,2016,2,7,9,0,0,30914,20160207,1013.4,5.1,0,70,-125.8,21.4,22,26.4,19.8,19.4,3.6
,2016,2,8,9,0,0,30914,20160208,1014.7,3.5,0,76,-127.2,21.6,16.1,24.8,18.6,18.8,2.2
,2016,2,9,9,0,0,30914,20160209,1011.2,2.3,0,80,-128.5,21.3,9.3,23.1,17.2,18.1,1.2
,2016,2,10,9,0,0,30914,20160210,1010.7,4.7,0,79,-129.8,20.9,22.1,28.2,15.8,20.3,2
,2016,2,11,9,0,0,30914,20160211,1016.7,3.6,0,80,-130.9,21.5,15.4,26.9,17.5,19.8,1.3
,2016,2,12,9,0,0,30914,20160212,1019.5,5.3,0,80,-132,21.8,25.2,29.8,16.6,20.6,1.7
,2016,2,13,9,0,0,30914,20160213,1020.3,4.5,0,78,-133.1,21.8,22.9,27.7,15.6,19.9,1.9
,2016,2,14,9,0,0,30914,20160214,1019.9,5,0,67,-134.1,21.7,23,25.8,16.7,17.8,2.9
,2016,2,15,9,0,0,30914,20160215,1020,4.2,0,65,-135.1,21.8,17,25.8,17.4,17.2,3.3
,2016,2,16,9,0,0,30914,20160216,1018.6,3.6,0,73,-134.9,21.3,13.6,25.9,18.6,18.2,2.7
,2016,2,17,9,0,0,30914,20160217,1012.6,2.1,7.7,85,-121.6,20.5,6.6,23.4,17.9,19.7,3.7
,2016,2,18,9,0,0,30914,20160218,1008.1,2.9,44.7,81,-62.6,20.4,13,26.8,19.2,22.7,4.7
,2016,2,19,9,0,0,30914,20160219,1013,3.7,5.9,90,-63.7,20.7,18.3,26.1,17.9,22.3,3
,2016,2,20,9,0,0,30914,20160220,1019.9,4.1,0,81,-66.9,19.2,21.9,25.7,12.1,17.1,2.3
,2016,2,21,9,0,0,30914,20160221,1021,4.4,0,80,-75.2,19.2,20.3,26.8,13.3,18.1,2.5
,2016,2,22,9,0,0,30914,20160222,1022.1,4.8,0,76,-75.2,20.1,23.5,27,15.1,18.7,2.4
,2016,2,23,9,0,0,30914,20160223,1022.8,3.5,0,77,-78.1,21,15,25.9,17.6,18,1.8
,2016,2,24,9,0,0,30914,20160224,1021.8,4.5,0,83,-81,20.4,23.4,27,14,18.1,1.9
,2016,2,25,9,0,0,30914,20160225,1022,4.2,0,82,-83.9,19.5,25.2,26.5,10.5,16.2,2.1
,2016,2,26,9,0,0,30914,20160226,1021.3,4.4,0,84,-85.2,20.5,23.6,27.6,13.1,18.9,2.2
,2016,2,27,9,0,0,30914,20160227,1020.4,3.6,5.3,88,-80.9,20.8,18.3,27.6,14.8,20.5,2.4
,2016,2,28,9,0,0,30914,20160228,1018.1,3.7,1.8,87,-82.8,22.2,18.3,27.7,18.8,23.1,2
,2016,2,29,9,0,0,30914,20160229,1014.1,1.3,8.5,90,-62.2,22.4,5.3,23.3,19.9,24.5,2.4
,2016,3,1,9,0,0,30914,20160301,1016.2,2.2,12.3,93,-54.2,21,10.4,20.6,17.2,18.7,3.1
,2016,3,2,9,0,0,30914,20160302,1021.5,4.6,1.5,74,-56.4,19.7,22.4,23.2,15.6,15.5,3.7
,2016,3,3,9,0,0,30914,20160303,1030,4.4,0,65,-59.1,20,23.3,23.5,15,13.1,3
,2016,3,4,9,0,0,30914,20160304,1029,4,0,79,-61.7,19.9,22.3,25.5,12.4,16.2,1.6
,2016,3,5,9,0,0,30914,20160305,1027,3.9,0,90,-64.2,19.6,22.6,26.1,12.2,18,1.5
,2016,3,6,9,0,0,30914,20160306,1025.3,2.8,0,87,-66.7,19.4,15.3,24.9,11,17.3,2
,2016,3,7,9,0,0,30914,20160307,1022.8,2.5,0,79,-69.1,20.8,11.5,24.3,15.6,19.8,3.4
,2016,3,8,9,0,0,30914,20160308,1020.9,4.8,0,76,-71.3,20.5,21.5,25.9,16.8,19.1,4
,2016,3,9,9,0,0,30914,20160309,1023.5,4.8,0,71,-73.8,20.9,23,25.6,17.3,15.8,2.3
,2016,3,10,9,0,0,30914,20160310,1024.1,4,3.1,88,-70.1,19.6,22,24.6,10.1,16,3.1
,2016,3,11,9,0,0,30914,20160311,1017.7,3.3,0,84,-72.3,21.1,16.2,24.8,14.3,19.1,4
,2016,3,12,9,0,0,30914,20160312,1030.6,4,0,59,-74.7,18.2,23.7,20.8,8.8,9.4,2.9
,2016,3,13,9,0,0,30914,20160313,1030.1,3.3,0,76,-76.9,18,19.5,23.5,7.5,12.6,1.7
,2016,3,14,9,0,0,30914,20160314,1025.5,2,0,90,-79.1,18.6,10.5,22.4,10.9,16.5,1.1
,2016,3,15,9,0,0,30914,20160315,1019.8,2.4,1.4,86,-77.9,18.9,13.6,24.2,12.1,17.3,2.1
,2016,3,16,9,0,0,30914,20160316,1018.1,3.4,0,93,-79.9,20,17.9,26.4,15.6,21,1.7
,2016,3,17,9,0,0,30914,20160317,1021.2,1.9,3,83,-73.8,19.4,9.6,21.2,15.1,16.6,3.3
,2016,3,18,9,0,0,30914,20160318,1022.9,2.4,6.7,91,-63,19.5,12.5,22.6,16.4,19.6,3
,2016,3,19,9,0,0,30914,20160319,1023.9,2.7,2.5,80,-65.5,19.5,12.8,22.3,17.2,17.6,3.3
,2016,3,20,9,0,0,30914,20160320,1024,2.3,0,88,-67.7,19.3,11.8,23.3,16.3,19.5,3.2
,2016,3,21,9,0,0,30914,20160321,1023.2,3.2,0,81,-71.8,19.2,16.3,24.6,15.8,18.9,3.2
,2016,3,22,9,0,0,30914,20160322,1021.5,3.6,0,77,-73.1,19.5,15.8,24.1,17.4,18.4,4.2
,2016,3,23,9,0,0,30914,20160323,1018.6,2.9,4.4,77,-70.3,20,9.2,23.8,19.1,20,6.5
,2016,3,24,9,0,0,30914,20160324,1011.5,0.8,13.9,91,-57.4,20.4,3.8,23,20,23.8,3.9
,2016,3,25,9,0,0,30914,20160325,1014.8,2.1,0,96,-55.7,20.2,10.6,24,18.1,21.5,1.6
,2016,3,26,9,0,0,30914,20160326,1014.3,2.8,0,88,-58.1,20.4,13.9,25.1,17.1,19.7,1.3
,2016,3,27,9,0,0,30914,20160327,1013.4,2.8,0,92,-60.9,19.4,14.9,24.6,14.2,18.8,1.9
,2016,3,28,9,0,0,30914,20160328,1016.7,2.6,0,92,-62.6,18.7,13.9,24.1,12.7,17.8,1.9
,2016,3,29,9,0,0,30914,20160329,1020.8,3.3,0,91,-65,18.1,19.7,24.7,10.6,16.1,1.8
,2016,3,30,9,0,0,30914,20160330,1021.5,3.1,0,81,-69,17.7,17.6,23.5,11.6,13.9,1.4
,2016,3,31,9,0,0,30914,20160331,1026,2.1,0,79,-71.6,17,12.3,21.4,9.8,13.7,1.7
,2016,4,1,9,0,0,30914,20160401,1022.9,1.5,0,76,-74.8,17.4,7,21,12.3,14.9,2.8
,2016,4,2,9,0,0,30914,20160402,1018.5,2.2,4.3,90,-67.3,18.4,11.2,25,16,20.5,2.3
,2016,4,3,9,0,0,30914,20160403,1017.5,2.3,4.7,95,-65.2,19.4,11.4,23.9,16.8,21,2
,2016,4,4,9,0,0,30914,20160404,1014.5,2.7,1.6,91,-62.5,18.9,13.9,22.9,15.6,19,2.2
,2016,4,5,9,0,0,30914,20160405,1016.9,2.6,0,83,-63.9,17.3,14.6,21.2,11.2,14.1,2.4
,2016,4,6,9,0,0,30914,20160406,1022.6,2.6,0,79,-65.3,15.6,18.4,20.7,6.1,10.9,1.3
,2016,4,7,9,0,0,30914,20160407,1021.2,1.6,0,91,-66.8,14.8,11.9,20.9,5.8,12.9,1.7
,2016,4,8,9,0,0,30914,20160408,1016.4,1.6,0,89,-67.9,16.1,9.8,22.2,10.9,16.1,1.9
,2016,4,9,9,0,0,30914,20160409,1020.5,1.6,0,95,-68.5,15.4,10.1,21,8.7,14.4,1.2
,2016,4,10,9,0,0,30914,20160410,1021.5,1.6,0,94,-69.5,16.5,10.5,20.8,10.9,15.7,1.2
,2016,4,11,9,0,0,30914,20160411,1018,1.5,0,93,-70.6,17.4,8.9,22,13.4,17.9,1.3
,2016,4,12,9,0,0,30914,20160412,1018.3,1.7,11.3,93,-59.7,16.4,9.6,23,10.8,16.7,1.9
,2016,4,13,9,0,0,30914,20160413,1018.1,1.6,0,95,-60.7,17.9,7.9,19.9,16,19,2
,2016,4,14,9,0,0,30914,20160414,1026.2,2.6,0,76,-62.5,15.7,16.6,21.5,9.4,11.5,1.8
,2016,4,15,9,0,0,30914,20160415,1026.2,1.9,0,94,-63.1,13.8,16.1,20.5,4.3,11.5,1
,2016,4,16,9,0,0,30914,20160416,1025.3,1.7,0,88,-63.2,14,12.3,20.9,7.1,13,2.3
,2016,4,17,9,0,0,30914,20160417,1018.6,0.9,3.8,86,-54.7,15.5,4.8,19.1,12.9,15.3,2.7
,2016,4,18,9,0,0,30914,20160418,1012.9,2,1.3,89,-56.4,16.8,10.2,22.1,15.3,17.1,2.2
,2016,4,19,9,0,0,30914,20160419,1024.1,2.2,0,84,-59.3,15.5,15,21.9,9,13.1,1.3
,2016,4,20,9,0,0,30914,20160420,1028.3,1.8,0,94,-60.8,15.1,12.2,21,8.9,14,1.3
,2016,4,21,9,0,0,30914,20160421,1029.8,1.7,0,93,-62.1,14.1,13.2,21,6.1,12.7,1.5
,2016,4,22,9,0,0,30914,20160422,1029.8,1.5,0,87,-62.9,15.8,8.4,20,11.6,14.9,1.9
,2016,4,23,9,0,0,30914,20160423,1022.3,1.6,0,94,-64,14.5,12.3,21.4,7.2,13.2,1.7
,2016,4,24,9,0,0,30914,20160424,1015,0.8,3.2,92,-61.7,15.6,5.1,18.7,12.2,17.1,1.8
,2016,4,25,9,0,0,30914,20160425,1017.8,1.8,0,86,-61,13.9,12.2,20.9,7.7,13.3,1.8
,2016,4,26,9,0,0,30914,20160426,1018.5,1.8,0,82,-62.3,14.3,11,20.3,9.2,13.7,2.1
,2016,4,27,9,0,0,30914,20160427,1025.7,1.5,0,94,-63.7,13.1,11.5,20.2,5.7,11.9,1.4
,2016,4,28,9,0,0,30914,20160428,1029.7,1,0,87,-65.1,14.8,6.3,18.6,10.1,14.6,1.5
,2016,4,29,9,0,0,30914,20160429,1029.3,1.3,0,84,-66.5,14.6,5.7,18.3,10.8,13.5,2.2
,2016,4,30,9,0,0,30914,20160430,1027.5,2.1,0,82,-67.3,14.2,13.2,20.9,11.3,13.1,1.6
,2016,5,1,9,0,0,30914,20160501,1030.1,1.5,0,85,-67.5,14.2,11.4,21.6,10,13.5,1.6
,2016,5,2,9,0,0,30914,20160502,1025,1.3,0,96,-68.3,14.6,9.7,21.9,10.7,15.3,1.8
,2016,5,3,9,0,0,30914,20160503,1024.9,1.5,0,95,-69.1,14.3,11.2,22.3,9,14.8,1.3
,2016,5,4,9,0,0,30914,20160504,1025.9,1.2,0,96,-70,14.4,9.6,21.5,8.6,14.9,1
,2016,5,5,9,0,0,30914,20160505,1023.9,0.9,0,89,-66.9,15.1,5.4,21.4,12.2,16.9,2.3
,2016,5,6,9,0,0,30914,20160506,1025.5,0.9,0,96,-67.1,17,5.1,20.4,16.8,19.3,1.4
,2016,5,7,9,0,0,30914,20160507,1027.3,1.5,0,97,-68.1,16.2,10.4,21.8,13.5,16.8,0.9
,2016,5,8,9,0,0,30914,20160508,1027.7,0.6,0,97,-69,15.1,5.3,17.1,9.6,13.9,0.7
,2016,5,9,9,0,0,30914,20160509,1023.2,1.5,0,96,-69.9,14.9,11.2,21.5,10.1,14.1,1.2
,2016,5,10,9,0,0,30914,20160510,1019.4,1.2,0,95,-70.9,14.3,9.7,21.4,9.6,13.8,1
,2016,5,11,9,0,0,30914,20160511,1012.6,0.6,2.9,91,-66.6,15.8,4.6,21.2,12.2,17.3,1.8
,2016,5,12,9,0,0,30914,20160512,1010.2,1.4,1.3,87,-68.5,17.1,6.4,20.4,16.5,17.7,3.1
,2016,5,13,9,0,0,30914,20160513,1014.2,1.3,0,86,-77.4,15.5,5.9,21,13.7,17.1,3.2
,2016,5,14,9,0,0,30914,20160514,1018.7,1.7,0,88,-78.1,15.4,11.4,21.1,13,15.7,2.7
,2016,5,15,9,0,0,30914,20160515,1018.1,1.1,1.5,95,-76.5,13.7,9.7,20.8,8.3,13.5,1.6
,2016,5,16,9,0,0,30914,20160516,1015.4,1.1,7.2,94,-68.1,14.2,6.4,20.3,11.5,16.2,2.7
,2016,5,17,9,0,0,30914,20160517,1012.3,1.5,1.7,80,-64.9,14.2,8.4,18.2,12.3,13.6,3.1
,2016,5,18,9,0,0,30914,20160518,1011.6,0.9,3.2,88,-61.2,12.4,4.2,18.1,6.4,12,3.1
,2016,5,19,9,0,0,30914,20160519,1009.6,1,3.6,84,-56.2,12.6,6.9,17.9,9.9,13.7,3.4
,2016,5,20,9,0,0,30914,20160520,1008.5,1.4,4.1,91,-51.7,13,9.4,20,10.1,14.2,3.4
,2016,5,21,9,0,0,30914,20160521,997.6,1.2,8.6,88,-44.4,13.8,6.7,17,11.3,13,3.2
,2016,5,22,9,0,0,30914,20160522,1003,1.4,1.8,89,-29.7,11.9,8.3,17.2,6.6,10.6,2.9
,2016,5,23,9,0,0,30914,20160523,997,0.9,10,89,-21,11,5.3,14.1,5.3,9.8,3
,2016,5,24,9,0,0,30914,20160524,1000.2,1,14,83,-24.6,12.1,5.3,17.1,8.3,12.7,3.9
,2016,5,25,9,0,0,30914,20160525,998.6,1.3,6.4,84,-25.2,13,5.8,17.8,12.5,13.9,4.2
,2016,5,26,9,0,0,30914,20160526,1002.8,1.2,2.3,88,-23.8,11.7,7.8,17.6,9.3,12.2,3
,2016,5,27,9,0,0,30914,20160527,1009.9,0.8,3.7,91,-20.5,12,4.7,17.8,9.8,13.5,2.3
,2016,5,28,9,0,0,30914,20160528,998.8,1.1,11.5,89,-10.7,14.3,7.6,20.3,12.5,16.8,4.9
,2016,5,29,9,0,0,30914,20160529,1000.6,1,11.1,86,-2.1,14.4,3.3,17.5,14.6,15.5,4
,2016,5,30,9,0,0,30914,20160530,1005.2,1,8,86,-3.7,12.4,6.4,16.2,9.5,11.9,2.8
,2016,5,31,9,0,0,30914,20160531,1005.9,0.9,8.4,90,1.1,11.2,8.1,15,8.2,10.9,2.5
,2016,6,1,9,0,0,30914,20160601,1014.5,0.9,0,93,-4.2,10.2,9.7,14.7,4.5,9.8,2.2
,2016,6,2,9,0,0,30914,20160602,1022.3,0.9,0,86,-5,8.8,10.4,14.6,2.7,7.7,1.8
,2016,6,3,9,0,0,30914,20160603,1028.5,0.7,0,95,-5.7,7.4,9.8,14.2,0.1,7.1,0.8
,2016,6,4,9,0,0,30914,20160604,1032.2,0.8,0,95,-6.4,6.9,9.8,15.5,-0.6,6.9,0.8
,2016,6,5,9,0,0,30914,20160605,1035.3,0.8,0,94,-7.1,6.6,9.6,14.9,-0.5,6.9,0.8
,2016,6,6,9,0,0,30914,20160606,1037.4,0.9,0,94,-7.8,6.4,8.9,16.2,0,7.7,1.8
,2016,6,7,9,0,0,30914,20160607,1034.2,0.9,0,74,-8.3,8.5,6.3,16.2,4.1,9.4,3.6
,2016,6,8,9,0,0,30914,20160608,1026.9,1.2,0,85,-7.7,10.4,6.9,17.1,10.9,12.4,4.4
,2016,6,9,9,0,0,30914,20160609,1017.7,0.9,2,82,-3.5,12.5,3.8,18.9,12.9,15,5.5
,2016,6,10,9,0,0,30914,20160610,1011.6,0.7,4,93,-1.2,14.6,3.7,19.4,16.2,18.9,3.5
,2016,6,11,9,0,0,30914,20160611,1014.6,0.9,0,95,-2.5,13,7.6,18.4,11.2,14.1,2.1
,2016,6,12,9,0,0,30914,20160612,1015.4,0.8,2.1,88,-0.6,11.7,4.3,15.4,8.8,11.9,2.2
,2016,6,13,9,0,0,30914,20160613,1026.1,1,0,81,-1.1,10.6,9.8,13.4,5.8,8.8,3.1
,2016,6,14,9,0,0,30914,20160614,1033.4,0.3,0,95,-4.8,8.8,5.2,13.7,2,8.9,0.9
,2016,6,15,9,0,0,30914,20160615,1024.6,0.5,0,94,-5.2,11.1,7,16.8,6.2,12.6,2.3
,2016,6,16,9,0,0,30914,20160616,1022.4,0.5,0,96,-5.8,9.9,5.2,15.8,6.7,11.5,1.2
,2016,6,17,9,0,0,30914,20160617,1025.6,0.6,0,96,-6.4,8.6,8.5,14.5,2.5,8.6,0.9
,2016,6,18,9,0,0,30914,20160618,1025.4,0.3,0,97,-7.2,10.2,4.2,14.2,4.1,11.4,1.3
,2016,6,19,9,0,0,30914,20160619,1024.5,0.9,0,85,-7.8,10.2,7,16.4,8.3,10.9,1.6
,2016,6,20,9,0,0,30914,20160620,1029,0.8,0,96,-8.2,9.3,8.8,18.9,4.4,9.7,1
,2016,6,21,9,0,0,30914,20160621,1024.9,0.2,3.2,95,-5,11.1,3.5,17.1,6.8,13.7,2.1
,2016,6,22,9,0,0,30914,20160622,1015.3,0.2,34.4,92,37.7,13.3,1.7,18.1,12.6,16.7,3.1
,2016,6,23,9,0,0,30914,20160623,1002.3,1.1,26,88,25.1,15.2,3.3,17.2,14.7,16.5,4.1
,2016,6,24,9,0,0,30914,20160624,1011.1,1.1,1.5,84,0.8,12.6,6.9,16.9,10.7,12.1,3
,2016,6,25,9,0,0,30914,20160625,1011.6,0.5,3.7,92,3.5,11,1.8,16.3,6.8,11.4,2.3
,2016,6,26,9,0,0,30914,20160626,1000.8,1.1,11.8,83,9.3,12.3,6.6,16.5,10.6,13.2,4
,2016,6,27,9,0,0,30914,20160627,999.5,0.8,8.6,88,6.9,11.1,4.5,16.3,8.7,12.5,5
,2016,6,28,9,0,0,30914,20160628,1013.6,0.9,6.9,91,5.1,11.9,7.1,16.6,11,13.1,2.4
,2016,6,29,9,0,0,30914,20160629,1014.9,0.4,10.7,93,10.7,11.6,2.5,14.3,9.2,12.4,2.5
,2016,6,30,9,0,0,30914,20160630,1004.6,0.6,7,97,8.2,11.9,4.4,14.9,11.1,13.1,1.6
,2016,7,1,9,0,0,30914,20160701,1017.8,0.9,1.3,84,1.1,9.4,9.9,12.7,3,7.6,1.9
,2016,7,2,9,0,0,30914,20160702,1025,0.6,0,96,-1.9,6.7,9.9,11.6,-1.7,6.1,1
,2016,7,3,9,0,0,30914,20160703,1023.7,0.6,0,96,-2.6,5.8,9.2,11.2,-1.8,6.3,0.8
,2016,7,4,9,0,0,30914,20160704,1021.1,0.7,0,96,-3.6,6.3,9.7,14.7,-0.6,6.8,0.8
,2016,7,5,9,0,0,30914,20160705,1022.1,0.6,0,96,-4.5,6.6,7.7,15.6,0.8,8.6,1
,2016,7,6,9,0,0,30914,20160706,1023.4,0.2,0,98,-5.5,8.3,4.1,12.2,4.9,10.7,0.8
,2016,7,7,9,0,0,30914,20160707,1019.2,0.9,12.9,87,10.9,9.4,2.6,14.9,7,10.9,4.8
,2016,7,8,9,0,0,30914,20160708,1004.7,1.1,2.3,92,1.3,11.3,5.3,17.1,10.9,13.7,5.4
,2016,7,9,9,0,0,30914,20160709,1012.6,1.8,0,65,-1.6,10.4,6.4,13.9,10,8.2,4.1
,2016,7,10,9,0,0,30914,20160710,1017.6,1.4,0,79,-2.5,8.9,7.7,15.3,5.9,8.4,2.9
,2016,7,11,9,0,0,30914,20160711,1024.5,1.2,0,83,-3.2,8.1,9.8,14.6,4.3,7.8,2.4
,2016,7,12,9,0,0,30914,20160712,1027.5,0.9,0,90,-4.2,7.1,9.6,15.6,0.9,7.4,1.1
,2016,7,13,9,0,0,30914,20160713,1024.4,0.9,27.2,90,20.7,6.5,6.4,14.6,2,7.8,2.3
,2016,7,14,9,0,0,30914,20160714,1006.1,0.3,1.4,90,0.9,10.9,7.5,15.3,5.6,13.4,4.9
,2016,7,15,9,0,0,30914,20160715,1010.9,1.2,3.2,85,3,8.9,6.7,15.8,6.6,10.8,4.1
,2016,7,16,9,0,0,30914,20160716,1011.6,1.3,0,86,-0.5,9.2,8,13.9,7.8,10,3
,2016,7,17,9,0,0,30914,20160717,1011.9,1.1,1.3,84,-0.2,9.6,7.1,15.5,8.1,11.5,4.7
,2016,7,18,9,0,0,30914,20160718,1009.7,1,1.5,93,-0.5,8.5,8.3,14.7,4.1,9.3,2
,2016,7,19,9,0,0,30914,20160719,1010.5,1,5.7,91,6.2,7.8,6.1,15.4,2.7,9.1,3.5
,2016,7,20,9,0,0,30914,20160720,1005.8,1.3,2.6,80,3.2,9.9,8.9,15.3,7,10.6,5.6
,2016,7,21,9,0,0,30914,20160721,1015.3,1.1,0,77,-1.2,10.1,7.1,14.9,8.9,11,3
,2016,7,22,9,0,0,30914,20160722,1021.3,0.9,6,96,3.4,8.3,7.1,15.8,3.3,8.6,1.2
,2016,7,23,9,0,0,30914,20160723,1006.2,0,8.6,90,9.1,11.8,5.3,17.6,5.4,15.3,4.2
,2016,7,24,9,0,0,30914,20160724,998,2,6.5,78,4.9,13.2,7.5,16.5,14,13.3,7
,2016,7,25,9,0,0,30914,20160725,1010,1.2,24.7,79,20.5,10.4,8.1,15,8.5,10.3,3.3
,2016,7,26,9,0,0,30914,20160726,1007.5,0.7,2.8,93,4.6,9.9,5.8,14.3,6.5,11.2,1.8
,2016,7,27,9,0,0,30914,20160727,1017,0.8,0,94,-0.6,9.1,7.6,17,5.5,11.2,2
,2016,7,28,9,0,0,30914,20160728,1009.8,0.8,7.2,89,7.6,10.5,4.4,15.1,8.6,12.8,3.2
,2016,7,29,9,0,0,30914,20160729,1001.9,1.4,7.1,81,6.9,10.4,8.5,14.8,8.9,11.5,6.1
,2016,7,30,9,0,0,30914,20160730,1011.5,1.3,3.9,88,3.6,8.9,7.2,15.4,5.4,9.7,3.1
,2016,7,31,9,0,0,30914,20160731,1007.4,1.3,8.5,80,6.9,9.5,6.8,12.6,6.9,9.3,4.7
,2016,8,1,9,0,0,30914,20160801,1010.3,1,5.9,91,5.9,8.4,8.1,14.9,5.7,10.5,2.8
,2016,8,2,9,0,0,30914,20160802,1004.7,1.3,2.1,93,2.2,9.5,11.4,15.7,7.7,11,2.3
,2016,8,3,9,0,0,30914,20160803,1010.5,0.6,5.3,92,3.2,10.6,5.5,15.8,7.7,12.7,3.5
,2016,8,4,9,0,0,30914,20160804,1006.2,0.6,4.1,92,2,11.2,3.7,14.4,10.4,12.9,2.4
,2016,8,5,9,0,0,30914,20160805,999.1,1,3.7,93,2.1,10.3,9.1,14.7,7.6,11.5,2.2
,2016,8,6,9,0,0,30914,20160806,999.6,1.1,3.2,88,1.9,9.3,6.4,9.3,5.2,8.5,3.2
,2016,8,7,9,0,0,30914,20160807,1007.1,1.7,0,69,0.4,8.2,11,11.7,5.2,6.7,3.8
,2016,8,8,9,0,0,30914,20160808,1012.7,1.1,0,91,-2.5,6,12.7,11.4,-1.6,6.2,1.3
,2016,8,9,9,0,0,30914,20160809,1020.1,1.5,0,83,-3.8,6,12.2,13.3,-0.4,6.8,2.8
,2016,8,10,9,0,0,30914,20160810,1021.6,1.5,0,72,-4.4,8,5.8,12.2,6,8.3,5.3
,2016,8,11,9,0,0,30914,20160811,1023.3,1.3,0,79,-5.6,8.8,5.8,13.8,8.8,9.7,3.9
,2016,8,12,9,0,0,30914,20160812,1022.5,1.1,0,90,-7,8.2,8.9,15.3,3.7,9.1,2.2
,2016,8,13,9,0,0,30914,20160813,1016.9,1,0,88,-8.2,10.6,7.1,15.7,8.6,13,2.8
,2016,8,14,9,0,0,30914,20160814,1020.2,1.2,0,95,-9.4,8.5,10.6,15,3.3,9.9,2
,2016,8,15,9,0,0,30914,20160815,1019.3,1.5,0,85,-10.3,9,13,15.6,6.3,9.6,1.3
,2016,8,16,9,0,0,30914,20160816,1023.4,1.5,0,95,-10.5,7.8,14,16.9,1.8,9,1.3
,2016,8,17,9,0,0,30914,20160817,1025.9,1.4,0,90,-11.8,7.9,14.4,15.5,1.7,8.4,1.1
,2016,8,18,9,0,0,30914,20160818,1025.6,1.4,0,96,-13,7.4,10.8,15.1,1.1,8,1.1
,2016,8,19,9,0,0,30914,20160819,1030,1.7,0,82,-15.4,8.1,14.3,15.6,2.4,8.1,1.8
,2016,8,20,9,0,0,30914,20160820,1028.5,1.7,0,86,-16.7,9.5,11.3,15.5,6.7,9.9,2.4
,2016,8,21,9,0,0,30914,20160821,1028,1.8,0,82,-17.9,8.5,15.2,15.9,4.7,9,3.1
,2016,8,22,9,0,0,30914,20160822,1023.7,1.2,0,89,-19,9.2,10.8,16.1,5.6,10.7,2
,2016,8,23,9,0,0,30914,20160823,1020.4,1.8,0,91,-19.1,10,13.1,16.8,6,11,2.6
,2016,8,24,9,0,0,30914,20160824,1019,0.5,8.3,96,-8.9,9.6,4.1,12.7,4.7,10.5,1.8
,2016,8,25,9,0,0,30914,20160825,1012.5,0.5,23.3,96,11.5,11.2,2.3,17.1,8.7,13.7,2.4
,2016,8,26,9,0,0,30914,20160826,1000,1.5,8.6,87,9.8,12.6,6.8,18.6,12,16,6
,2016,8,27,9,0,0,30914,20160827,1012.3,2.4,1.4,70,-0.1,11.7,11.7,15.1,10,10,6.1
,2016,8,28,9,0,0,30914,20160828,1020.7,1.8,0,90,-0.6,9.9,14,17.1,5.5,10.8,1.8
,2016,8,29,9,0,0,30914,20160829,1009.9,0.6,0,93,-1.8,10.1,3.5,12.9,4.6,10.2,2
,2016,8,30,9,0,0,30914,20160830,1014.8,1.9,0,91,-3,10.4,13,17.9,8,11.9,1.5
,2016,8,31,9,0,0,30914,20160831,1027.5,2,0,94,-4.2,9.8,14.9,17.9,4.3,10.4,1.1
,2016,9,1,9,0,0,30914,20160901,1027.3,1.3,0,93,-6.1,10.1,10,15.3,4.9,11,1.5
,2016,9,2,9,0,0,30914,20160902,1021.8,1.6,0,92,-7.9,11.5,9.9,18,8.9,12.4,2.7
,2016,9,3,9,0,0,30914,20160903,1019.4,1.8,0,83,-9.7,12.7,9.5,17.7,11.5,13.5,3.4
,2016,9,4,9,0,0,30914,20160904,1020.5,1.3,6.3,93,-3.8,13.5,6.7,17.8,12.7,15.5,2.6
,2016,9,5,9,0,0,30914,20160905,1012,2.7,0,75,-6.2,13.4,12.1,16.5,12.7,12.2,5.4
,2016,9,6,9,0,0,30914,20160906,1018.2,2.3,1.4,84,-5.2,12.5,12.6,16.8,10.4,12.3,3
,2016,9,7,9,0,0,30914,20160907,1020.9,2,2.4,81,-4,11.5,10,16.1,6.7,10.8,3.8
,2016,9,8,9,0,0,30914,20160908,1012.4,1.4,0,88,-5.7,10.6,8,10.8,5.6,8.9,3.7
,2016,9,9,9,0,0,30914,20160909,1020.8,2.7,0,64,-7.7,8.4,16.6,14,2.2,6.6,3.5
,2016,9,10,9,0,0,30914,20160910,1019.4,2.9,0,68,-9.7,8.8,18.5,16.8,2.6,7.8,3.8
,2016,9,11,9,0,0,30914,20160911,1023.7,2.4,0,80,-11.6,8.6,19.1,16.8,2.4,8.6,2.1
,2016,9,12,9,0,0,30914,20160912,1026.9,1.6,0,90,-13.5,9.2,12.8,15.6,2.1,10.4,1.8
,2016,9,13,9,0,0,30914,20160913,1027.5,1.8,0,83,-15.5,10.4,12.9,17.5,4.3,10.8,2.1
,2016,9,14,9,0,0,30914,20160914,1026.3,1.7,7.6,86,-7.5,12.1,8.9,17.5,10.5,13.1,2.4
,2016,9,15,9,0,0,30914,20160915,1024.6,1.2,6.2,95,-3,13.1,5.4,15.9,12.6,14.3,2.7
,2016,9,16,9,0,0,30914,20160916,1025.6,1.2,5.7,94,-0.2,13.6,6.6,18.2,12.7,15.8,2.8
,2016,9,17,9,0,0,30914,20160917,1015.6,1.1,7.9,83,4.6,13.9,4.3,16.8,13.6,15.3,3.4
,2016,9,18,9,0,0,30914,20160918,1004,2.1,0,92,-1.8,13.7,10,18.7,12.9,14.7,3.2
,2016,9,19,9,0,0,30914,20160919,1013.3,2.8,0,79,-4.3,13.2,17.6,18.3,9.5,12.3,2.5
,2016,9,20,9,0,0,30914,20160920,1015.2,2.2,9.8,72,6.4,12.9,11.3,15.1,8.7,10.5,2.8
,2016,9,21,9,0,0,30914,20160921,1010.6,1.6,9,87,7.2,12.9,8.7,14.4,11.5,12.7,5.1
,2016,9,22,9,0,0,30914,20160922,1012.3,1.6,3.4,87,1.6,12.9,10.5,16,10.7,12.8,3.4
,2016,9,23,9,0,0,30914,20160923,1013.9,1.8,3.4,90,6,14,11.1,18.1,12.2,14.7,2
,2016,9,24,9,0,0,30914,20160924,1012.7,2.1,3.6,82,1.7,14.6,10.6,18.1,13.2,14.6,3.2
,2016,9,25,9,0,0,30914,20160925,1005.7,1.2,6.1,89,5.1,14.2,4.8,14.7,13.4,14.5,5.8
,2016,9,26,9,0,0,30914,20160926,1005.7,2.6,0,79,-1.9,13.6,11.8,17.7,11.4,12.7,4.1
,2016,9,27,9,0,0,30914,20160927,1004.8,2.2,0,81,-4.4,14.1,12.7,17.7,12.4,13.7,4.5
,2016,9,28,9,0,0,30914,20160928,1003.9,2.1,15.9,82,7.9,14.2,12.6,18.2,11.6,13.4,2.7
,2016,9,29,9,0,0,30914,20160929,1006.3,1.5,10.6,94,9.2,14.7,8.1,17,12.4,15.1,3.1
,2016,9,30,9,0,0,30914,20160930,1015.4,2.4,2.5,83,3.1,14.8,14.8,17.5,12.6,14,3.8
,2016,10,1,9,0,0,30914,20161001,1019.2,2,0,81,-3.7,15,12.1,18.8,11.6,14.5,2.4
,2016,10,2,9,0,0,30914,20161002,1011.9,1.4,8.2,90,1.6,15.1,6.6,17.5,13.8,15.5,2.8
,2016,10,3,9,0,0,30914,20161003,1007.6,2.3,9,94,4.5,14.2,13.2,18.5,10,14.6,2
,2016,10,4,9,0,0,30914,20161004,1007.6,2.2,11.5,90,6.5,14.1,13.2,18.8,9.3,14.3,2.6
,2016,10,5,9,0,0,30914,20161005,1001.1,3.8,5.4,80,3.2,15,18.6,18.6,12.5,13.7,5
,2016,10,6,9,0,0,30914,20161006,1000.9,2.5,6.5,82,5.7,14.8,11.8,16.7,12,13.9,5.3
,2016,10,7,9,0,0,30914,20161007,999.5,2.7,11.8,86,7.8,13.4,16,16.2,8.9,11.6,3.7
,2016,10,8,9,0,0,30914,20161008,1012.8,3.2,0,74,-3.7,13.1,18.5,18,7.2,11.5,4.4
,2016,10,9,9,0,0,30914,20161009,1008.6,2.2,1.1,83,-4.4,14.8,10.2,17.4,12.9,14.9,3.8
,2016,10,10,9,0,0,30914,20161010,1016.6,2.2,0,78,-7.3,13.9,10.4,17.2,10.2,11.1,3.4
,2016,10,11,9,0,0,30914,20161011,1015.2,3.1,0,80,-10.1,14.8,18.6,21,10.1,14.9,2.5
,2016,10,12,9,0,0,30914,20161012,1006.1,2.5,0,89,-13,15.7,12.8,20.1,13.2,16.9,3.5
,2016,10,13,9,0,0,30914,20161013,1012.7,3.2,0,76,-15.4,13.9,20,18.5,6.3,11.6,2.5
,2016,10,14,9,0,0,30914,20161014,1009.8,2.2,1.8,78,-15.6,13.5,13.4,18,5.5,12.3,2.6
,2016,10,15,9,0,0,30914,20161015,1005.9,2.6,1.4,81,-16,13.3,14.8,15.8,8.1,11.5,2.8
,2016,10,16,9,0,0,30914,20161016,1014.5,2.9,3.9,78,-12.1,12.8,20.3,18,5.5,11.9,3.9
,2016,10,17,9,0,0,30914,20161017,1019.5,4.2,0,70,-14.7,14.3,21.4,19.6,11.4,12.8,4.6
,2016,10,18,9,0,0,30914,20161018,1020,3.7,0,81,-17.9,14,22.4,19.9,6.9,13.2,3.1
,2016,10,19,9,0,0,30914,20161019,1017.8,1.9,0,85,-20.8,14.3,11.5,19.6,8.8,14.8,3.1
,2016,10,20,9,0,0,30914,20161020,1016.2,1.8,1.5,90,-22,16.2,7.1,19.1,14.2,17.1,3.3
,2016,10,21,9,0,0,30914,20161021,1017.4,3.9,5.1,79,-19.9,15.2,22.3,18.6,10.1,13,3.3
,2016,10,22,9,0,0,30914,20161022,1017.5,4.1,0,73,-22.6,15.1,21.6,18.9,9.7,11.3,2.7
,2016,10,23,9,0,0,30914,20161023,1018.4,3.9,0,72,-25.4,14.2,25.2,20.4,4.5,10.5,1.6
,2016,10,24,9,0,0,30914,20161024,1017.4,2.7,0,75,-28.2,15.6,15,20,9.5,13.9,2.3
,2016,10,25,9,0,0,30914,20161025,1013.8,2.4,1.8,85,-29.4,16.4,10.6,19.6,14.7,16.1,2.5
,2016,10,26,9,0,0,30914,20161026,1011.8,3.5,2.1,78,-29.3,16.1,18.3,19.2,12.1,14.8,4.7
,2016,10,27,9,0,0,30914,20161027,1016.9,3.9,6.3,79,-20.9,16,19.7,19.7,11.4,14.3,3.4
,2016,10,28,9,0,0,30914,20161028,1015.9,3.7,1.1,74,-22.2,15.8,19.6,19.9,10.2,13.4,3.5
,2016,10,29,9,0,0,30914,20161029,1015.6,4.6,1.4,69,-22.9,16,22.9,18.2,10.8,12,4
,2016,10,30,9,0,0,30914,20161030,1019.9,3.8,0,70,-25.8,14.5,24.1,17.8,5,9.9,2.1
,2016,10,31,9,0,0,30914,20161031,1022.1,3.6,0,61,-28.8,14,24.5,18,4.3,8.8,1.8
,2016,11,1,9,0,0,30914,20161101,1016.9,3.6,2.2,73,-38.5,14,25,18.8,3.8,11.4,2.4
,2016,11,2,9,0,0,30914,20161102,1008.9,3.6,1.6,81,-40.6,15.9,18.2,19.2,12.6,15.5,4.5
,2016,11,3,9,0,0,30914,20161103,1009,4.4,0,67,-42.7,14.7,23.6,19.4,7.5,11.2,3.4
,2016,11,4,9,0,0,30914,20161104,1006.3,4.1,0,69,-48.8,15.2,22.3,17.7,9.7,11,4.5
,2016,11,5,9,0,0,30914,20161105,1009.3,3.6,1.6,79,-50.5,15.2,19.8,19.7,9.2,13.3,3.4
,2016,11,6,9,0,0,30914,20161106,1009.6,3.7,19.6,83,-35.8,16.2,18.3,21.9,12,16.5,3.6
,2016,11,7,9,0,0,30914,20161107,1000.9,3.5,8.3,90,-31.2,16.2,14.5,19.6,13.5,16.1,4.8
,2016,11,8,9,0,0,30914,20161108,1007.3,5.3,0,64,-34.6,15.6,22.3,20.5,11.7,11.7,6.7
,2016,11,9,9,0,0,30914,20161109,1016.5,5.1,0,75,-36.9,15.9,28.6,23.2,9.6,14.8,3.4
,2016,11,10,9,0,0,30914,20161110,1015.5,3.6,0,76,-40.8,17.3,17.1,20.9,13.3,15,2.7
,2016,11,11,9,0,0,30914,20161111,1010.1,4.1,5.9,79,-39.7,18,20.1,21.7,13.5,16.6,3.5
,2016,11,12,9,0,0,30914,20161112,999.2,2.7,0,89,-42.7,17.5,12.8,17.4,14.4,15.8,5.4
,2016,11,13,9,0,0,30914,20161113,1008,4.2,0,61,-46.5,16.3,19.9,18.4,11.1,10.7,4.5
,2016,11,14,9,0,0,30914,20161114,1014.8,2.8,0,74,-50.2,15.7,17.6,20.2,7.3,13.3,2.1
,2016,11,15,9,0,0,30914,20161115,1007.2,1.1,17.1,87,-42,17.1,4.1,18.9,14.6,17.5,5.2
,2016,11,16,9,0,0,30914,20161116,1000.6,4.3,6.9,87,-32.2,17,20.4,19.4,14.8,16.2,5.2
,2016,11,17,9,0,0,30914,20161117,992.3,3.8,6.7,80,-28.8,16.6,18.1,17.2,11.2,12.6,4.4
,2016,11,18,9,0,0,30914,20161118,1006.4,5,0,63,-33.7,15.4,27.3,18.9,6.7,10,3.6
,2016,11,19,9,0,0,30914,20161119,1010.4,2,1.3,81,-35.9,15.9,6.8,18.9,11.2,14.8,4.8
,2016,11,20,9,0,0,30914,20161120,1014.1,6,0,63,-39,16.3,27,19.7,12.6,11.8,5.5
,2016,11,21,9,0,0,30914,20161121,1022.5,5.6,0,66,-43,16.2,29.7,20.4,8.8,12.2,4
,2016,11,22,9,0,0,30914,20161122,1025.5,5.2,0,75,-48.7,16.9,28.9,23.5,8.6,14.3,2.4
,2016,11,23,9,0,0,30914,20161123,1022.7,5.4,0,75,-52.3,17.4,30.5,23.8,8.7,14.3,2.8
,2016,11,24,9,0,0,30914,20161124,1018.5,4.6,0,82,-56,17.8,24.1,23.5,10,14.6,1.7
,2016,11,25,9,0,0,30914,20161125,1010.7,1.6,4.7,84,-55.5,18.7,7.1,20.3,13.9,17.4,3
,2016,11,26,9,0,0,30914,20161126,1007.2,5,0,77,-58.8,17.8,24.7,22,12,15.3,4.2
,2016,11,27,9,0,0,30914,20161127,1005,4.5,0,70,-59.8,17.4,18.2,20.6,12,13.5,6
,2016,11,28,9,0,0,30914,20161128,1008.3,5.3,0,65,-63.4,16.2,25.7,18.6,9.8,10.9,5.7
,2016,11,29,9,0,0,30914,20161129,1014.1,3.7,0,69,-66.9,16.6,19.3,19.1,10.4,13,4.1
,2016,11,30,9,0,0,30914,20161130,1014.8,3.6,0,73,-70.4,17.5,16.5,20.5,13.7,13.9,3.4
,2016,12,1,9,0,0,30914,20161201,1015.1,3.7,0,80,-73.6,17.7,18.4,22.1,11.8,16.1,2.5
,2016,12,2,9,0,0,30914,20161202,1013.6,4.3,0,80,-73,18.5,20.7,22.2,13.2,16,2.4
,2016,12,3,9,0,0,30914,20161203,1014.5,4.5,0,67,-76.9,18.5,23.7,22.1,10.2,12.9,1.6
,2016,12,4,9,0,0,30914,20161204,1017.6,4.5,0,72,-80.5,18.5,23,22.4,10.4,14,2
,2016,12,5,9,0,0,30914,20161205,1019.9,5,0,77,-83.5,19.5,27.8,24.4,11.7,16.6,1.7
,2016,12,6,9,0,0,30914,20161206,1021.9,4.5,0,72,-84.2,20,23.7,24.7,12,17,1.7
,2016,12,7,9,0,0,30914,20161207,1018.2,3.9,2.6,74,-80.7,20.5,20.6,23.3,13.4,17.8,2.7
,2016,12,8,9,0,0,30914,20161208,1011.4,1.5,3.3,92,-78.2,18.7,7.1,19.8,14.5,16.1,2.5
,2016,12,9,9,0,0,30914,20161209,1012.8,4.1,2.6,87,-81.5,19.7,22.4,25,15.1,20,1.8
,2016,12,10,9,0,0,30914,20161210,1009.2,2.6,2.6,80,-82.6,20.6,11.4,22.9,16.5,19.8,2.8
,2016,12,11,9,0,0,30914,20161211,1009.6,5.4,0,71,-84.8,18.2,24.1,19.3,11.9,12.5,5.3
,2016,12,12,9,0,0,30914,20161212,1012.3,4.8,0,74,-87.3,18,23.3,20.1,11.7,13.9,4.5
,2016,12,13,9,0,0,30914,20161213,1017.6,5.6,0,58,-90.4,17.1,30.2,20.5,8.6,10,3.3
,2016,12,14,9,0,0,30914,20161214,1015.8,2.6,0,74,-93.5,17.4,10.6,19.9,10.6,12.9,4.1
,2016,12,15,9,0,0,30914,20161215,1013.7,3.6,0,78,-96.2,18,14.5,22.6,14.1,16.4,4.7
,2016,12,16,9,0,0,30914,20161216,1017,6.1,0,64,-100.5,17.5,28.1,20.8,11.9,12.3,4.4
,2016,12,17,9,0,0,30914,20161217,1021.6,5.3,0,66,-103.1,17.6,29.2,23.3,7.9,12.6,1.8
,2016,12,18,9,0,0,30914,20161218,1020.7,4.7,0,79,-105.9,18.5,26.4,23.5,8.7,15.6,2.5
,2016,12,19,9,0,0,30914,20161219,1014.9,2.7,0,80,-105.9,19,10.5,21.1,13.2,17.2,3
,2016,12,20,9,0,0,30914,20161220,1021.1,5.6,0,66,-108.3,17.5,31.6,22.9,7.8,11.9,1.8
,2016,12,21,9,0,0,30914,20161221,1022.6,5.3,0,67,-110.7,18.6,29.2,25,9.6,14.7,1.8
,2016,12,22,9,0,0,30914,20161222,1014.5,4.2,17.7,77,-75.5,20.2,21.8,24.6,12.5,18,2.4
,2016,12,23,9,0,0,30914,20161223,1003.9,5.7,2.5,66,-79.1,19.3,24.7,19.8,13.3,12.3,5.2
,2016,12,24,9,0,0,30914,20161224,1009.6,5.2,0,66,-82.6,17.8,25.4,20.7,8.2,11.8,4.3
,2016,12,25,9,0,0,30914,20161225,1015.1,3.8,0,70,-86.1,18.2,16.9,20.9,10.3,13.9,3.4
,2016,12,26,9,0,0,30914,20161226,1019.1,4,0,74,-89.6,18.5,19.6,22.6,10.8,14,1.8
,2016,12,27,9,0,0,30914,20161227,1019.5,4,0,71,-92.9,19.5,16.7,21.1,14.1,15,3.1
,2016,12,28,9,0,0,30914,20161228,1015.3,5.7,0,82,-95.9,20,27,24.1,13.6,18.7,4.4
,2016,12,29,9,0,0,30914,20161229,1010.8,3.3,0,65,-103.5,18.8,14,18.2,11.6,11.9,3.6
,2016,12,30,9,0,0,30914,20161230,1013.2,5.2,0,67,-106.1,17.7,28,22.9,8.2,12.6,2
,2016,12,31,9,0,0,30914,20161231,1016,4.9,0,72,-108.5,18.9,25.9,23.8,8.5,14.4,2.2
,2017,1,1,9,0,0,30914,20170101,1014.1,3.3,0,76,-106.8,19.5,16.2,23.1,12.8,17.1,2.9
,2017,1,2,9,0,0,30914,20170102,1010.5,2.1,4,82,-100,19.7,8.4,22.1,15.6,19.1,2.8
,2017,1,3,9,0,0,30914,20170103,1010.9,2,8.3,97,-98.4,20,5.6,22.6,18.6,21.8,4
,2017,1,4,9,0,0,30914,20170104,1010.5,5.3,1.6,77,-101.3,19.4,21.6,20.3,15.8,15,5.4
,2017,1,5,9,0,0,30914,20170105,1018.1,5.7,0,60,-104.2,17.6,31.7,22,7.3,10.1,2.5
,2017,1,6,9,0,0,30914,20170106,1019,4.6,0,70,-106.8,18,26.2,21.8,7.3,12.7,2.6
,2017,1,7,9,0,0,30914,20170107,1012.7,5.6,0,68,-109.3,18.7,27.1,22,11.4,13.3,3.5
,2017,1,8,9,0,0,30914,20170108,1011.2,5.4,0,63,-111.7,18.8,22.3,21.4,12.8,12.2,4.4
,2017,1,9,9,0,0,30914,20170109,1013.1,4.3,0,73,-116.1,18.9,19.5,21.9,13.7,14.9,4.5
,2017,1,10,9,0,0,30914,20170110,1013.8,4,0,85,-118.1,19.3,18,24.7,14.4,19.6,4.5
,2017,1,11,9,0,0,30914,20170111,1016.7,5.3,0,76,-120,19.8,23.9,26.2,13.9,17,3.3
,2017,1,12,9,0,0,30914,20170112,1012.1,5.7,0,73,-121.4,20.4,25.4,25.8,14.2,17.3,4
,2017,1,13,9,0,0,30914,20170113,1007.6,5.3,1.5,85,-119.5,21.1,22.1,25,18.1,19.3,4.5
,2017,1,14,9,0,0,30914,20170114,1012.8,4.9,0,72,-121.4,19.7,26.1,24.7,10.2,14.4,2.1
,2017,1,15,9,0,0,30914,20170115,1007.8,2.4,0,86,-122.4,21,9.2,24.8,16.3,21.7,4
,2017,1,16,9,0,0,30914,20170116,1012.9,6.1,0,68,-124,19.4,27.3,23.3,13.1,14.1,3.9
,2017,1,17,9,0,0,30914,20170117,1016.3,6.1,0,66,-125.5,19,30.8,25.8,8.8,13.6,3.2
,2017,1,18,9,0,0,30914,20170118,1011.6,3.6,0,79,-126.4,20,17.8,24.6,12.4,17.2,3.4
,2017,1,19,9,0,0,30914,20170119,998,3.4,2.4,79,-124.6,19.8,14.5,21.4,15,16.5,4.3
,2017,1,20,9,0,0,30914,20170120,1004.6,5.5,0,69,-124.6,17.7,27.4,21.5,10.7,12,4
,2017,1,21,9,0,0,30914,20170121,1014.6,4.5,2,76,-122.6,17.5,21.4,23.6,7.7,13.5,3.8
,2017,1,22,9,0,0,30914,20170122,997.9,4.8,6.2,79,-116.8,18.6,21.4,22.6,13.9,17.7,7.6
,2017,1,23,9,0,0,30914,20170123,1005.5,4.5,0,67,-117.8,18.1,19.2,20.7,14.3,13.3,5.6
,2017,1,24,9,0,0,30914,20170124,1017.8,4.9,0,68,-120.6,17.9,25.2,24,11.7,14,2
,2017,1,25,9,0,0,30914,20170125,1015.1,2.5,0,82,-122.1,18.5,11.3,21.5,11.2,15.7,3.3
,2017,1,26,9,0,0,30914,20170126,1014.3,5.2,0,67,-123.8,17,27.6,23.2,8.3,12.2,3.3
,2017,1,27,9,0,0,30914,20170127,1015.3,5.2,0,71,-125.4,18.2,26.3,24,11.2,14,3.3
,2017,1,28,9,0,0,30914,20170128,1019.5,5.7,0,71,-126.8,18.6,29,26.5,10.3,14.8,2.1
,2017,1,29,9,0,0,30914,20170129,1021.9,4.9,0,79,-128.2,19.4,25.3,25.7,10.6,17.2,2.4
,2017,1,30,9,0,0,30914,20170130,1021.2,5.3,0,75,-129.5,18.7,26.7,27.5,9.5,14.6,2.3
,2017,1,31,9,0,0,30914,20170131,1021.1,4.3,0,80,-130.8,20.4,19.3,26.3,15.4,18.4,2.6
,2017,2,1,9,0,0,30914,20170201,1019.5,3.4,0,81,-132.9,20.3,17.4,24.6,13.4,18.1,2.9
,2017,2,2,9,0,0,30914,20170202,1017.3,4.3,0,78,-133.6,20.7,17.5,26.1,16.2,19.1,3.3
,2017,2,3,9,0,0,30914,20170203,1013.8,5,2.3,92,-131.7,21,19.6,27.2,18.3,21.2,4.2
,2017,2,4,9,0,0,30914,20170204,1018,5.5,0,78,-132.1,19.5,28.4,25,9.7,14.9,3.6
,2017,2,5,9,0,0,30914,20170205,1020.4,5.4,0,74,-133.5,20.1,27.4,27.7,11.7,16.3,2.2
,2017,2,6,9,0,0,30914,20170206,1020.1,5.4,0,85,-134.3,20.1,27.2,28.6,10.9,16.8,2.4
,2017,2,7,9,0,0,30914,20170207,1018.2,4.2,0,89,-135.1,22,16.3,28,16.1,22.5,3.9
,2017,2,8,9,0,0,30914,20170208,1017.3,2.8,2.3,79,-133.3,22.3,7.3,23.3,19,18.6,3.4
,2017,2,9,9,0,0,30914,20170209,1020,4.7,0,64,-134.3,19.1,18.3,22.7,14.8,12,4.1
,2017,2,10,9,0,0,30914,20170210,1014.4,4.1,0,60,-135.1,18.5,20.7,23.5,9.4,11.4,2.4
,2017,2,11,9,0,0,30914,20170211,1008.2,5,0,76,-135.8,18.5,25.5,25.3,10.5,14.2,2.4
,2017,2,12,9,0,0,30914,20170212,1004,3.3,1.1,80,-135.3,18.8,15,25,11.3,15.7,3.6
,2017,2,13,9,0,0,30914,20170213,1003.4,2.6,1.5,85,-134.9,20.8,9.9,26.3,16.3,22.2,5.3
,2017,2,14,9,0,0,30914,20170214,1009.4,1.5,2.1,91,-133.4,20.6,7.2,20.7,17.3,19.4,1.6
,2017,2,15,9,0,0,30914,20170215,1013.6,4.1,0,74,-133.5,20.1,18.7,25.4,14.9,16.8,2.1
,2017,2,16,9,0,0,30914,20170216,1015.8,1,70.1,96,-73,19.5,4.4,19.8,14.1,17.3,2.2
,2017,2,17,9,0,0,30914,20170217,1015.4,2.1,18.7,95,-59.1,19.6,10.1,23.6,15.4,19.9,2.5
,2017,2,18,9,0,0,30914,20170218,1018.5,2.6,13.7,94,-49,20.1,13.8,24.9,17.3,22.3,2
,2017,2,19,9,0,0,30914,20170219,1022,3.9,0,90,-51.3,21.1,17,25.4,19.4,22.1,3.5
,2017,2,20,9,0,0,30914,20170220,1025.4,3.7,0,77,-54.8,21.2,17.6,24.4,15.6,19.4,3.9
,2017,2,21,9,0,0,30914,20170221,1024.8,4.5,0,69,-58.5,20.2,20.6,24.8,14.8,15.5,1.9
,2017,2,22,9,0,0,30914,20170222,1019.8,4.1,0,83,-62.3,20.3,20.6,25.6,14.2,17.5,2
,2017,2,23,9,0,0,30914,20170223,1019.8,4.4,0,81,-66,20.2,20.9,27,13.7,17.6,1.8
,2017,2,24,9,0,0,30914,20170224,1020.7,4.4,0,72,-69.7,20.8,20.2,25.7,15.9,16.9,2.2
,2017,2,25,9,0,0,30914,20170225,1016.1,4.6,0,87,-73.4,20.9,21.7,25.1,15.6,18.9,2.3
,2017,2,26,9,0,0,30914,20170226,1018.3,4.3,0,86,-76.4,20.3,21.7,25.9,12.2,17.4,2.3
,2017,2,27,9,0,0,30914,20170227,1027.4,2.6,1.3,81,-78.3,20.5,12.3,24,13.3,18.2,2.5
,2017,2,28,9,0,0,30914,20170228,1032.3,3.4,0,88,-80.2,20.9,14.3,25.2,16,20.1,1.7
,2017,3,1,9,0,0,30914,20170301,1031.1,3.6,0,89,-82.2,21.3,16.5,25.9,17,19.3,1.6
,2017,3,2,9,0,0,30914,20170302,1026,4.1,0,91,-84.6,20.9,20.3,25.1,14.8,19,2.1
,2017,3,3,9,0,0,30914,20170303,1022.6,4,0,87,-87.1,19.5,22.3,24.2,9,15.6,2.1
,2017,3,4,9,0,0,30914,20170304,1018.5,3.3,0,81,-89.4,19.7,15.8,24.2,13,17.6,3.5
,2017,3,5,9,0,0,30914,20170305,1018.4,4.2,0,78,-91.7,19.7,19.9,23.4,14.1,15.8,3.3
,2017,3,6,9,0,0,30914,20170306,1016.4,4.4,4.1,69,-78.8,19.8,19.6,24.2,15.7,14.4,2.8
,2017,3,7,9,0,0,30914,20170307,1010.8,2.2,48.4,89,-32.9,19.2,9.2,22.9,13,16.8,2.2
,2017,3,8,9,0,0,30914,20170308,1008.5,1.7,13.6,92,-22.7,15.7,4.9,17,13.6,14.8,8.7
,2017,3,9,9,0,0,30914,20170309,1016.1,3.6,0,73,-26,16.8,15.6,22,13.8,14.7,6.8
,2017,3,10,9,0,0,30914,20170310,1017,2,74.8,83,42,18.7,8,23.7,16.9,20.1,4.8
,2017,3,11,9,0,0,30914,20170311,1007.2,1.8,5.6,95,2,19.9,7.7,24.7,19.5,23.2,2.5
,2017,3,12,9,0,0,30914,20170312,1000.1,2.1,21,84,16.5,20.6,7.1,24.6,20.1,23.1,3.7
,2017,3,13,9,0,0,30914,20170313,1012.7,4.1,0,89,-2.9,20.2,18.3,23.3,18.4,20.4,3.8
,2017,3,14,9,0,0,30914,20170314,1017.8,3.4,0,81,-5.8,18.7,15.9,22.3,13.5,15.8,2.7
,2017,3,15,9,0,0,30914,20170315,1023.2,4.2,0,70,-8.7,17.4,19.2,22.5,9.9,11.6,2.9
,2017,3,16,9,0,0,30914,20170316,1027.6,3.5,0,75,-11.6,17,18.6,23.3,9,12.7,2.2
,2017,3,17,9,0,0,30914,20170317,1029.2,3.1,0,83,-14.5,17.6,16.7,24.2,10.9,15.3,1.2
,2017,3,18,9,0,0,30914,20170318,1024.2,3.2,0,87,-17.5,18.7,14.7,23.6,12.8,17.3,2.1
,2017,3,19,9,0,0,30914,20170319,1025.7,3.7,0,74,-20.4,17.8,18.7,23.6,11,13.2,1.9
,2017,3,20,9,0,0,30914,20170320,1022.1,2.4,0,93,-23.3,17.4,12.5,22.6,9.7,16,2.8
,2017,3,21,9,0,0,30914,20170321,1017.2,3.4,0,79,-25.5,17.9,15.9,24,13.2,15.9,2.6
,2017,3,22,9,0,0,30914,20170322,1017.3,2.3,0,89,-28.2,18.6,10.7,24.1,13.9,19.2,2.6
,2017,3,23,9,0,0,30914,20170323,1017.2,3.2,0,88,-31,19.7,14.6,24.8,17.7,19.7,2.7
,2017,3,24,9,0,0,30914,20170324,1018.3,2.2,0,93,-33.8,19,12.4,22.7,13.4,17.6,1.6
,2017,3,25,9,0,0,30914,20170325,1016,1.7,1.6,93,-34.8,18.8,8.3,22.6,14.9,19.1,1.3
,2017,3,26,9,0,0,30914,20170326,1016.8,2.7,28.5,89,-12.8,19.2,13.1,24.3,16.8,19.7,3.1
,2017,3,27,9,0,0,30914,20170327,1008.9,3,0,90,-13.3,19.4,15.1,24.7,17.7,21.1,2.5
,2017,3,28,9,0,0,30914,20170328,1012.4,2.6,49.9,89,29.2,19.4,13.4,24.8,15,20.4,1.9
,2017,3,29,9,0,0,30914,20170329,1010.4,1.1,19.5,96,20.4,19.2,3.6,19.9,17.3,19.7,3.5
,2017,3,30,9,0,0,30914,20170330,1019.3,2.2,2.8,92,3.7,19.4,10.6,22.8,17.6,20.5,2.6
,2017,3,31,9,0,0,30914,20170331,1021.8,2.3,0,89,-5.8,18.2,10.9,23.1,13.9,17.1,1.3
,2017,4,1,9,0,0,30914,20170401,1021.8,2.4,0,97,-7.6,17.9,14.1,23.3,11.9,16.2,1
,2017,4,2,9,0,0,30914,20170402,1020.6,1.9,0,94,-8.1,18.2,11.2,24.6,12.8,18.1,1.2
,2017,4,3,9,0,0,30914,20170403,1018.4,2.2,6.8,95,-2.6,20.2,12.2,25,17.6,23.5,1.5
,2017,4,4,9,0,0,30914,20170404,1015.7,1.2,113.6,93,90.6,20.1,4.2,20,18.5,21,5.2
,2017,4,5,9,0,0,30914,20170405,1007.7,0.8,29.1,96,23.1,17.6,4.4,23.1,14.4,20.8,4.2
,2017,4,6,9,0,0,30914,20170406,1010.4,2.9,0,74,-0.9,18,13.2,20.4,14.3,14.2,4.6
,2017,4,7,9,0,0,30914,20170407,1017.2,2.5,0,89,-3,17,13.1,21,12.8,15.5,2.1
,2017,4,8,9,0,0,30914,20170408,1028.4,2.9,0,75,-4.8,15.4,16.5,21.4,8.5,11,1.9
,2017,4,9,9,0,0,30914,20170409,1028.5,2.3,0,78,-6.6,15.3,12.5,20.5,9.4,12.1,3.2
,2017,4,10,9,0,0,30914,20170410,1024.6,2.4,0,85,-8.3,15.9,13.5,21.7,12.6,15.1,3
,2017,4,11,9,0,0,30914,20170411,1020.9,2.3,0,86,-10.3,17.3,13.7,24.3,14,18.4,2.8
,2017,4,12,9,0,0,30914,20170412,1014.3,0.7,85.8,88,63.3,18.6,2.2,21.6,17.5,21.2,3.6
,2017,4,13,9,0,0,30914,20170413,1008.1,0.8,30.9,90,33.3,18.7,1.9,19.4,17.1,19.6,4.2
,2017,4,14,9,0,0,30914,20170414,1007.5,2.3,0,89,-2.1,17.5,12.6,21.6,15.2,17.8,2.9
,2017,4,15,9,0,0,30914,20170415,1008.7,2.1,0,87,-2,17,12,20.5,14.8,17.3,2.9
,2017,4,16,9,0,0,30914,20170416,1012.2,2.1,9.4,87,12.8,16.1,14.1,21.2,11.5,16.2,2.1
,2017,4,17,9,0,0,30914,20170417,1013.6,1.8,0,90,-3,15.9,10.3,19.2,12.6,15.5,2
,2017,4,18,9,0,0,30914,20170418,1021.4,2,0,94,-4.8,14.8,14.6,21,8.8,13.6,0.9
,2017,4,19,9,0,0,30914,20170419,1022,1.9,0,94,-6.5,14.7,12.9,20,8.6,13.4,1.6
,2017,4,20,9,0,0,30914,20170420,1020.2,1.9,0,92,-8.2,14.4,13.3,19.7,9.3,13.9,1.3
,2017,4,21,9,0,0,30914,20170421,1028.3,1.8,0,78,-10.1,13.9,13.2,19.3,6.7,10,1.2
,2017,4,22,9,0,0,30914,20170422,1030.3,2,0,90,-11.8,14.2,14.1,20.9,8.7,12.4,0.9
,2017,4,23,9,0,0,30914,20170423,1027.4,1.5,0,86,-13.6,13.9,8.4,18.9,9.5,12.2,2.4
,2017,4,24,9,0,0,30914,20170424,1017,2.1,0,88,-15.3,15.1,13.3,21.6,11.6,14.1,1.6
,2017,4,25,9,0,0,30914,20170425,1018.6,1.9,0,90,-16.6,13.7,14.1,21.3,7,12.5,1.1
,2017,4,26,9,0,0,30914,20170426,1021.9,1.8,0,93,-18.4,13.4,13.9,20.9,7,12.4,0.9
,2017,4,27,9,0,0,30914,20170427,1022.7,1.6,0,95,-20.2,13.1,12.1,21.3,6.5,12.3,0.9
,2017,4,28,9,0,0,30914,20170428,1019.2,1.5,1.8,96,-20,13.3,12.9,21.5,7.5,13.6,1.5
,2017,4,29,9,0,0,30914,20170429,1014,0.4,9.2,95,-11.1,15.6,2.8,18.6,13,17.9,1.7
,2017,4,30,9,0,0,30914,20170430,998.4,1.5,9,94,-3.9,16.7,7.4,19.1,16.3,19.1,3.7
,2017,5,1,9,0,0,30914,20170501,1009.9,1.8,0,81,-5.7,14,12.4,16.3,8.7,10.7,2.3
,2017,5,2,9,0,0,30914,20170502,1023.5,1.4,0,88,-6.4,11,13.1,16.1,2.1,8.4,1.1
,2017,5,3,9,0,0,30914,20170503,1022.9,1.5,4.6,91,-3.5,11.3,12,18,4,10.2,1.8
,2017,5,4,9,0,0,30914,20170504,1016.4,1.9,0,76,-4.9,13.4,10.3,16.7,10,11.2,3.7
,2017,5,5,9,0,0,30914,20170505,1021.9,1.7,0,86,-5.7,12.6,12.7,17.4,8.7,12.1,2.1
,2017,5,6,9,0,0,30914,20170506,1027.6,1.4,0,95,-6.7,10.9,12.1,18.3,3.8,9.8,0.9
,2017,5,7,9,0,0,30914,20170507,1029.8,1,0,96,-7.6,11.3,9,17.8,5.1,10.9,0.8
,2017,5,8,9,0,0,30914,20170508,1029.2,1.2,0,90,-8.4,13,8.1,18.5,9.2,13.1,1
,2017,5,9,9,0,0,30914,20170509,1028.3,1.1,0,97,-9.3,12,8.6,19.8,6,11.7,0.9
,2017,5,10,9,0,0,30914,20170510,1027.9,1.3,0,96,-10.3,13,8.4,20.7,10,13.9,1.8
,2017,5,11,9,0,0,30914,20170511,1021.7,0.6,41.1,85,24.4,15.1,2.4,19.1,13,16.8,3
,2017,5,12,9,0,0,30914,20170512,1000.8,0.7,32.7,97,30.2,16.2,2.4,17.1,14.6,17.4,3.6
,2017,5,13,9,0,0,30914,20170513,1015.4,1.7,0,73,-0.9,12.8,11.6,15.9,7.3,8.9,2.4
,2017,5,14,9,0,0,30914,20170514,1025.6,1.1,0,94,-1.1,10,11.5,15.5,2,8.6,1.6
,2017,5,15,9,0,0,30914,20170515,1027.6,0.8,0,97,-2.5,10.5,6.9,17.3,4.3,11,1.2
,2017,5,16,9,0,0,30914,20170516,1027.7,0.8,1.6,95,-1.7,11.1,5,17.3,5.5,10.9,2.2
,2017,5,17,9,0,0,30914,20170517,1017.6,0.4,1.5,86,0.5,13.8,4.8,19.6,9.5,16.6,4.1
,2017,5,18,9,0,0,30914,20170518,1006.5,1,1.4,93,-1.3,14.6,5.3,17.9,14,17.5,6.2
,2017,5,19,9,0,0,30914,20170519,1015.9,1.9,0,73,-0.5,13.4,7.5,15.9,12.6,11.8,5.1
,2017,5,20,9,0,0,30914,20170520,1010.1,1.3,2.1,81,0.2,12.5,5.3,14.6,10.4,12.2,5.1
,2017,5,21,9,0,0,30914,20170521,1024.3,1.1,0,84,-2.6,8.8,11.1,12.8,0.4,6.9,2.2
,2017,5,22,9,0,0,30914,20170522,1032.8,0.9,0,93,-3.1,7.2,10.7,13.6,-0.8,6.7,0.9
,2017,5,23,9,0,0,30914,20170523,1028.2,0.6,0,94,-4.1,6.6,7.7,13.4,-0.7,7,0.9
,2017,5,24,9,0,0,30914,20170524,1021.1,0.4,1.1,96,-2.6,10,6,18.1,3.3,13.1,1.9
,2017,5,25,9,0,0,30914,20170525,1021.3,0.6,0,98,-4.2,9.7,5.1,13.4,6.6,10.6,1
,2017,5,26,9,0,0,30914,20170526,1019.9,0.7,26.1,98,19.9,9.9,8.2,17.9,3.6,11.1,2.9
,2017,5,27,9,0,0,30914,20170527,1013.3,0.3,2.5,97,4,13.6,5.1,18.3,10,15.7,2.1
,2017,5,28,9,0,0,30914,20170528,1014.8,0.8,0,97,-1.7,13.2,5.6,18.4,13,15.3,1
,2017,5,29,9,0,0,30914,20170529,1019.6,1,0,96,-2.5,12.5,8.9,19.7,9.7,13.3,0.9
,2017,5,30,9,0,0,30914,20170530,1019.7,0.7,0,97,-3.1,11.9,7,17.6,9.5,13,1.2
,2017,5,31,9,0,0,30914,20170531,1013.4,0.9,0,96,-4,12.3,7.9,18.4,9.7,13.2,1.1
,2017,6,1,9,0,0,30914,20170601,1017.6,1,3.1,98,-0.3,10.7,8.4,18.6,5.2,10.1,1.2
,2017,6,2,9,0,0,30914,20170602,1015.3,0.9,0,89,-2.8,11.7,5.3,16.5,7.7,11.9,3.5
,2017,6,3,9,0,0,30914,20170603,1009.2,1.4,0,76,-3.4,11.7,8.5,17.4,11.3,10.6,3.1
,2017,6,4,9,0,0,30914,20170604,1011.3,0.8,0,95,-4.1,9.2,9.5,15.5,3.3,8.7,1
,2017,6,5,9,0,0,30914,20170605,1014.5,0.3,2.5,94,-1.5,9.7,2.9,14.3,5.5,11.2,1.5
,2017,6,6,9,0,0,30914,20170606,1015.8,0.7,0,98,-3.7,9.5,7.7,15.4,4.5,9.4,0.9
,2017,6,7,9,0,0,30914,20170607,1018.9,0.8,0,97,-4.4,8.5,8,15.3,2.5,8.5,1.2
,2017,6,8,9,0,0,30914,20170608,1022.2,0.9,0,95,-5.1,7.6,9.3,14.2,1.4,7.7,1.3
,2017,6,9,9,0,0,30914,20170609,1023.6,0.7,0,96,-5.8,6.7,9.1,14.1,0.3,7.2,1
,2017,6,10,9,0,0,30914,20170610,1018.4,0.5,0,93,-6.5,9,6.5,16.4,3,11.7,2.3
,2017,6,11,9,0,0,30914,20170611,1023.4,0.8,0,95,-6.4,8.1,9.1,15.1,3,8.5,1.2
,2017,6,12,9,0,0,30914,20170612,1024.6,0.4,0,98,-6.8,8.7,5.3,15.9,4.9,11.1,1.4
,2017,6,13,9,0,0,30914,20170613,1020.6,1.1,2.9,93,-3.8,10.2,6.4,17.3,8.8,12.8,4.3
,2017,6,14,9,0,0,30914,20170614,1014.9,1.3,0,77,-4.8,11.1,7.3,14.4,10.1,10.4,5
,2017,6,15,9,0,0,30914,20170615,1024.4,0.8,0,91,-5.4,7.5,8.1,13.6,1.7,7.3,1.7
,2017,6,16,9,0,0,30914,20170616,1023.9,0.5,0,92,-5.5,9.9,5.3,16.5,4.8,11.7,1.8
,2017,6,17,9,0,0,30914,20170617,1029.1,0.4,0,97,-5.9,9.7,4,13.3,6.9,10.3,1
,2017,6,18,9,0,0,30914,20170618,1031.7,0.5,0,99,-6.4,10.4,5.9,16.5,7.3,12,1.5
,2017,6,19,9,0,0,30914,20170619,1028.8,0.8,0,94,-7.1,10.6,6.2,17.6,9.1,11.8,1.5
,2017,6,20,9,0,0,30914,20170620,1029.3,1.1,0,88,-7.9,9.5,8.5,17.2,6.5,10.4,3.4
,2017,6,21,9,0,0,30914,20170621,1028.6,1.6,1.4,77,-7.1,10.2,7.1,16.6,9.4,10.5,4.6
,2017,6,22,9,0,0,30914,20170622,1014.8,0.5,21.4,90,12.3,12.2,3.4,17,12.1,15.2,5.9
,2017,6,23,9,0,0,30914,20170623,1001,0.5,10.3,97,12.4,13.2,3.3,18.5,13.6,16.5,2.4
,2017,6,24,9,0,0,30914,20170624,996.8,0.7,0,96,-1.6,13.6,3.7,15.4,13,14.8,3.1
,2017,6,25,9,0,0,30914,20170625,1007.3,0.8,0,84,0.5,11.1,4.9,16,8.6,10.8,2
,2017,6,26,9,0,0,30914,20170626,1015.2,0.8,0,96,-2.4,9.2,9,14.1,2.8,8.7,1.3
,2017,6,27,9,0,0,30914,20170627,1018.5,0.7,0,96,-2.8,7.5,8.8,13.9,0.5,7.3,0.8
,2017,6,28,9,0,0,30914,20170628,1022.8,0.5,0,97,-3.4,7.3,5.9,13.7,1.9,8,0.8
,2017,6,29,9,0,0,30914,20170629,1025.5,0.7,0,97,-4.1,8.6,8.4,15.7,4,9.1,0.8
,2017,6,30,9,0,0,30914,20170630,1025.9,0.8,0,97,-4.8,7,8.5,14.7,1.2,7.7,1.1
,2017,7,1,9,0,0,30914,20170701,1020.5,0.1,4.8,82,9.1,9.6,1.9,16.1,3.3,12.7,4.9
,2017,7,2,9,0,0,30914,20170702,1011.8,0.7,20.6,94,16.2,11.4,5.1,16.8,9.3,12.4,2.2
,2017,7,3,9,0,0,30914,20170703,1006.9,0.7,1.3,94,1.4,10.7,6.2,15.8,8.8,12.3,1.6
,2017,7,4,9,0,0,30914,20170704,1014,0.6,1.4,97,1.3,9.4,6.4,15.3,5.5,10.7,1.6
,2017,7,5,9,0,0,30914,20170705,1017.6,0.5,1.6,97,2.8,9.8,6.2,15,8.1,11.8,1.1
,2017,7,6,9,0,0,30914,20170706,1012.7,0.6,14.7,95,17,10.8,3.6,14.4,9.7,12.1,2.5
,2017,7,7,9,0,0,30914,20170707,1004,0.5,11.7,94,5.7,11,2.8,13.1,10.1,12.1,2.8
,2017,7,8,9,0,0,30914,20170708,1011.7,0.6,2.5,96,4.8,10.1,5.6,14.9,6.2,10.1,1.2
,2017,7,9,9,0,0,30914,20170709,1001.3,0.8,6.5,91,7.9,10.8,6.1,15,7.9,11.1,2.3
,2017,7,10,9,0,0,30914,20170710,1011.8,1,2.9,91,1.5,10.2,8.6,15.8,7.9,10.9,2.2
,2017,7,11,9,0,0,30914,20170711,1015.2,0.8,2.3,98,3.7,8.8,7.4,14.6,4.7,9.2,1.4
,2017,7,12,9,0,0,30914,20170712,1009.5,0.7,1.5,94,-0.6,8.7,7.6,12.2,4.7,9.7,2.3
,2017,7,13,9,0,0,30914,20170713,1009,0.7,4.3,83,5.5,7.1,3.7,8.9,1.2,7,3.1
,2017,7,14,9,0,0,30914,20170714,1009.4,0.7,1.6,88,0.1,7.4,3.1,10.8,3.8,8.7,3.4
,2017,7,15,9,0,0,30914,20170715,1023.2,0.9,0,94,-1.2,6.3,9.7,13.7,1.2,7.5,1.6
,2017,7,16,9,0,0,30914,20170716,1027.3,0.7,0,97,-1.6,5.8,7.7,13.8,0.4,7.3,0.9
,2017,7,17,9,0,0,30914,20170717,1027.1,0.7,0,96,-2.6,7.2,7.5,14.9,3.1,9.5,1.9
,2017,7,18,9,0,0,30914,20170718,1021.1,0.7,0,92,-2.8,9.7,6.8,18,7.8,12.3,1.3
,2017,7,19,9,0,0,30914,20170719,1017,0.8,0,97,-3.2,9,6.8,17.1,5.6,10.5,1.3
,2017,7,20,9,0,0,30914,20170720,1005.5,0.8,10.5,90,9.4,9.8,4.3,18.2,7.1,12.3,4.4
,2017,7,21,9,0,0,30914,20170721,990.6,1.1,12.9,86,9.9,11.7,4.1,14.7,11.1,12.1,5.1
,2017,7,22,9,0,0,30914,20170722,988.1,0.5,4.1,91,0.7,11,4,14.2,9.5,12.8,4.2
,2017,7,23,9,0,0,30914,20170723,1005.6,0.8,2.2,96,2.1,9.3,8.9,14.9,5.1,9.6,1.1
,2017,7,24,9,0,0,30914,20170724,1009.5,0.7,0,95,0.7,9.8,7.2,15.1,6.7,11.5,2.3
,2017,7,25,9,0,0,30914,20170725,1007.4,1,0,97,0.1,9.8,8.7,15.7,7.5,11,2
,2017,7,26,9,0,0,30914,20170726,1011.8,0.9,0,94,1,8.9,9.1,15.4,4.5,10,1.9
,2017,7,27,9,0,0,30914,20170727,1009.6,0.8,3,89,5.8,8.8,6.6,16.1,5.8,10.7,2.5
,2017,7,28,9,0,0,30914,20170728,1005.7,1,2,95,-0.9,10.2,6.6,14.4,8.3,11,1.9
,2017,7,29,9,0,0,30914,20170729,1022.1,1.2,0,83,-1.6,7.5,11.4,11,1,6.4,2.7
,2017,7,30,9,0,0,30914,20170730,1029,0.9,0,92,-1.9,5.6,11.5,12.4,-2.2,6.1,1
,2017,7,31,9,0,0,30914,20170731,1031.2,0.8,0,97,-2.8,5.3,9.8,12.4,-1.7,6.5,1.1
,2017,8,1,9,0,0,30914,20170801,1026.6,0.3,0,87,-2.5,7.4,4.3,14,1.2,9.7,1.3
,2017,8,2,9,0,0,30914,20170802,1019.8,0.9,0,95,-3.1,9.3,3.8,14.8,8.7,11.8,2.5
,2017,8,3,9,0,0,30914,20170803,1015.6,1.7,0,76,-4.4,10,9.8,15.2,9.4,9.5,4.4
,2017,8,4,9,0,0,30914,20170804,1023.2,1.1,0,86,-5.5,7.2,11.3,13.8,1.2,7.1,1.5
,2017,8,5,9,0,0,30914,20170805,1026.7,1,0,92,-6.7,6.4,10.4,15.1,1.1,8.2,1.9
,2017,8,6,9,0,0,30914,20170806,1027.3,0.8,5.2,91,1.8,6.8,7.7,16,2.7,9.2,2.2
,2017,8,7,9,0,0,30914,20170807,1025.4,0.9,3.7,97,-0.4,11,9.2,18.5,8.1,14.6,2.5
,2017,8,8,9,0,0,30914,20170808,1024.8,0.8,4.4,96,3.2,11.6,6,17.7,10.5,14.5,2.5
,2017,8,9,9,0,0,30914,20170809,1013.8,0.7,13,90,7.4,12.9,2,16.1,13.4,14.7,3.1
,2017,8,10,9,0,0,30914,20170810,1005.6,1.3,2.9,90,2.4,12,9.4,16.5,10.5,13.2,2.9
,2017,8,11,9,0,0,30914,20170811,1002.6,1.3,0,94,-1,10.7,9.6,15.8,8.3,11.5,3.2
,2017,8,12,9,0,0,30914,20170812,1011.8,1.4,0,87,-2,11.4,6.4,18.2,10,13,4.1
,2017,8,13,9,0,0,30914,20170813,1015.3,1.4,2.5,91,-0.7,11.1,10.8,17.4,9.1,12.3,2.8
,2017,8,14,9,0,0,30914,20170814,1009.6,1.3,3.7,92,1,11.6,9.1,15.8,9.6,13.2,3.2
,2017,8,15,9,0,0,30914,20170815,1011.4,1.3,1.1,86,-0.4,10.2,8.7,14.9,7,10.7,3.3
,2017,8,16,9,0,0,30914,20170816,1016.7,1.2,0,84,-1.8,10,8.2,16.1,7.1,11.1,2.5
,2017,8,17,9,0,0,30914,20170817,1015,0.8,1.3,86,-1.5,10.4,5.1,16.2,7.6,12.1,2.6
,2017,8,18,9,0,0,30914,20170818,1006.5,1.4,0,97,-3.3,11.2,11.8,17.5,8.8,12.4,1.4
,2017,8,19,9,0,0,30914,20170819,991.9,1.1,2.2,93,-2.4,12.1,6.7,16.8,9.9,13.1,2.5
,2017,8,20,9,0,0,30914,20170820,990.7,1.2,2.2,92,-1.8,11.3,8.6,15.6,9.1,12.4,3.3
,2017,8,21,9,0,0,30914,20170821,1001.7,1.6,1.3,91,-0.7,11.4,11.3,16.7,9.2,11.4,1.7
,2017,8,22,9,0,0,30914,20170822,1016.2,1.6,0,81,-3.3,10.4,12.1,15,5.5,8.8,1.4
,2017,8,23,9,0,0,30914,20170823,1026.6,1.6,0,90,-4.6,8.6,15.2,16.1,1.9,8.3,0.9
,2017,8,24,9,0,0,30914,20170824,1029.4,1.7,0,93,-5.9,8.5,15.2,16.6,1.8,8.8,1.3
,2017,8,25,9,0,0,30914,20170825,1031.7,1.4,0,92,-7,8.9,12.6,16.8,2.9,9.8,1.8
,2017,8,26,9,0,0,30914,20170826,1030.8,1.2,0,92,-7.7,10,9.8,16.5,5.9,11.7,2.2
,2017,8,27,9,0,0,30914,20170827,1025.4,1.5,3.7,80,-4,10.9,7.2,16.2,9.7,12.2,4.6
,2017,8,28,9,0,0,30914,20170828,1017.5,0.9,21.3,92,11.8,13,5.6,17.4,13.2,15.7,4
,2017,8,29,9,0,0,30914,20170829,1018.1,1.7,4.3,96,7,13.1,11.1,18,11.2,14.4,2
,2017,8,30,9,0,0,30914,20170830,1014.5,0.6,6.1,95,5.8,11.2,4.8,15.2,5.9,11.6,2
,2017,8,31,9,0,0,30914,20170831,1008.9,1.5,3.6,97,2.4,12.3,10.2,17.6,9.7,13.5,1.3
,2017,9,1,9,0,0,30914,20170901,1010.7,1.5,8.2,95,9.2,12.1,10.9,17.9,7.8,12.8,1.5
,2017,9,2,9,0,0,30914,20170902,1003.6,1.2,15.5,93,12.1,12,5.6,14.3,10.4,12.5,4.8
,2017,9,3,9,0,0,30914,20170903,1004.9,1.8,1.1,79,0.5,11.7,9.7,15.5,9.7,10.5,2.6
,2017,9,4,9,0,0,30914,20170904,1012,2.2,0,83,-3,11.6,15.4,16.8,7.4,10.5,2.3
,2017,9,5,9,0,0,30914,20170905,1017.5,1.6,1.7,89,-2.8,11,11.2,16.9,6.7,11.2,2.4
,2017,9,6,9,0,0,30914,20170906,1012.5,1.1,6.9,89,1.3,13.1,5.5,16.3,11,14.6,4.5
,2017,9,7,9,0,0,30914,20170907,1005.2,2.6,8,85,5.7,12.9,13,17.1,11.5,13.2,5.6
,2017,9,8,9,0,0,30914,20170908,1007.5,2.6,7.1,75,4.2,11.5,14.9,16.9,7.7,10.4,4.6
,2017,9,9,9,0,0,30914,20170909,996.3,1.8,7.6,85,5,12.2,9.3,15.1,10.6,12.6,4.8
,2017,9,10,9,0,0,30914,20170910,995.1,1.6,18,89,13.9,10.3,8.6,12.6,6.2,9.5,3.8
,2017,9,11,9,0,0,30914,20170911,999.3,1.6,11,84,9.1,9.7,11.1,13.5,6.1,9.7,2.5
,2017,9,12,9,0,0,30914,20170912,1007.7,1.8,2.1,83,0,9.3,13.5,15.1,4,10.3,3.9
,2017,9,13,9,0,0,30914,20170913,1011.9,2.1,4.4,84,2.6,10.9,13.2,17.1,8.2,11.9,3.9
,2017,9,14,9,0,0,30914,20170914,1013.9,1.6,1.4,83,0,13,7.8,19,12.1,15.1,4.6
,2017,9,15,9,0,0,30914,20170915,1017,2.9,2.6,87,-0.2,13.5,18.1,19.6,12.2,15,3.9
,2017,9,16,9,0,0,30914,20170916,1009.7,2.5,3.9,79,0.5,13.8,14.2,16.7,11.4,12.5,5.1
,2017,9,17,9,0,0,30914,20170917,1017.4,1.9,8.5,89,9.1,11.7,12.3,17.4,6.9,12.2,3.5
,2017,9,18,9,0,0,30914,20170918,1007.3,1.9,12.3,84,8.8,11.9,11.6,13.8,8.4,10.6,3.7
,2017,9,19,9,0,0,30914,20170919,1007.8,2.6,1.7,85,0.6,11.2,16.1,17.2,6.5,10.4,2
,2017,9,20,9,0,0,30914,20170920,1013.3,2.3,0,93,-1.7,11,16.8,18.5,4.4,11.2,1.2
,2017,9,21,9,0,0,30914,20170921,1010.2,1.4,4,94,0.4,12.4,9.1,16.9,8.7,13.3,2.1
,2017,9,22,9,0,0,30914,20170922,1006.1,1.9,1.4,92,-1.3,11.5,15.4,16.7,6.2,11.8,2.5
,2017,9,23,9,0,0,30914,20170923,1014.7,2.9,0,82,-3.4,11.9,14.8,19.2,5.8,11.5,2.4
,2017,9,24,9,0,0,30914,20170924,1018.6,2.1,0,81,-5.3,12.6,10.8,17.9,8.9,12.5,2.5
,2017,9,25,9,0,0,30914,20170925,1018.8,2,0,80,-7.3,13.9,9.6,18.1,11.7,13.4,3.3
,2017,9,26,9,0,0,30914,20170926,1012.4,1.8,6.5,82,-0.5,14.5,5.8,18.8,14,15.4,5.2
,2017,9,27,9,0,0,30914,20170927,1010.9,2,1.7,93,-2.8,14.3,12.9,18.8,12.7,14.7,1.7
,2017,9,28,9,0,0,30914,20170928,1012.3,2.1,2.8,90,-1.7,13.9,11.4,18.7,10.9,13.1,1.5
,2017,9,29,9,0,0,30914,20170929,1011.3,1.6,0,91,-3.1,13.1,10.4,16.5,9.1,12.6,2
,2017,9,30,9,0,0,30914,20170930,1005.8,2.6,0,90,-3.5,13.2,16,18.3,6.8,12.6,2.5
,2017,10,1,9,0,0,30914,20171001,996.1,1.7,7.8,87,0.6,12.8,7.9,15.7,8.9,11.6,3.8
,2017,10,2,9,0,0,30914,20171002,1006.1,2.6,5.4,77,2.6,12.3,12.8,16.5,8.6,11.5,5.6
,2017,10,3,9,0,0,30914,20171003,1020.7,2.9,0,79,-4.1,13.2,15.3,18,11.3,12.7,3.8
,2017,10,4,9,0,0,30914,20171004,1022.9,3.3,0,76,-7.2,13.3,18,18.4,9.5,11.8,3.3
,2017,10,5,9,0,0,30914,20171005,1021.3,2.7,0,83,-10.4,14.3,15.3,19.8,11.6,14.1,3.2
,2017,10,6,9,0,0,30914,20171006,1025,1.7,0,88,-13.3,14.8,9,17.8,11.5,13.8,1.4
,2017,10,7,9,0,0,30914,20171007,1021.4,2,4,83,-8.2,14.9,11.1,18.4,11.6,14.8,2.6
,2017,10,8,9,0,0,30914,20171008,1014.5,1.7,11.8,88,-2.6,14.8,8.8,17,14,14.8,4.9
,2017,10,9,9,0,0,30914,20171009,1010.8,2.3,1.1,89,-5.4,14.8,14.2,19.5,12.3,15.5,2.6
,2017,10,10,9,0,0,30914,20171010,1007.1,2.6,4.7,88,-4.3,15.1,15,19.5,10.5,15.2,2.5
,2017,10,11,9,0,0,30914,20171011,1009.6,3.9,0,75,-6.8,15.1,18.8,17.2,12.5,12.4,5.8
,2017,10,12,9,0,0,30914,20171012,1018.4,3.5,0,73,-9.8,13.8,19.5,18.4,8.8,11.8,3.2
,2017,10,13,9,0,0,30914,20171013,1017.8,2.3,0,70,-12.3,13.8,11.1,17.9,8.3,11.1,3.2
,2017,10,14,9,0,0,30914,20171014,1015.8,4.2,0,80,-15.4,14.7,25.1,20.7,10.3,12.8,2.9
,2017,10,15,9,0,0,30914,20171015,1016.3,3.5,0,77,-18.5,14.5,21.5,17.5,8.7,12.6,4.1
,2017,10,16,9,0,0,30914,20171016,1021,3.6,0,73,-21.6,14.4,17.6,18.6,8.7,11.9,4
,2017,10,17,9,0,0,30914,20171017,1021.5,4,0,65,-24.7,14.5,20.2,17.6,10.5,10.3,4.4
,2017,10,18,9,0,0,30914,20171018,1021,3.1,0,80,-27.7,14.6,17.1,19.7,7.7,12.8,2.4
,2017,10,19,9,0,0,30914,20171019,1027.5,3.7,0,60,-30.8,13.7,25.2,18,3.8,8,2.2
,2017,10,20,9,0,0,30914,20171020,1019.6,3.8,0,77,-27.4,15.1,20.5,20,9.2,12.1,2.1
,2017,10,21,9,0,0,30914,20171021,1009.6,3.3,0,77,-30.1,15.9,13.1,17.5,12.3,12.1,4.8
,2017,10,22,9,0,0,30914,20171022,1007.6,2.2,0,83,-32.5,15.8,9.6,18.6,13,14.6,4.6
,2017,10,23,9,0,0,30914,20171023,1010,1.3,9.8,94,-24.6,14.8,6.1,16.7,10.7,13.5,1.7
,2017,10,24,9,0,0,30914,20171024,1009.9,3.3,0,81,-27.6,14.3,18.8,19.4,8.3,13.7,3.4
,2017,10,25,9,0,0,30914,20171025,1013.6,3.3,0,72,-29.2,14.7,16.6,17.7,10.3,11.9,4
,2017,10,26,9,0,0,30914,20171026,1011,3.7,5.6,80,-25.1,15.4,19.9,20.8,11.8,14.8,4
,2017,10,27,9,0,0,30914,20171027,1015.7,1.4,38.5,90,6,15.8,5.1,16.2,13.6,14.7,3
,2017,10,28,9,0,0,30914,20171028,1023.6,1.6,15.4,86,8.7,15.6,7.5,16.4,13.3,14,4.5
,2017,10,29,9,0,0,30914,20171029,1027.1,2.7,3.3,82,2.6,16.1,13.9,19.7,13.7,15.7,3.1
,2017,10,30,9,0,0,30914,20171030,1029,4.4,0,75,-6.6,16.7,24.3,20,14.3,14.4,4
,2017,10,31,9,0,0,30914,20171031,1028.5,3.7,0,74,-9.5,16.5,21.1,20,11.4,14.3,3
,2017,11,1,9,0,0,30914,20171101,1029.2,3.4,0,70,-13.3,16.7,15.4,19.2,13.2,13.1,3.4
,2017,11,2,9,0,0,30914,20171102,1026.2,3.4,0,72,-16.6,16.8,17.2,19.9,13.9,13.7,3.6
,2017,11,3,9,0,0,30914,20171103,1020.5,2.1,0,82,-20.4,16.8,11.1,20.2,14.1,16.1,3.3
,2017,11,4,9,0,0,30914,20171104,1016.5,2.4,1.5,85,-20.5,17.4,8.6,21,16.7,17.7,4.2
,2017,11,5,9,0,0,30914,20171105,1014.9,3.7,1.6,82,-21,17.3,19,21.5,13.6,16.5,2.6
,2017,11,6,9,0,0,30914,20171106,1015.2,4.6,0,64,-24.8,16.4,24.2,18.7,10.4,11.3,3.7
,2017,11,7,9,0,0,30914,20171107,1019.6,4.3,2.8,71,-22.8,15.1,26.4,19.6,5,11.3,2.6
,2017,11,8,9,0,0,30914,20171108,1010.8,3.5,7.8,92,-17.2,17,17.9,18.7,13,15.5,5.2
,2017,11,9,9,0,0,30914,20171109,1018.8,4.2,0,69,-20.7,15,25.9,19.9,5.6,11.2,2.4
,2017,11,10,9,0,0,30914,20171110,1014.9,3.2,0,72,-24.5,16,17,19.6,9,12.4,2
,2017,11,11,9,0,0,30914,20171111,1009,3.8,0,55,-28.4,15.7,14.2,17.7,11.9,9.5,4.2
,2017,11,12,9,0,0,30914,20171112,1010.8,3.8,0,61,-32.6,14.9,20.6,19.2,8.7,9.2,1.9
,2017,11,13,9,0,0,30914,20171113,1018.8,3.6,0,61,-35.7,15.7,18.5,19.7,9.8,10.8,1.9
,2017,11,14,9,0,0,30914,20171114,1024.1,3.8,4.4,75,-33.5,16.3,20.8,18.7,11.2,12.5,2.2
,2017,11,15,9,0,0,30914,20171115,1026.8,3.3,2.2,75,-33.6,15.8,20.8,19.1,7.7,13.2,2
,2017,11,16,9,0,0,30914,20171116,1025.2,4.1,0,75,-37.3,16.7,21.8,19.8,10.8,13.6,2.2
,2017,11,17,9,0,0,30914,20171117,1019.5,5,0,74,-41.1,16.2,28.3,22.6,8.6,14,2.1
,2017,11,18,9,0,0,30914,20171118,1016.2,4.5,1.6,58,-42,17.1,16.9,20.8,13.5,11.5,4.8
,2017,11,19,9,0,0,30914,20171119,1013.7,3.6,0,79,-45.5,16.1,16.9,19.7,12.4,13,3.3
,2017,11,20,9,0,0,30914,20171120,1013.6,5.6,0,63,-49.3,16.9,28.7,24.2,12.8,13,2.5
,2017,11,21,9,0,0,30914,20171121,1018.4,4.6,0,65,-52.6,17.7,24.6,22.8,10.2,13,1.8
,2017,11,22,9,0,0,30914,20171122,1022.9,4.7,0,62,-56.3,18.5,24.5,22.7,12.9,13.1,1.8
,2017,11,23,9,0,0,30914,20171123,1027.4,5,0,75,-60,18.9,26.1,24,13.8,16.2,2
,2017,11,24,9,0,0,30914,20171124,1027.9,4.6,0,75,-63.3,20,24.8,25.2,14,17.3,1.6
,2017,11,25,9,0,0,30914,20171125,1026.6,3.2,0,81,-67.1,20,16.8,23.1,14.5,17.5,1.5
,2017,11,26,9,0,0,30914,20171126,1026.8,3.9,0,73,-70.7,19.6,20.6,22.3,13.8,15.6,1.9
,2017,11,27,9,0,0,30914,20171127,1027.5,4.4,0,73,-74.4,19.6,22.1,24,13.7,15.9,1.5
,2017,11,28,9,0,0,30914,20171128,1029.2,3.4,0,75,-78.1,20.2,14.6,22.5,16.1,16.4,1.6
,2017,11,29,9,0,0,30914,20171129,1026,4.7,2.5,67,-77.3,20,24.5,23.8,13,15.4,1.8
,2017,11,30,9,0,0,30914,20171130,1024.1,3.4,1.5,82,-78.6,20.1,17.1,23.5,15,17.9,1.3
,2017,12,1,9,0,0,30914,20171201,1029.1,5.3,0,73,-83.1,19.6,26.2,23.4,14.2,17.2,2.5
,2017,12,2,9,0,0,30914,20171202,1028.2,4.7,0,73,-86,20,25.3,24.4,12.2,16.5,1.6
,2017,12,3,9,0,0,30914,20171203,1022.2,5.4,0,77,-90.2,19.5,30.4,25.5,11.7,17.2,1.7
,2017,12,4,9,0,0,30914,20171204,1020.3,5.6,0,73,-94.2,19.9,29.9,27.5,11.5,17.1,1.4
,2017,12,5,9,0,0,30914,20171205,1018.4,5.2,0,74,-97.9,21.3,26.4,26.4,14.4,17.8,1.7
,2017,12,6,9,0,0,30914,20171206,1016.8,6.1,0,70,-101.4,21.4,30.2,27.3,14.2,17.4,2.1
,2017,12,7,9,0,0,30914,20171207,1019.2,5.3,0,70,-104.6,21.8,27.1,25.5,14,18,2.1
,2017,12,8,9,0,0,30914,20171208,1021.5,4.5,0,72,-107.7,21.8,18.6,25.2,17.7,17.4,2.5
,2017,12,9,9,0,0,30914,20171209,1022.7,5.6,0,70,-110.6,21.7,27.8,25.9,16,17.7,2.8
,2017,12,10,9,0,0,30914,20171210,1020.5,3.9,0,74,-112.9,21.7,17.8,24.5,14.6,18.5,2.4
,2017,12,11,9,0,0,30914,20171211,1017.5,4.7,0,74,-115.3,21.6,21.4,25.2,15.4,18.5,2.4
,2017,12,12,9,0,0,30914,20171212,1013.6,6.2,0,70,-117.6,21.4,28.7,26,13.9,16.9,3.1
,2017,12,13,9,0,0,30914,20171213,1010.8,6.1,0,67,-119.7,21.5,27.8,25.4,13.4,16.1,3.6
,2017,12,14,9,0,0,30914,20171214,1010.2,5.6,0,66,-121.8,21.3,25.8,25.2,14.3,15.3,2.9
,2017,12,15,9,0,0,30914,20171215,1019.5,5.1,0,59,-123.6,20.6,26.4,24.9,10.2,13.4,2.2
,2017,12,16,9,0,0,30914,20171216,1020.2,4.8,0,78,-125.3,20.9,24.9,26.4,13.6,18,2.2
,2017,12,17,9,0,0,30914,20171217,1016.9,5,0,74,-126.8,21.4,24.5,26.3,14.3,18.9,2.2
,2017,12,18,9,0,0,30914,20171218,1011.3,3.3,0,81,-127.5,22,15.1,25.2,17,20.6,2.3
,2017,12,19,9,0,0,30914,20171219,1010.4,5.6,2.1,74,-126.6,21.4,25.6,24.5,15.3,17.6,3.7
,2017,12,20,9,0,0,30914,20171220,1005.3,6.6,0,64,-126.5,20.8,28.2,24.4,16.2,14.4,4.4
,2017,12,21,9,0,0,30914,20171221,1010.1,6.4,0,55,-128.1,19.6,31.8,26,10.1,11.5,3.7
,2017,12,22,9,0,0,30914,20171222,1011.1,4,0,82,-129.7,21.3,16.4,26.2,14.7,19.3,2.4
,2017,12,23,9,0,0,30914,20171223,1015.9,4,0,76,-131.1,21.4,18.6,23.2,17.6,17.8,3
,2017,12,24,9,0,0,30914,20171224,1017.2,3.6,0,71,-132.4,21.4,17.5,24.1,14.7,17.2,2.1
,2017,12,25,9,0,0,30914,20171225,1015,4.7,0,71,-133.1,21.3,25,25.4,12,17.6,2
,2017,12,26,9,0,0,30914,20171226,1008.7,3.1,4.4,93,-130.5,20.9,12.4,23.7,17.5,20.2,2.7
,2017,12,27,9,0,0,30914,20171227,1011.7,5.7,0,66,-131.9,19.5,28.8,24.2,10.8,13.5,2.8
,2017,12,28,9,0,0,30914,20171228,1017.1,6.3,0,51,-133.1,18.5,31.2,22.1,9.2,8.9,3.5
,2017,12,29,9,0,0,30914,20171229,1014,5.5,0,64,-133.9,19.6,22.5,26.2,11.8,12.7,2.4
,2017,12,30,9,0,0,30914,20171230,1012.9,5.8,0,58,-135,21,28.9,25.9,12.8,13.5,2.1
,2017,12,31,9,0,0,30914,20171231,1011.9,4.4,0,73,-136.1,21.1,21.7,25.8,10.6,16.2,2.2
,2018,1,1,9,0,0,30914,20180101,1011.8,2.6,4,74,-131.8,21.3,10.6,23.4,16.9,18,1.7
,2018,1,2,9,0,0,30914,20180102,1013.5,3.5,9.7,85,-121.3,21.2,12.8,25.6,17.7,21.3,1.2
,2018,1,3,9,0,0,30914,20180103,1012.8,3.1,9.1,86,-112.5,21,15.5,24.5,15.1,20.9,2.7
,2018,1,4,9,0,0,30914,20180104,1010.6,1.9,36.3,85,-84,21.5,7.1,23,18.3,22.3,3.7
,2018,1,5,9,0,0,30914,20180105,988.9,3,11,79,-74,20.2,7.7,22.4,19.5,19.4,7.4
,2018,1,6,9,0,0,30914,20180106,1003.2,3.7,4,84,-73.2,20.1,14.7,24.3,17.7,19.7,3.7
,2018,1,7,9,0,0,30914,20180107,1012.6,5.1,0,81,-77.2,20.7,25.1,24,16,18,2.9
,2018,1,8,9,0,0,30914,20180108,1017.1,5.9,0,74,-81.3,20.6,30.2,27.1,12.9,16.6,1.8
,2018,1,9,9,0,0,30914,20180109,1020.7,5.7,0,82,-85.2,21.5,27.7,27.5,13.5,18.7,2.4
,2018,1,10,9,0,0,30914,20180110,1018.1,4.7,0,78,-88.9,22.5,20.2,27.3,17.2,20.2,2.5
,2018,1,11,9,0,0,30914,20180111,1018.1,5.2,0,77,-94.3,22.7,24.6,27.6,16.5,19.7,2.3
,2018,1,12,9,0,0,30914,20180112,1017.2,5.4,0,76,-97.8,23.1,23.8,28.5,17.3,20.8,1.9
,2018,1,13,9,0,0,30914,20180113,1019.2,4,0,78,-100.8,22.8,16,25.4,17.7,20.3,2.5
,2018,1,14,9,0,0,30914,20180114,1017.6,5,0,76,-103.8,22.6,23.7,26.9,16.3,20.4,2.3
,2018,1,15,9,0,0,30914,20180115,1018.9,4.1,0,76,-106.5,22.5,18.1,26.1,16.7,20.5,2.9
,2018,1,16,9,0,0,30914,20180116,1019.4,4.1,0,71,-109.1,22.1,15.2,24.1,18.4,18.1,3.8
,2018,1,17,9,0,0,30914,20180117,1019.4,4,0,69,-110.1,21.4,13.2,23.9,18.4,17.4,4
,2018,1,18,9,0,0,30914,20180118,1016.3,2,5.7,81,-105.4,21.1,6.7,22.5,19.6,20.1,3.7
,2018,1,19,9,0,0,30914,20180119,1016.7,3.9,1.5,87,-104.8,20.8,17.2,26.7,18.3,21.7,2.7
,2018,1,20,9,0,0,30914,20180120,1019.8,5.3,0,79,-107.5,22.3,26.4,28.3,16.5,21.5,1.8
,2018,1,21,9,0,0,30914,20180121,1020,4.8,0,81,-108.7,22.9,22.7,28.6,16.6,22.4,1.6
,2018,1,22,9,0,0,30914,20180122,1017.1,2.6,5.3,83,-106.3,22.8,11.7,25,18.4,20.8,1.8
,2018,1,23,9,0,0,30914,20180123,1016.4,4.1,15.2,89,-93.7,23.1,19.2,27.7,20,24.2,1.4
,2018,1,24,9,0,0,30914,20180124,1016.7,5.6,0,81,-94.9,22.7,26.4,28.6,16.2,21.7,2
,2018,1,25,9,0,0,30914,20180125,1017.7,4.2,0,84,-98,22.8,19.5,28.4,16.4,22.1,1.9
,2018,1,26,9,0,0,30914,20180126,1016.8,5.3,0,81,-99.8,24.1,23.6,29.9,19.6,22.6,1.5
,2018,1,27,9,0,0,30914,20180127,1018,5.8,0,78,-102.1,23.5,27.4,29.6,17.5,22.5,1.9
,2018,1,28,9,0,0,30914,20180128,1017.8,5.8,0,73,-105,24.2,27,29,18.1,21.6,2
,2018,1,29,9,0,0,30914,20180129,1020.6,6,0,72,-107.4,23.9,27.8,28.8,17.9,21.3,2
,2018,1,30,9,0,0,30914,20180130,1021.5,4.7,0,79,-109.8,24.1,22.2,27.4,19.4,22.1,1.9
,2018,1,31,9,0,0,30914,20180131,1016.9,5.7,0,64,-112.1,23.2,24.1,26.5,16.5,17.4,2.9
,2018,2,1,9,0,0,30914,20180201,1004,2.7,34,74,-71.1,23,7.8,24.8,20.9,20.6,4.7
,2018,2,2,9,0,0,30914,20180202,998.9,5.1,8.7,83,-53.2,21.6,24.2,24.7,17.6,19.6,3
,2018,2,3,9,0,0,30914,20180203,1004.3,2.9,3.1,78,-52,20,13.6,22.5,11.2,16.2,2.3
,2018,2,4,9,0,0,30914,20180204,1015.7,4.1,0,69,-54.2,19.2,21.8,23.7,11.2,13.4,2.2
,2018,2,5,9,0,0,30914,20180205,1011.8,4.2,0,79,-57.2,20.9,22.3,26.6,15,19.3,1.6
,2018,2,6,9,0,0,30914,20180206,1010.1,4.7,3.2,76,-52.4,19.8,23.7,25.1,12.2,17.5,2.7
,2018,2,7,9,0,0,30914,20180207,1017.9,4.2,1.4,85,-54.3,20.1,19.8,24.4,14.1,17.4,3.2
,2018,2,8,9,0,0,30914,20180208,1022.2,4.2,5.2,62,-53.6,19.7,17.1,22.5,14,13.2,3.7
,2018,2,9,9,0,0,30914,20180209,1015.6,1.6,9.2,88,-45.7,19.3,6.7,20.7,15,17.2,3.3
,2018,2,10,9,0,0,30914,20180210,1010.5,1,10.8,98,-42.1,20.3,6,24.1,16.5,23.8,2.9
,2018,2,11,9,0,0,30914,20180211,1007.2,1.6,33.2,90,-14.8,21.4,7.4,25.5,20.4,26.1,3.4
,2018,2,12,9,0,0,30914,20180212,1010.6,3.6,32.6,95,4.7,22.5,16.9,28.3,20.5,26.8,1.8
,2018,2,13,9,0,0,30914,20180213,1013.8,1.6,8.4,95,2.2,23.1,5.6,25.1,21.9,26.3,1.8
,2018,2,14,9,0,0,30914,20180214,1013.4,3.4,5.1,89,1,22.8,15.4,26.2,19.9,24.8,2.5
,2018,2,15,9,0,0,30914,20180215,1015,5.5,0,80,-6.6,22.2,25.9,27.5,18.1,19.9,2.2
,2018,2,16,9,0,0,30914,20180216,1017.1,5.3,0,84,-10.2,20.9,26.7,28.5,13.1,18.5,1.5
,2018,2,17,9,0,0,30914,20180217,1016.3,3.6,0,89,-13.8,21.7,17.2,26.6,16.4,22.9,2.1
,2018,2,18,9,0,0,30914,20180218,1018.3,4.1,0,90,-17.5,22.2,21.1,28.5,17.3,23.3,1.4
,2018,2,19,9,0,0,30914,20180219,1015.8,2.8,1.6,89,-18.1,23,11.9,27.1,19.9,25.1,1.7
,2018,2,20,9,0,0,30914,20180220,1007.2,4,2.1,82,-19.6,22.9,15.2,27.7,20.4,24.3,4
,2018,2,21,9,0,0,30914,20180221,1006.6,4.3,2.3,76,-20.9,22,18.2,24.1,18.4,18.9,3.5
,2018,2,22,9,0,0,30914,20180222,1007.7,3.8,0,80,-22.7,20.1,19.5,22.9,14.4,17.2,2.7
,2018,2,23,9,0,0,30914,20180223,1012.3,4,0,83,-25.5,20,21.8,24.4,13.2,16.9,1.7
,2018,2,24,9,0,0,30914,20180224,1017.6,4.3,0,86,-29.2,19.6,24,25,11.3,17.2,1.4
,2018,2,25,9,0,0,30914,20180225,1017.6,4.3,0,86,-32.9,19.6,23.4,25.3,11.7,17.4,1.7
,2018,2,26,9,0,0,30914,20180226,1012.8,3.5,0,80,-36,20.1,17.7,24.9,13.1,17.7,2.4
,2018,2,27,9,0,0,30914,20180227,1019,2.1,0,83,-39.1,20.3,8.7,20.8,16,16.5,2.8
,2018,2,28,9,0,0,30914,20180228,1019.6,4,0,80,-42.8,20.1,20.1,23.4,16.8,18.4,4.6
,2018,3,1,9,0,0,30914,20180301,1015,3,0,78,-42.2,19.8,12.4,23.3,17.2,18.7,4.3
,2018,3,2,9,0,0,30914,20180302,1013.1,3.4,0,81,-45.3,20.3,14.7,24.3,19.2,20.2,4.4
,2018,3,3,9,0,0,30914,20180303,1013.5,4.3,0,72,-48.6,20.3,17.3,24.5,17.9,18.3,4.2
,2018,3,4,9,0,0,30914,20180304,1012.5,4.6,0,72,-51.8,19.9,22,25.6,16.9,17.8,3.4
,2018,3,5,9,0,0,30914,20180305,1011.9,4.5,0,85,-55,20.3,23.1,28.1,15.5,19.9,1.7
,2018,3,6,9,0,0,30914,20180306,1011.4,3.8,0,93,-58,20.7,20.3,27.8,15,20.5,1.2
,2018,3,7,9,0,0,30914,20180307,1004.6,3,11.6,84,-47.6,22,13,25.5,18.2,21.7,2.4
,2018,3,8,9,0,0,30914,20180308,1004.4,3.4,0,87,-51.3,20.3,18,25.1,14.7,19.7,2.6
,2018,3,9,9,0,0,30914,20180309,1008.9,4.2,0,84,-54.4,19.9,19.6,25.8,14.7,17,2.9
,2018,3,10,9,0,0,30914,20180310,1019.9,4.4,0,68,-57.6,18.8,20.9,24.1,11.5,12.4,2.3
,2018,3,11,9,0,0,30914,20180311,1022.1,3.7,0,65,-60.8,18.3,17.6,22.2,11.8,12.1,3.4
,2018,3,12,9,0,0,30914,20180312,1013.2,2,28.3,74,-33.8,18.5,5.7,20.1,12.9,13.9,3
,2018,3,13,9,0,0,30914,20180313,1006.3,3.5,2.4,74,-35.2,17.5,15.8,22.6,14.4,15.3,5.1
,2018,3,14,9,0,0,30914,20180314,1016.9,4,0,76,-38.3,18.1,20.4,23.1,13.7,15.5,2.9
,2018,3,15,9,0,0,30914,20180315,1021.2,2.3,0,88,-42.7,17.2,13.8,21.9,10,15,1.7
,2018,3,16,9,0,0,30914,20180316,1015.2,2.9,0,84,-45.8,17.9,14.3,24.1,13.2,17.1,2.6
,2018,3,17,9,0,0,30914,20180317,1018.4,2.6,0,78,-48,18.4,11.9,21.9,13.6,16.1,3.1
,2018,3,18,9,0,0,30914,20180318,1027,4,0,66,-51.2,17.3,18.6,22.3,13.3,12.7,3.9
,2018,3,19,9,0,0,30914,20180319,1028,3.5,0,77,-55.3,17.9,17,23,14.3,15.5,3.6
,2018,3,20,9,0,0,30914,20180320,1028.7,3.7,0,78,-58.5,18.6,18.9,24.1,14.9,16.8,3.2
,2018,3,21,9,0,0,30914,20180321,1025,3.1,0,83,-60.6,18.6,17.6,23.9,13.8,17.4,2
,2018,3,22,9,0,0,30914,20180322,1021.5,2.7,0,90,-63.6,18.5,13.7,24,13.2,17.8,1.4
,2018,3,23,9,0,0,30914,20180323,1022.1,2.5,0,86,-65.2,18.2,14.1,23,13.1,17.6,3.5
,2018,3,24,9,0,0,30914,20180324,1023.3,2.3,1.6,84,-65.3,18.4,12.3,23.3,15,18.1,2.2
,2018,3,25,9,0,0,30914,20180325,1022.7,2.6,0,95,-66.6,18.5,14.2,24.3,15.8,19,1.2
,2018,3,26,9,0,0,30914,20180326,1025.3,2.8,0,95,-69.9,17.3,17.7,25.4,10.7,16.8,1.4
,2018,3,27,9,0,0,30914,20180327,1026.5,2.7,3.3,95,-68.9,18.3,16.4,25.3,12.6,19,1.4
,2018,3,28,9,0,0,30914,20180328,1024.4,1.8,0,94,-72.1,18.6,11.4,23.4,13,18.6,1.3
,2018,3,29,9,0,0,30914,20180329,1020.8,2.1,1.3,89,-72.5,19.3,9.9,23.7,15.6,19.6,1.8
,2018,3,30,9,0,0,30914,20180330,1018,2.8,0,89,-75.5,19.5,13.8,24,16.7,19.7,1.9
,2018,3,31,9,0,0,30914,20180331,1016.8,2.5,0,90,-78,17.5,13.6,23.3,11.1,15.8,2.4
,2018,4,1,9,0,0,30914,20180401,1019.8,2.9,0,80,-79.5,17.9,17.5,22.8,11.4,14.8,2.1
,2018,4,2,9,0,0,30914,20180402,1022.9,2.5,0,84,-81,17.4,14.5,21.8,10,14.5,1.8
,2018,4,3,9,0,0,30914,20180403,1020.9,2.1,0,87,-82.4,16.6,12.6,23.5,9.6,14.7,1.7
,2018,4,4,9,0,0,30914,20180404,1017,2.4,0,93,-83.7,18.3,12.7,25,14.7,19.8,2.3
,2018,4,5,9,0,0,30914,20180405,1016.1,2.9,0,82,-85.2,17.1,15.3,24.2,11.6,15.7,1.7
,2018,4,6,9,0,0,30914,20180406,1019.1,2.1,0,92,-85,16.8,12.4,23.6,10.8,16.2,1.6
,2018,4,7,9,0,0,30914,20180407,1016.2,2.3,0,79,-86.4,16.7,11.6,23.5,10.9,15,2.8
,2018,4,8,9,0,0,30914,20180408,1018.6,1.8,0,85,-87.5,16.2,10.6,21.8,10.7,14,1.3
,2018,4,9,9,0,0,30914,20180409,1013.7,2.1,0,85,-86.6,15.4,11.1,22.3,8.8,13.9,2.2
,2018,4,10,9,0,0,30914,20180410,999.3,2,2.3,89,-82.5,17.3,7.5,21.4,14.3,19.2,5.6
,2018,4,11,9,0,0,30914,20180411,1003,2.1,0,82,-83.9,13.6,13,14.4,6.1,8.8,5.1
,2018,4,12,9,0,0,30914,20180412,1012.4,2.4,0,73,-82.9,12,12.2,16.9,3.9,8.8,4.4
,2018,4,13,9,0,0,30914,20180413,1010.2,2.3,9,64,-65.4,13.6,10.8,19,10.5,11.1,5.5
,2018,4,14,9,0,0,30914,20180414,1011,0.8,4.7,97,-63.9,15.2,4.3,19,12.7,16.6,1.3
,2018,4,15,9,0,0,30914,20180415,1016.1,1.3,6.2,96,-56,15.7,8,20.3,11.6,16.1,1.2
,2018,4,16,9,0,0,30914,20180416,1009.7,1.6,1.3,89,-53.6,16.9,8.1,23.1,14.7,19.7,4.3
,2018,4,17,9,0,0,30914,20180417,1012.6,2.2,7,92,-49.8,16.1,12,23.3,13.8,18,3.2
,2018,4,18,9,0,0,30914,20180418,1010.8,2.6,0,79,-51.2,16.6,12.6,18.8,14.8,14.6,4.6
,2018,4,19,9,0,0,30914,20180419,1020.7,1.5,0,87,-52.8,13,10.2,18.7,6.2,12,2.3
,2018,4,20,9,0,0,30914,20180420,1019.9,2,0,87,-56.9,14.2,12.9,20.4,10.6,14.6,2.9
,2018,4,21,9,0,0,30914,20180421,1015.6,1.6,0,90,-58.7,14.3,7.6,20.1,11.2,15.7,2.6
,2018,4,22,9,0,0,30914,20180422,1016.3,2.3,0,78,-60.4,14.8,12.4,20.1,13.3,13.9,3.5
,2018,4,23,9,0,0,30914,20180423,1024.1,0.8,0,93,-60.7,12.5,7.1,17,4.9,11.8,1.2
,2018,4,24,9,0,0,30914,20180424,1022.7,1.3,0,88,-62.3,14.6,7.6,17.7,10.6,13.8,2.1
,2018,4,25,9,0,0,30914,20180425,1021.5,1.6,0,93,-63.9,13.1,10.7,19.7,7.7,13,1.5
,2018,4,26,9,0,0,30914,20180426,1024.4,1.5,0,95,-65.6,12.3,11.8,20,5.7,12,1.1
,2018,4,27,9,0,0,30914,20180427,1020.6,1.2,0,88,-66.8,14.1,7.2,19.6,9.4,14.3,2.4
,2018,4,28,9,0,0,30914,20180428,1010.6,1.1,17.6,84,-33.8,15.9,3.4,19,15.1,17.2,6.1
,2018,4,29,9,0,0,30914,20180429,1003.8,0.7,19.4,94,-24.1,16.6,3.5,20.2,16.4,19.4,3.1
,2018,4,30,9,0,0,30914,20180430,1000.5,1.6,1.1,96,-24.7,16.5,13.8,22.9,13.7,18.6,2
,2018,5,1,9,0,0,30914,20180501,1002.6,1.7,0,96,-23.6,16,10.8,22.5,12.6,16.4,1.1
,2018,5,2,9,0,0,30914,20180502,1010.2,1.9,0,83,-24.6,14.9,9.7,20.4,11,13.7,2.4
,2018,5,3,9,0,0,30914,20180503,1021.7,1.4,0,89,-25.6,11.7,12.6,18.4,3.8,9.4,1.2
,2018,5,4,9,0,0,30914,20180504,1026.6,1.3,0,96,-26.5,11.2,12.5,18.6,3.7,10.2,0.9
,2018,5,5,9,0,0,30914,20180505,1027.6,0.7,0,95,-26.9,12.8,6,18.2,7.2,13,1
,2018,5,6,9,0,0,30914,20180506,1021.5,1.1,0,91,-27.9,13.6,7.7,20.1,10,15,2.2
,2018,5,7,9,0,0,30914,20180507,1020.6,1.8,0,80,-28.8,13.1,12.3,18.9,10,12.7,2.7
,2018,5,8,9,0,0,30914,20180508,1025,1.6,0,87,-29.9,12,11.5,19.8,7.4,12,2.2
,2018,5,9,9,0,0,30914,20180509,1027.5,1.6,0,90,-30.8,13.1,10.5,20.8,9.9,14.1,2
,2018,5,10,9,0,0,30914,20180510,1029.2,1.2,0,98,-31.7,12.7,10.2,20.4,7.3,12.3,1.3
,2018,5,11,9,0,0,30914,20180511,1023.4,0.8,0,86,-31.4,13.7,4.9,19.5,10.2,14.4,1.9
,2018,5,12,9,0,0,30914,20180512,1017.8,0.3,17.7,95,-2.6,15.7,1.4,18.4,14,18.5,2.3
,2018,5,13,9,0,0,30914,20180513,1015.9,1,10.7,96,-4.1,15.7,6,22.1,14.5,18.5,2.7
,2018,5,14,9,0,0,30914,20180514,1014,1.1,0,97,-5.3,15.8,8,21.4,12.9,17.3,1.5
,2018,5,15,9,0,0,30914,20180515,1014.2,1,0,92,-4.5,15.7,7.4,21.7,12.2,16.6,2.3
,2018,5,16,9,0,0,30914,20180516,1007.1,1.4,0,89,-3.3,15.8,7.7,21.1,13.4,17.6,3.6
,2018,5,17,9,0,0,30914,20180517,1010.1,1.2,1.1,93,-5.6,14.5,8.3,16.9,11.1,13.6,2.6
,2018,5,18,9,0,0,30914,20180518,1017.7,1.2,0,88,-6.6,11.9,8.4,18.3,7.4,11.5,2.2
,2018,5,19,9,0,0,30914,20180519,1015.5,0.6,7.7,86,-2.9,12.4,6.1,17.2,7.8,13,3.1
,2018,5,20,9,0,0,30914,20180520,1014,1.1,1.1,95,-0.4,12,10.4,18.5,7.1,11.9,2.4
,2018,5,21,9,0,0,30914,20180521,1009.2,1.2,1.8,88,1.9,13.5,8,19.1,11.5,15.1,3.2
,2018,5,22,9,0,0,30914,20180522,1007.7,1.1,6.1,95,7.3,13.6,6.8,18.1,11.3,14.6,2.9
,2018,5,23,9,0,0,30914,20180523,995.6,0.7,17.3,88,15,13.4,2.7,12.7,11,12,3.4
,2018,5,24,9,0,0,30914,20180524,1007.1,1.2,11.3,89,7.6,10.4,7.7,15.9,6,10.1,3.4
,2018,5,25,9,0,0,30914,20180525,1002.6,0.9,7.1,86,2.1,12.2,5,15,9.5,12.4,3.6
,2018,5,26,9,0,0,30914,20180526,1008.3,1.4,6.3,83,3.8,10.4,9.6,14,6.6,8.8,3
,2018,5,27,9,0,0,30914,20180527,1010.4,0.6,0,88,-0.9,11.1,5.3,15.6,7.2,12.9,3.4
,2018,5,28,9,0,0,30914,20180528,1013.8,1.1,0,78,-1.7,9.3,9.2,12.4,4.8,7.8,2.5
,2018,5,29,9,0,0,30914,20180529,1020.9,0.9,0,89,-2.7,7,10.1,13.3,0.3,7.1,1.5
,2018,5,30,9,0,0,30914,20180530,1021.8,0.7,0,95,-3.6,6.4,9.9,12.6,-0.4,7.2,0.9
,2018,5,31,9,0,0,30914,20180531,1021.7,0.7,0,96,-4.6,6,8.7,13.1,-0.6,6.8,0.8
,2018,6,1,9,0,0,30914,20180601,1023.5,1.1,0,98,-3.6,6.1,9.2,16.7,-0.4,7.2,2
,2018,6,2,9,0,0,30914,20180602,1023.5,0.4,4.3,82,0.8,9.3,3.7,15.5,2.8,11.4,5.4
,2018,6,3,9,0,0,30914,20180603,1014.2,0.6,33.8,87,35.5,11.4,0.3,15,12.1,13.1,5.7
,2018,6,4,9,0,0,30914,20180604,1002.2,0.4,15.7,93,21.4,11.6,1.8,17,11.4,14.7,3.6
,2018,6,5,9,0,0,30914,20180605,995.9,1,1.4,96,0.4,13.1,5.9,17.2,13.1,14.9,3.6
,2018,6,6,9,0,0,30914,20180606,1010.3,0.9,0,82,0.4,10.6,4,14.2,7.6,9.7,2
,2018,6,7,9,0,0,30914,20180607,1014.3,1.2,0,78,-0.8,8.7,9.6,12,3.5,7.1,3.4
,2018,6,8,9,0,0,30914,20180608,1022.8,1,0,87,-1.7,8.4,9.4,16.4,3.8,9,1.4
,2018,6,9,9,0,0,30914,20180609,1028.8,0.7,0,96,-2.4,7.1,9.6,15.9,1,7.7,0.9
,2018,6,10,9,0,0,30914,20180610,1026,0.6,0,98,-3.4,7.8,4,13,2.7,8.5,1.4
,2018,6,11,9,0,0,30914,20180611,1017.1,0.6,12.9,87,13.9,8.9,1.8,14,4.8,10,2.5
,2018,6,12,9,0,0,30914,20180612,1001,0.7,13.1,80,10.5,10.9,1.7,15.3,9.4,12.4,4.8
,2018,6,13,9,0,0,30914,20180613,1008.8,0.7,1.7,94,0.8,12.2,5.5,16,11.9,14.4,4.3
,2018,6,14,9,0,0,30914,20180614,1015.9,0.9,0,93,-0.8,10.8,7.1,17,9.9,12.7,2.5
,2018,6,15,9,0,0,30914,20180615,1019.6,0.6,0,96,-1,9.7,5.6,15.9,6.6,10.5,1.4
,2018,6,16,9,0,0,30914,20180616,1016.8,0.6,9,96,6.2,11.4,6,17.6,9,13.7,2
,2018,6,17,9,0,0,30914,20180617,1013.6,1,2,83,3.1,11.6,8,17.4,10.2,12.1,2.5
,2018,6,18,9,0,0,30914,20180618,1009.2,0.8,5.6,91,7.2,10.8,5.5,18.4,7.7,12.8,3
,2018,6,19,9,0,0,30914,20180619,1010,1.2,2.1,94,1.8,11.1,8.4,18.1,10.2,13,2.4
,2018,6,20,9,0,0,30914,20180620,1016.4,1.6,0,70,-1.2,10.9,3.4,13.2,10,8.9,5
,2018,6,21,9,0,0,30914,20180621,1014.6,1.4,0,72,-1.7,9.9,7.4,14.9,9.6,9,4.6
,2018,6,22,9,0,0,30914,20180622,1018.6,0.7,0,94,-2.4,7.1,8.8,13.5,1.1,7.3,1.4
,2018,6,23,9,0,0,30914,20180623,1020.3,0.5,0,96,-2.9,6.8,6.6,13.6,0.8,7.9,1.3
,2018,6,24,9,0,0,30914,20180624,1016.8,0.4,10.7,97,5.7,8.7,6.6,15.4,4.4,11.2,2.6
,2018,6,25,9,0,0,30914,20180625,1008.9,0.6,8.2,91,8,10.8,3.5,12.9,9.3,12,3.5
,2018,6,26,9,0,0,30914,20180626,1011,0.5,13.6,90,11.6,8.4,2.1,10.4,5.7,9.6,2.8
,2018,6,27,9,0,0,30914,20180627,1021.2,0.7,0,93,-0.6,5.2,9.1,12.5,-0.7,6.4,1.9
,2018,6,28,9,0,0,30914,20180628,1024.4,0.5,0,96,-1.3,5.4,7,13.2,-0.3,7.6,1.1
,2018,6,29,9,0,0,30914,20180629,1026.3,0.6,0,96,-0.1,7.5,7.6,13.3,3.6,8.8,1.2
,2018,6,30,9,0,0,30914,20180630,1032.2,0.5,0,97,-2.2,5.2,5.8,9.9,-0.6,6.4,1
,2018,7,1,9,0,0,30914,20180701,1029,0.4,8.8,95,4.7,7.4,3.7,13.4,0.9,9,2.2
,2018,7,2,9,0,0,30914,20180702,1019.6,0.6,0,86,-0.4,9.7,7,16,5.8,12.1,3.2
,2018,7,3,9,0,0,30914,20180703,1025.3,0.7,0,97,-1.3,7.5,8.2,13.2,4.2,9.2,1.3
,2018,7,4,9,0,0,30914,20180704,1028.5,0.6,0,95,-2,5.2,9.2,12.2,-0.9,6.5,1.4
,2018,7,5,9,0,0,30914,20180705,1027.5,0.7,0,96,-2.8,6,8.9,14.3,0.7,7.5,1
,2018,7,6,9,0,0,30914,20180706,1025.5,0.8,0,96,-3.5,5.8,9.3,14.6,0.8,7.2,0.9
,2018,7,7,9,0,0,30914,20180707,1020.4,0.4,0,97,-4,6.4,4.3,14.3,2.3,9.4,1.8
,2018,7,8,9,0,0,30914,20180708,1014.2,1,6.3,85,3.8,8.6,5,17,6.7,11.8,4.6
,2018,7,9,9,0,0,30914,20180709,1002.4,1.4,15.3,84,11.1,10.9,5.8,16.4,10.2,12,6.1
,2018,7,10,9,0,0,30914,20180710,1005.4,0.9,4.5,88,3.5,9.1,5.3,13.6,7.3,10,3.3
,2018,7,11,9,0,0,30914,20180711,1020.8,0.7,0,97,-0.1,7.2,7.6,15.1,3.6,9,1.9
,2018,7,12,9,0,0,30914,20180712,1026.1,0.8,0,95,-1.1,7.5,8.7,15.3,4.2,9.4,1.6
,2018,7,13,9,0,0,30914,20180713,1030.1,0.6,1.7,90,0.7,7.8,5,13.5,2.2,8,1.3
,2018,7,14,9,0,0,30914,20180714,1023.2,0.5,7.7,89,6.5,9.4,5.9,16,4.7,11.8,4.1
,2018,7,15,9,0,0,30914,20180715,1015.5,0.7,17.2,83,22.5,11.8,1.1,15.1,11.9,13.1,7.6
,2018,7,16,9,0,0,30914,20180716,1013.6,0.8,5.3,97,6.2,10.7,7.9,15.9,8.8,12.4,1.9
,2018,7,17,9,0,0,30914,20180717,1013.7,0.8,0,95,-0.2,9.7,7.7,15.9,7.6,11.2,2.2
,2018,7,18,9,0,0,30914,20180718,1015.3,0.6,0,98,-0.1,9.1,5.8,14.9,6.9,10.5,1.1
,2018,7,19,9,0,0,30914,20180719,1016.7,0.5,4.5,95,4.6,10.4,3.7,14.6,8.6,11.9,1.6
,2018,7,20,9,0,0,30914,20180720,1021.1,0.7,0,98,-1.7,9.7,7.5,14.8,6.8,10.4,1.2
,2018,7,21,9,0,0,30914,20180721,1022.2,0.7,13.4,93,9.4,9.7,6.6,15.1,6.7,10.7,1.5
,2018,7,22,9,0,0,30914,20180722,1013,0.5,8.5,96,7.5,11.6,4.2,15,9.3,13.6,3.1
,2018,7,23,9,0,0,30914,20180723,1016.3,1,0,95,-0.7,8.7,9.4,14.7,6.2,10.3,1.7
,2018,7,24,9,0,0,30914,20180724,1016.9,0.9,0,97,-1.3,7,10.2,13.9,1.7,7.8,1.2
,2018,7,25,9,0,0,30914,20180725,1014.9,0.8,1.3,97,0.4,6.5,8,13.6,0.8,7.9,1.5
,2018,7,26,9,0,0,30914,20180726,1010.1,0.7,1.8,85,1.5,9.5,6.3,16.2,3.9,12,3.6
,2018,7,27,9,0,0,30914,20180727,1012.4,0.9,1.6,95,0.9,7.4,7.9,14.6,3.7,8.9,1.9
,2018,7,28,9,0,0,30914,20180728,1011.7,1.1,0,86,-0.4,9,8.7,16,6.2,11.4,3.1
,2018,7,29,9,0,0,30914,20180729,1009.3,1.2,0,90,0.6,9.5,8.2,16.3,7.9,12,3.4
,2018,7,30,9,0,0,30914,20180730,1016.5,1.2,0,81,-1.7,9,11.6,14.7,5.8,9,1.7
,2018,7,31,9,0,0,30914,20180731,1019.3,0.8,0,95,-2.4,7.1,7.2,14.9,2,7.9,1.6
,2018,8,1,9,0,0,30914,20180801,1019.3,0.7,2.1,96,-1.1,9.6,7.6,17,4.2,12,1.4
,2018,8,2,9,0,0,30914,20180802,1021.2,0.9,2.8,99,0.1,9.4,7.8,15.5,6.6,10.7,1.3
,2018,8,3,9,0,0,30914,20180803,1016.2,0.5,0,97,-1.8,10,4.6,14,8.3,12,1
,2018,8,4,9,0,0,30914,20180804,1016.7,0.6,10.9,98,7.3,8.6,5.2,12.6,4.3,9.3,1.2
,2018,8,5,9,0,0,30914,20180805,1013.2,0.3,14.6,94,15.1,10.8,3.5,14.6,5.7,12.6,3.4
,2018,8,6,9,0,0,30914,20180806,1012,1.1,0,96,-1.4,10.6,10.8,16.7,6.3,11.2,1.8
,2018,8,7,9,0,0,30914,20180807,1015.5,1.2,0,97,-1.5,10.1,11.1,18.2,6.1,10.9,1.1
,2018,8,8,9,0,0,30914,20180808,1015.2,0.4,3.3,95,0.6,10.6,3.6,15.4,6.6,12.4,1.8
,2018,8,9,9,0,0,30914,20180809,1016.8,1.5,0,89,-1.4,10.6,10.1,16.4,8.5,11.8,2.9
,2018,8,10,9,0,0,30914,20180810,1022.4,1.3,0,92,-2.4,8.9,11.6,16.1,4.7,10,1.8
,2018,8,11,9,0,0,30914,20180811,1024.8,1.4,0,91,-3.5,9.4,12.9,17,5.1,10.6,1.7
,2018,8,12,9,0,0,30914,20180812,1022.8,1.4,0,95,-4.6,8.6,13.3,16.3,2.9,8.9,1.1
,2018,8,13,9,0,0,30914,20180813,1014.3,0.8,11.6,95,4.9,8.9,7.8,14.5,3.5,10.1,2
,2018,8,14,9,0,0,30914,20180814,998.1,1.1,6,91,3.9,11.2,6.2,13.9,8.3,12.5,5.2
,2018,8,15,9,0,0,30914,20180815,1000.7,1.6,0,80,0,10.5,9.5,14.8,8.9,11,4.9
,2018,8,16,9,0,0,30914,20180816,1010.3,1.4,0,83,-1.2,10.3,8.7,16.9,8.3,11.1,2.8
,2018,8,17,9,0,0,30914,20180817,1005.1,1.1,2.1,89,-0.5,12.1,6.3,15.1,11.4,13.1,3.3
,2018,8,18,9,0,0,30914,20180818,1008.1,1.6,3.1,89,1.9,10.2,12.3,15.5,7.3,10.8,2.6
,2018,8,19,9,0,0,30914,20180819,1013.3,1.4,0,95,-2,8.1,12.6,15,1.2,8.2,1.1
,2018,8,20,9,0,0,30914,20180820,1004.8,0.9,2.6,88,0.5,9.7,7.4,17.3,5.2,11.7,3.4
,2018,8,21,9,0,0,30914,20180821,994.8,1.3,6.8,89,5.2,10.5,6.4,14.2,9.3,12.1,3.2
,2018,8,22,9,0,0,30914,20180822,1004.2,1.2,6.1,76,5.5,10.1,5.2,13.1,7.8,9.8,3.7
,2018,8,23,9,0,0,30914,20180823,1000.7,1.5,0,89,-1.3,11.1,10.3,14.4,9.5,12.8,4.2
,2018,8,24,9,0,0,30914,20180824,1006.5,1.9,0,88,-2.5,8.4,14.7,14.7,2.6,8.6,2.9
,2018,8,25,9,0,0,30914,20180825,1012.3,1.5,0,85,-3.5,8.9,10.2,15.2,4.5,10.2,3.3
,2018,8,26,9,0,0,30914,20180826,1020.5,1.7,0,89,-4.5,9.2,13.8,16.4,4.4,10.1,1.7
,2018,8,27,9,0,0,30914,20180827,1025.2,1.5,0,95,-3.4,8.5,13.9,15.8,2,9.4,1
,2018,8,28,9,0,0,30914,20180828,1024,1.4,6.7,95,1.3,9.1,10.1,16.6,3.5,10.1,2.2
,2018,8,29,9,0,0,30914,20180829,1015.2,1,2.4,86,3.1,12,5.9,17.3,8.7,13.2,4.3
,2018,8,30,9,0,0,30914,20180830,1009.9,0.9,3.8,96,3.3,11.4,6.1,15.9,7.8,12.2,2
,2018,8,31,9,0,0,30914,20180831,1004.4,1.5,1.7,93,0.3,10.6,10.9,16.5,7.2,11.8,1.7
,2018,9,1,9,0,0,30914,20180901,1005.8,1.5,7.5,97,5.9,10.5,11.7,16.6,5.2,10.9,1.7
,2018,9,2,9,0,0,30914,20180902,998.2,1.2,23.1,89,18.1,12.5,7.5,16.7,8.9,14.1,5
,2018,9,3,9,0,0,30914,20180903,1006.7,1.5,5.9,84,2.9,11.6,8.7,14.3,9,11.3,2.5
,2018,9,4,9,0,0,30914,20180904,1014.4,1.3,4.1,87,1.1,10.3,7.9,12.6,5.3,9.7,1.8
,2018,9,5,9,0,0,30914,20180905,1019,2.2,5.4,82,2.5,10.4,14.7,17,6.9,10.1,2.5
,2018,9,6,9,0,0,30914,20180906,1017,1.7,0,86,-2.2,11.1,8.3,14.4,8.3,10.6,2.9
,2018,9,7,9,0,0,30914,20180907,1015.2,2.8,0,71,-4.2,10.2,14.5,17.7,5.5,8.7,3.9
,2018,9,8,9,0,0,30914,20180908,1016.3,2.6,0,80,-6.3,10.2,16.9,17.4,5.3,9.9,2.6
,2018,9,9,9,0,0,30914,20180909,1012,2.6,0,72,-8.3,9.4,17,14.9,3.8,7.9,4.1
,2018,9,10,9,0,0,30914,20180910,1007.8,1.5,0,85,-10.4,9.3,10.8,14.7,3.2,9.5,1.5
,2018,9,11,9,0,0,30914,20180911,1009.2,2.7,0,75,-12.5,11,16.3,17.9,8.9,9.8,3
,2018,9,12,9,0,0,30914,20180912,1022.8,2.5,0,76,-14.5,10.7,18.3,17.4,5.2,9.5,1.7
,2018,9,13,9,0,0,30914,20180913,1027.2,1.7,0,88,-16.6,10.5,9.3,15.8,4.5,10.9,2.4
,2018,9,14,9,0,0,30914,20180914,1026.1,2.8,0,68,-18.7,11.6,12.6,17.5,10.4,10,3.4
,2018,9,15,9,0,0,30914,20180915,1026.6,2.4,0,91,-20.7,11.1,17.3,19.8,5.3,11.7,1.4
,2018,9,16,9,0,0,30914,20180916,1024.1,1.7,0,75,-22.8,13.2,9.1,17.8,8.4,12,2.3
,2018,9,17,9,0,0,30914,20180917,1021.2,2.8,0,80,-24.9,13.6,18.2,20.5,10.4,14.2,2.6
,2018,9,18,9,0,0,30914,20180918,1019,1.3,3.1,91,-23.9,14,6,18.2,10.8,15.2,3
,2018,9,19,9,0,0,30914,20180919,1017.1,2.1,0,77,-24.5,14.1,9.5,17.8,12.6,12.6,4.3
,2018,9,20,9,0,0,30914,20180920,1010.7,2.8,0,78,-26.3,14.2,14.5,21.7,10.4,13.7,2.2
,2018,9,21,9,0,0,30914,20180921,1008.2,2.1,10,84,-18.4,14.5,11,18.3,11.1,13.3,2.2
,2018,9,22,9,0,0,30914,20180922,1012.1,2.3,0,84,-20.6,14.3,10.8,18.3,11.7,12.9,2.4
,2018,9,23,9,0,0,30914,20180923,1014.3,2.8,0,79,-22.4,12.2,19.7,18.2,4.5,10.6,2.1
,2018,9,24,9,0,0,30914,20180924,1010.4,2.2,3.7,78,-18.1,13.5,11.1,16.7,8,11.6,3.4
,2018,9,25,9,0,0,30914,20180925,1005.4,2.8,2.1,75,-16.3,11.7,14.1,13.3,7,9.1,5.2
,2018,9,26,9,0,0,30914,20180926,1009.9,2.8,0,72,-18.2,11.8,15.1,15.4,7.1,10.2,5
,2018,9,27,9,0,0,30914,20180927,1016.7,2.7,0,76,-20.2,12,17.9,16.4,7.3,10.6,2.5
,2018,9,28,9,0,0,30914,20180928,1024,2.3,0,84,-20.9,11.2,16.7,16.2,3.2,10.7,1.8
,2018,9,29,9,0,0,30914,20180929,1028,2.4,0,85,-23.3,11.1,18.8,17.1,2.5,10.5,2.4
,2018,9,30,9,0,0,30914,20180930,1028.5,2.3,0,82,-25.3,10.7,18.9,17.4,2.4,10.7,2
,2018,10,1,9,0,0,30914,20181001,1027.5,2.3,10.9,80,-17.1,12.6,13.8,18.4,8.3,12.7,2.8
,2018,10,2,9,0,0,30914,20181002,1025.2,3.1,0,87,-19.8,13.9,18,18.3,11.4,13,3
,2018,10,3,9,0,0,30914,20181003,1026.1,2.9,0,86,-22.6,13.6,19.2,18.6,8,12.6,1.3
,2018,10,4,9,0,0,30914,20181004,1021.9,1.9,0,87,-25.4,13.9,12.4,17.9,7.5,12.9,1.2
,2018,10,5,9,0,0,30914,20181005,1021,3.1,0,90,-28.2,12.9,21.2,19.8,6.5,12.6,1.9
,2018,10,6,9,0,0,30914,20181006,1025.1,3.2,0,79,-31.1,13.5,21,20.2,6.3,12.8,2.1
,2018,10,7,9,0,0,30914,20181007,1024.6,2.1,0,83,-33,14.8,14.2,18.5,7.4,13.9,1.8
,2018,10,8,9,0,0,30914,20181008,1022.7,2.5,2.3,81,-29.9,14.5,15.4,18.2,8.4,12.5,1.9
,2018,10,9,9,0,0,30914,20181009,1020.8,2.5,0,82,-32.8,13.5,15.9,16.9,5.6,11.7,2.3
,2018,10,10,9,0,0,30914,20181010,1017.9,2.4,0,74,-35.7,13.7,14.6,17.2,7.6,11,2.7
,2018,10,11,9,0,0,30914,20181011,1016.5,2.2,10.6,75,-26.8,13.3,14.1,19,5.3,11.8,2.2
,2018,10,12,9,0,0,30914,20181012,1002.2,2.7,3.3,87,-23.7,14,13.5,17.2,10.1,13.1,5.2
,2018,10,13,9,0,0,30914,20181013,1015.7,3.5,0,71,-26.3,12.2,18.8,15.4,6.9,8.1,3.4
,2018,10,14,9,0,0,30914,20181014,1027.2,3.1,0,69,-29.1,11.3,21,17.9,1.6,8.7,1.8
,2018,10,15,9,0,0,30914,20181015,1033.8,3.7,0,75,-32,12.5,24.8,19.1,4.4,10.3,2.1
,2018,10,16,9,0,0,30914,20181016,1031.8,2.5,0,83,-34.8,12.5,14.9,16.5,3.8,11,2.7
,2018,10,17,9,0,0,30914,20181017,1023.8,3.4,0,69,-37.6,13.6,17.9,16.5,9.5,10.6,4.5
,2018,10,18,9,0,0,30914,20181018,1023.1,3,0,82,-40.5,14,14.4,19,9.8,12.8,2.4
,2018,10,19,9,0,0,30914,20181019,1031,4.2,0,58,-43.3,13.7,26.6,21.5,3.9,8.8,1.7
,2018,10,20,9,0,0,30914,20181020,1029.8,3.6,0,79,-46.2,14.5,22.5,21.5,5.6,13.1,2.3
,2018,10,21,9,0,0,30914,20181021,1027.3,3.1,0,82,-49,15.4,17,21.1,8.6,14.5,2.5
,2018,10,22,9,0,0,30914,20181022,1027.3,3.4,0,82,-51.8,15.7,20.3,21.6,7.4,13.5,1.6
,2018,10,23,9,0,0,30914,20181023,1026.1,3.6,0,88,-54.7,16.3,22.9,21.9,7.5,15,1.6
,2018,10,24,9,0,0,30914,20181024,1023.7,3.3,0,83,-57.3,16.2,17.9,20.6,7.6,13.7,1.9
,2018,10,25,9,0,0,30914,20181025,1019,2.5,1.8,78,-58,16.2,14.6,19.3,8.7,13.6,2.8
,2018,10,26,9,0,0,30914,20181026,1014.1,4.5,0,73,-60.9,17,21.5,19.9,12.9,12.9,3.4
,2018,10,27,9,0,0,30914,20181027,1011.3,2.7,31.1,75,-34.7,15.8,17,20.5,5.6,12,2.4
,2018,10,28,9,0,0,30914,20181028,1002.4,2.8,2.4,86,-34.6,17,14.6,19.6,12.4,16,2.7
,2018,10,29,9,0,0,30914,20181029,995.6,2.5,11.7,85,-27.7,15.3,13.7,18.2,8.2,13.7,2.9
,2018,10,30,9,0,0,30914,20181030,996.3,2.2,3.3,78,-27.4,15.4,9.9,16.8,10.7,13.3,3.4
,2018,10,31,9,0,0,30914,20181031,1009.5,4.3,0,76,-32,14.6,24.6,19.8,7.5,11.9,2.7
,2018,11,1,9,0,0,30914,20181101,1007.7,3.1,0,84,-35.9,14.7,16.3,16.8,9.8,13,4.7
,2018,11,2,9,0,0,30914,20181102,1023,4.8,0,63,-38.1,12.7,27.8,19.2,5,9.3,4.4
,2018,11,3,9,0,0,30914,20181103,1017.3,1.7,11.5,80,-31.5,14.2,4.8,17.7,9.3,12.2,3.4
,2018,11,4,9,0,0,30914,20181104,1006.3,5.1,0,65,-35.4,16.2,25.2,18.6,12.6,12.6,6.7
,2018,11,5,9,0,0,30914,20181105,1012,4.3,0,70,-39,15.3,20.6,19.2,10.5,12,4.6
,2018,11,6,9,0,0,30914,20181106,1018.4,4.3,0,70,-42.6,15.8,22.7,21.5,8.9,12.6,2.3
,2018,11,7,9,0,0,30914,20181107,1019.4,3.7,0,83,-46.3,16.7,23.9,22.2,7,14.5,1.9
,2018,11,8,9,0,0,30914,20181108,1017.1,2.3,1.1,89,-48.5,18.4,10,21.7,13.5,18.4,3.2
,2018,11,9,9,0,0,30914,20181109,1015.9,4.2,1.8,79,-49.5,18.5,17.9,21.6,15.8,16.9,4.3
,2018,11,10,9,0,0,30914,20181110,1017.8,5.3,0,67,-53.1,17.5,28.3,20.9,10.7,11.4,2.9
,2018,11,11,9,0,0,30914,20181111,1023.4,3.3,0,78,-56.7,17.9,20,19.5,10.2,14,2.3
,2018,11,12,9,0,0,30914,20181112,1023.7,2.9,0,84,-59,18.2,14.7,19.6,14.4,15.5,2.1
,2018,11,13,9,0,0,30914,20181113,1022.6,4.8,0,80,-61.9,17.5,26.6,22.8,10.5,14.8,1.9
,2018,11,14,9,0,0,30914,20181114,1026.4,4.6,0,74,-65.4,19,25.2,21.2,13.3,15.5,3.1
,2018,11,15,9,0,0,30914,20181115,1027.9,4.8,0,70,-68.8,18.4,26.4,21.4,11.1,13.8,2.2
,2018,11,16,9,0,0,30914,20181116,1023.2,4.4,0,73,-72.1,18.3,27,22.3,7.9,14,1.8
,2018,11,17,9,0,0,30914,20181117,1018,4.6,0,70,-74.1,18.2,25.6,22.5,8.5,13.7,1.9
,2018,11,18,9,0,0,30914,20181118,1012.4,3.8,2,70,-75.6,18.5,21.9,21.4,9.5,14.3,2.6
,2018,11,19,9,0,0,30914,20181119,1005.7,3.3,0,72,-78.1,18.6,14.8,17.8,12.4,12.6,2.5
,2018,11,20,9,0,0,30914,20181120,1004.4,3,3,65,-74.6,15.9,18.7,16.7,4.2,9.9,1.9
,2018,11,21,9,0,0,30914,20181121,1007.9,2.3,9.8,78,-69.5,14.2,14.4,16.6,5,11.4,2.5
,2018,11,22,9,0,0,30914,20181122,1005,4.1,0,83,-79.6,14.8,25,19.9,8,12.8,2.1
,2018,11,23,9,0,0,30914,20181123,1009.8,4.6,4.9,75,-75.2,16.1,26.2,22.1,7.2,13.6,1.7
,2018,11,24,9,0,0,30914,20181124,1008.2,2.3,1.5,84,-70.8,16.6,10,18,12.4,14,4.2
,2018,11,25,9,0,0,30914,20181125,998.8,1.9,21,91,-54.3,17.1,9.7,20.8,13.5,18.1,3.6
,2018,11,26,9,0,0,30914,20181126,1001.3,3.6,4.3,82,-52.6,17.4,20.1,21.7,11.3,16.9,1.7
,2018,11,27,9,0,0,30914,20181127,1000.5,3.6,0,82,-54.8,18.5,20.1,22.2,13.2,17.2,2.1
,2018,11,28,9,0,0,30914,20181128,998.4,3.6,7.2,77,-48.8,18.6,18,24.3,13.7,16.6,1.8
,2018,11,29,9,0,0,30914,20181129,1009.8,4.9,0,72,-52.8,19,25.5,24.8,13.8,15.7,1.7
,2018,11,30,9,0,0,30914,20181130,1014.5,3.4,2.8,79,-52.9,19.2,13.4,20.8,14.8,16.6,3.9
,2018,12,1,9,0,0,30914,20181201,1009.8,2.3,14.8,86,-43.9,18,8.6,20.4,16,16.9,5.5
,2018,12,2,9,0,0,30914,20181202,1006.9,5,0,82,-48.6,18.9,27.6,23.4,15.6,19.7,3.4
,2018,12,3,9,0,0,30914,20181203,1002.5,2.9,7.7,84,-45,18.9,15,22.3,14.3,18.3,3.2
,2018,12,4,9,0,0,30914,20181204,1003.5,3.6,5.6,91,-43.3,18.5,15.7,22.6,15.4,19.2,3.8
,2018,12,5,9,0,0,30914,20181205,1010.1,5.7,1.8,63,-45.4,18.2,26.3,21.1,14,13.2,5.1
,2018,12,6,9,0,0,30914,20181206,1011.6,3.6,6,80,-42.9,16.5,18.5,17.7,10.9,12.5,2.6
,2018,12,7,9,0,0,30914,20181207,1021.5,5.3,0,62,-47.2,16.1,30.4,20.9,6.7,10.4,2.6
,2018,12,8,9,0,0,30914,20181208,1023.7,5.4,0,74,-51.4,17.5,29,23.3,9.3,14.2,2.5
,2018,12,9,9,0,0,30914,20181209,1019.4,5.4,0,77,-55.4,19,26.9,24.5,10.7,15.4,2.2
,2018,12,10,9,0,0,30914,20181210,1014.3,4.9,2,75,-55.3,19.8,23.9,24.6,12.3,15.7,2.3
,2018,12,11,9,0,0,30914,20181211,1014.2,2.7,0,77,-58.8,21.3,10.9,22.6,16.5,17.7,1.9
,2018,12,12,9,0,0,30914,20181212,1013.2,4.4,0,82,-62.6,20.1,21.6,23.9,16,17.7,1.8
,2018,12,13,9,0,0,30914,20181213,1014.9,4.3,3.2,79,-61.1,20.8,19.6,24.1,15.8,18.1,1.7
,2018,12,14,9,0,0,30914,20181214,1018.2,4.9,34.2,76,-34.7,21.1,23.6,24.4,16.1,18.4,2.5
,2018,12,15,9,0,0,30914,20181215,1020.9,5,0,78,-25.5,19.6,27.1,24.2,13.9,16.7,2.5
,2018,12,16,9,0,0,30914,20181216,1025.1,5.3,0,80,-30.3,20,27,26.4,13,18.7,1.7
,2018,12,17,9,0,0,30914,20181217,1026.5,5.4,0,76,-34.6,21.6,25.2,26.1,17,18.9,1.9
,2018,12,18,9,0,0,30914,20181218,1018.8,6,0,75,-39.1,21.2,29.3,26.4,12.8,17.6,2.5
,2018,12,19,9,0,0,30914,20181219,1009.5,5.1,34,74,-12.8,21.4,24.1,24.9,14.8,17.7,3.4
,2018,12,20,9,0,0,30914,20181220,1002.5,3.7,5.1,90,-18.6,19.5,17.4,22.6,15.2,18.4,3.3
,2018,12,21,9,0,0,30914,20181221,1002.4,3.7,1.3,79,-21.7,19.7,17.4,21.8,14.2,17.2,3.4
,2018,12,22,9,0,0,30914,20181222,1006.6,5.3,0,71,-26.3,19.6,25.7,23.3,14.2,15.2,2.6
,2018,12,23,9,0,0,30914,20181223,1009,2.9,24.4,79,-6.7,20.4,11.4,22.6,15.8,17.5,3
,2018,12,24,9,0,0,30914,20181224,1012.4,1.8,28.6,89,6.3,19.1,5.2,19.9,16.3,18.8,4.7
,2018,12,25,9,0,0,30914,20181225,1004.1,4.9,0,79,-6,19.6,23.6,23.2,17.4,18.4,4.1
,2018,12,26,9,0,0,30914,20181226,1008.8,4.5,0,73,-10.7,19.5,14.9,22.7,15.9,16.3,3.7
,2018,12,27,9,0,0,30914,20181227,1015.6,5.7,0,69,-15.1,20.1,25.7,22.9,15.2,15.2,2.7
,2018,12,28,9,0,0,30914,20181228,1020,5.5,0,72,-19.5,19.7,28.6,24.2,10.3,15.1,2
,2018,12,29,9,0,0,30914,20181229,1024,3.8,0,76,-23,20.8,20.2,24.6,14.4,18.2,1.9
,2018,12,30,9,0,0,30914,20181230,1023.2,5,0,79,-27.4,19.9,26.4,24.9,12.1,17.1,2.3
,2018,12,31,9,0,0,30914,20181231,1018.8,3,0,74,-31.8,21,12.2,23,16,17.1,2.6
,2019,1,1,9,0,0,30914,20190101,1014.8,4.6,0,79,-53.4,21.6,20.2,26.1,16.5,19,2.1
,2019,1,2,9,0,0,30914,20190102,1014.3,5.7,0,76,-58.4,22.2,26.9,26.1,16.5,19,3
,2019,1,3,9,0,0,30914,20190103,1013.8,4.2,0,78,-63.1,22.3,19.1,25.7,15.5,20,4
,2019,1,4,9,0,0,30914,20190104,1013.4,6.2,0,69,-67.7,21.4,28.6,24.6,15,17.1,4.3
,2019,1,5,9,0,0,30914,20190105,1019.9,5.4,0,82,-72.2,21.9,26.6,25.8,12.7,18,2.8
,2019,1,6,9,0,0,30914,20190106,1017.4,6.2,0,73,-76.6,22.1,29.2,26.3,14.1,17.6,3.8
,2019,1,7,9,0,0,30914,20190107,1018,6.1,0,77,-81,22.5,26.4,27.6,16.3,19.4,3
,2019,1,8,9,0,0,30914,20190108,1019.3,6.7,0,69,-85.3,23,29.7,27.1,15.8,16.4,2.9
,2019,1,9,9,0,0,30914,20190109,1020,4.5,0,76,-89.5,22.6,23.4,26.3,11.2,18.1,2.3
,2019,1,10,9,0,0,30914,20190110,1019.7,5.3,0,76,-93.6,23.2,25.2,27.4,16.2,20.5,2.4
,2019,1,11,9,0,0,30914,20190111,1020.5,5.6,0,79,-97.3,23.2,24.7,27.8,16.1,20.8,2.8
,2019,1,12,9,0,0,30914,20190112,1021.9,6.1,0,69,-100.9,22.5,28.5,26.8,12.5,15.9,2.6
,2019,1,13,9,0,0,30914,20190113,1019.8,4.4,9.3,73,-94.7,23.7,21.2,25.4,17.2,18.8,2.8
,2019,1,14,9,0,0,30914,20190114,1007.1,2.9,3.6,87,-92.1,21,13.4,20.6,16.5,17.7,2.4
,2019,1,15,9,0,0,30914,20190115,1007.3,3.7,1.7,81,-95.7,19.2,19.9,22,10.1,15.5,2
,2019,1,16,9,0,0,30914,20190116,1007.7,4,0,82,-97.7,19.5,15.9,25.8,14,16.3,2
,2019,1,17,9,0,0,30914,20190117,1009.2,6,0,78,-101.2,20.6,27.3,26.8,14.8,18.4,3.2
,2019,1,18,9,0,0,30914,20190118,1012.2,4.3,0,78,-104.5,20.8,17.9,25.6,13.9,18.1,3.1
,2019,1,19,9,0,0,30914,20190119,1015.6,5.4,0,81,-107.6,22,22.3,27.9,17,20,2.5
,2019,1,20,9,0,0,30914,20190120,1010.4,6,0,84,-110,22.7,25.7,24.9,18,21.1,4.7
,2019,1,21,9,0,0,30914,20190121,1011.4,5.4,0,66,-112.8,21.4,22,25,13.3,15.5,4.6
,2019,1,22,9,0,0,30914,20190122,1014,6.9,0,60,-115.3,21.1,29,25.4,15.7,13.7,4.6
,2019,1,23,9,0,0,30914,20190123,1013.8,5.7,0,74,-117.3,21.7,23,26.5,15.2,17.8,4.2
,2019,1,24,9,0,0,30914,20190124,1010.4,5.1,0,88,-121.8,22.8,22.9,25.3,18.4,21.3,3.7
,2019,1,25,9,0,0,30914,20190125,1017.5,4.9,0,75,-121.5,22.1,24.5,25.7,12.5,17.1,2.3
,2019,1,26,9,0,0,30914,20190126,1018.8,4.7,0,75,-122.6,20.8,21.7,24.5,12.2,15.2,2.7
,2019,1,27,9,0,0,30914,20190127,1016.5,4.1,0,71,-124.5,21.2,17.5,24.8,13.8,16.3,3.4
,2019,1,28,9,0,0,30914,20190128,1018.1,5.5,0,83,-126.2,22.5,23.3,28,17.7,21.7,3.8
,2019,1,29,9,0,0,30914,20190129,1019.7,6.1,0,82,-127.8,23.5,24.1,31,19,21.7,2.2
,2019,1,30,9,0,0,30914,20190130,1025.3,5.7,0,73,-129.2,24.7,25.8,28.7,18.5,20.9,2.3
,2019,1,31,9,0,0,30914,20190131,1023.3,4.7,0,78,-130.7,23.9,23.3,27.9,15.3,20.3,1.8
,2019,2,1,9,0,0,30914,20190201,1018.6,4.6,0,71,-132.3,22.7,19.4,27.5,17.4,17.9,1.8
,2019,2,2,9,0,0,30914,20190202,1016.2,4,0,86,-133.4,21.6,16.7,27.1,14.1,19.5,2.6
,2019,2,3,9,0,0,30914,20190203,1023.6,5.9,0,57,-134.4,21.9,26.7,26.5,17.3,13.7,3.6
,2019,2,4,9,0,0,30914,20190204,1024,5.2,0,68,-135.3,21.9,25.2,28.2,13.4,16.7,1.6
,2019,2,5,9,0,0,30914,20190205,1020.3,5.3,0,82,-136.3,22.1,24,28.6,13.9,19.1,2.2
,2019,2,6,9,0,0,30914,20190206,1018.8,5.5,0,77,-137.3,21.8,23.2,30.2,12.4,18.4,2.8
,2019,2,7,9,0,0,30914,20190207,1024.9,4.4,0,60,-138.1,21.4,14.9,22.8,16.6,12.2,4.7
,2019,2,8,9,0,0,30914,20190208,1023.6,5.5,0,54,-138.8,20.2,24.4,24,13.1,11.7,4.2
,2019,2,9,9,0,0,30914,20190209,1019,5.6,0,64,-138.9,20.8,24.9,25.5,16,15,3.4
,2019,2,10,9,0,0,30914,20190210,1013.5,5.6,0,71,-139.6,20.8,26.6,28.8,12.5,16.4,2.4
,2019,2,11,9,0,0,30914,20190211,1007.2,5.7,0,70,-140.3,21.5,26,30.2,13.5,17.2,2.5
,2019,2,12,9,0,0,30914,20190212,1007.4,4.4,0,83,-141,20.8,19.4,29,12.3,18.5,2.6
,2019,2,13,9,0,0,30914,20190213,1012.2,5.7,0,77,-141.6,21.5,26.4,30.6,13.3,18.9,2.4
,2019,2,14,9,0,0,30914,20190214,1014.1,5.5,0,80,-142.1,22.3,27.2,30.4,13.5,20.5,2.1
,2019,2,15,9,0,0,30914,20190215,1014.4,5.4,0,81,-142.6,21.8,25.1,29.4,13.4,18.7,2.7
,2019,2,16,9,0,0,30914,20190216,1012.7,5.9,0,70,-143.1,20.9,27,29.2,9.9,15,3
,2019,2,17,9,0,0,30914,20190217,1015.5,4,0,65,-143.1,21.6,17.5,26.4,13.7,15.3,2.3
,2019,2,18,9,0,0,30914,20190218,1016,5,0,75,-143.5,21.4,21,26.9,16.5,17.1,2.6
,2019,2,19,9,0,0,30914,20190219,1016.6,4.5,0,79,-144,20.2,24.7,27,9.6,15.7,1.8
,2019,2,20,9,0,0,30914,20190220,1014.9,3.8,0,78,-145.1,20.7,18.5,28.4,11.9,17.7,1.9
,2019,2,21,9,0,0,30914,20190221,1018.4,3.2,0,78,-145.1,22.5,13.6,27.6,17.2,21.5,2.2
,2019,2,22,9,0,0,30914,20190222,1015.8,1.8,12.1,78,-134.4,21.8,6.8,23.7,19.2,20.7,2
,2019,2,23,9,0,0,30914,20190223,1005.7,2,0,94,-134.3,21,8.4,22.7,18.5,22.2,2.5
,2019,2,24,9,0,0,30914,20190224,999.8,4.5,0,80,-135.4,18.7,21.4,23.8,13,15.4,3.3
,2019,2,25,9,0,0,30914,20190225,1012.7,4.7,0,55,-136.4,17.8,19.1,23.3,11.4,10.1,4.3
,2019,2,26,9,0,0,30914,20190226,1023,4.4,0,65,-137.2,17,24.9,24.8,7,10.9,2
,2019,2,27,9,0,0,30914,20190227,1020.7,4.4,0,79,-138.1,17.9,25.5,25.5,6.8,13.3,2.2
,2019,2,28,9,0,0,30914,20190228,1017.9,5.9,0,58,-138.8,19.3,25.2,26,12.6,12,3.4
,2019,3,1,9,0,0,30914,20190301,1026,4.5,0,54,-139.2,18.8,21.1,24.3,11.9,10.1,2.9
,2019,3,2,9,0,0,30914,20190302,1028,4.9,0,58,-139.7,18.4,25.4,25.3,9.3,10.9,2.4
,2019,3,3,9,0,0,30914,20190303,1030.8,4.6,0,75,-140.2,18.2,25,27.5,8.5,13.3,1.9
,2019,3,4,9,0,0,30914,20190304,1028.7,4.2,0,84,-140.6,18.9,22.1,27.9,9.8,15.8,2.2
,2019,3,5,9,0,0,30914,20190305,1026.2,4.9,0,71,-141,18.6,24,26.9,10.4,13.9,2.7
,2019,3,6,9,0,0,30914,20190306,1024.7,4.1,0,90,-141.4,18.6,23.5,26.9,9.1,15.7,1.6
,2019,3,7,9,0,0,30914,20190307,1023.2,3.7,0,86,-141.9,19.4,18.9,27.5,11.5,17.9,2
,2019,3,8,9,0,0,30914,20190308,1017.6,2.2,6.5,80,-136.7,20.4,8.4,25.9,16.1,20.2,2.3
,2019,3,9,9,0,0,30914,20190309,1018.8,1.9,0,92,-135.7,17.6,11.8,20,12,16.4,1.7
,2019,3,10,9,0,0,30914,20190310,1017.9,3.8,0,84,-136.4,17.4,20.3,25.9,11,15.7,1.7
,2019,3,11,9,0,0,30914,20190311,1019.2,3.8,0,89,-137,18.3,20.7,26.1,12.2,17.5,2
,2019,3,12,9,0,0,30914,20190312,1020.4,3.2,0,88,-137.6,18.9,16.4,25.1,12.1,17.7,1.8
,2019,3,13,9,0,0,30914,20190313,1020.2,2.6,0,79,-138.3,19.6,12.4,25.3,15,19,2.6
,2019,3,14,9,0,0,30914,20190314,1021.5,3.5,0,89,-138.8,19.9,15.1,27.7,16.2,20.7,1.6
,2019,3,15,9,0,0,30914,20190315,1024.1,2.8,0,88,-139.3,20.1,12.6,26.5,16.3,20.5,1.6
,2019,3,16,9,0,0,30914,20190316,1024,3.3,0,90,-139.9,20.2,17.7,27.7,14.9,20.6,1.4
,2019,3,17,9,0,0,30914,20190317,1025.9,3.6,0,82,-139.6,19.8,17.7,28,13.7,18.7,2.1
,2019,3,18,9,0,0,30914,20190318,1026.5,2.2,4.9,90,-135.7,20.6,10,24.2,17.7,19.5,1.7
,2019,3,19,9,0,0,30914,20190319,1024.5,3,0,89,-136.5,20.2,14.3,25.2,17.2,19,1.8
,2019,3,20,9,0,0,30914,20190320,1025,3,0,80,-137.1,19.8,12.6,25.5,16.4,16.8,1.4
,2019,3,21,9,0,0,30914,20190321,1026.4,3.4,0,78,-136,18.7,16.8,26.6,12.5,16,1.5
,2019,3,22,9,0,0,30914,20190322,1027.4,2.7,2.8,86,-132.5,20,13.7,26,15.6,18.5,1.5
,2019,3,23,9,0,0,30914,20190323,1024.5,2.5,0,98,-132.7,19.2,14.4,24.2,13.2,17.8,1.7
,2019,3,24,9,0,0,30914,20190324,1024.4,2.3,0,89,-132.5,19.1,11.4,24.8,14.1,17.8,1.5
,2019,3,25,9,0,0,30914,20190325,1027.8,2.4,0,88,-133.3,19.1,13.5,25.1,13.9,18.2,1.7
,2019,3,26,9,0,0,30914,20190326,1027.3,3.2,0,86,-134,18.1,18.6,25.8,11.3,17.3,2.3
,2019,3,27,9,0,0,30914,20190327,1021.3,2.7,12.1,79,-123,18.1,12.8,24.8,13,17.2,3.5
,2019,3,28,9,0,0,30914,20190328,1021.1,1.5,4.4,96,-120.2,19.1,6.5,21.4,16.7,19.7,2.4
,2019,3,29,9,0,0,30914,20190329,1026.1,3.2,0,75,-120.5,18.8,11.8,23.9,17,16.7,3.9
,2019,3,30,9,0,0,30914,20190330,1027.1,2.2,0,85,-121.3,18.6,8.9,22.6,16.4,17.6,3.2
,2019,3,31,9,0,0,30914,20190331,1023.3,3,0,81,-121.7,18.6,13,24.1,16.1,17.8,3.4
,2019,4,1,9,0,0,30914,20190401,1016.6,1.3,24.9,89,-99.4,19.3,5.1,22.2,17.9,20.7,3
,2019,4,2,9,0,0,30914,20190402,1017.8,3.5,0,79,-100.2,18.2,18.1,22.2,14.4,15.4,3.1
,2019,4,3,9,0,0,30914,20190403,1023.5,3.1,0,71,-101.5,17.1,16,21.5,11.8,12.2,2.7
,2019,4,4,9,0,0,30914,20190404,1023.5,2.6,0,77,-102.6,15.6,15.6,22.1,8,11.2,1.6
,2019,4,5,9,0,0,30914,20190405,1020.5,1.8,0,92,-103.8,15.2,11.1,20.5,7.2,12.9,1.4
,2019,4,6,9,0,0,30914,20190406,1020,2.1,1.5,76,-103.3,16.2,10.6,20.6,10.2,12.3,1.8
,2019,4,7,9,0,0,30914,20190407,1018.6,2.6,0,85,-104.7,14.9,16.4,20.3,8.7,11.5,1.6
,2019,4,8,9,0,0,30914,20190408,1017.5,2.5,0,88,-105.9,13.8,15.6,20.8,5.4,11.1,1.9
,2019,4,9,9,0,0,30914,20190409,1020.9,2.7,0,85,-107.1,14.2,16.8,22.5,6.6,12.3,2.4
,2019,4,10,9,0,0,30914,20190410,1019.7,2.1,0,92,-108.4,14.1,14,22.4,6.9,13.8,1.8
,2019,4,11,9,0,0,30914,20190411,1012,1.5,16.5,86,-95.1,15,7,21,10.1,15.3,2.8
,2019,4,12,9,0,0,30914,20190412,1009,2.6,0,78,-95.8,14.8,13.9,20.4,12,13.8,3.6
,2019,4,13,9,0,0,30914,20190413,1017.1,2.7,0,66,-97.2,14,16.8,17.9,7.7,8.8,2.4
,2019,4,14,9,0,0,30914,20190414,1017.9,2.1,0,85,-98.6,12,13.6,20.3,4.1,9.9,2
,2019,4,15,9,0,0,30914,20190415,1022.4,2.2,0,82,-99.8,12.6,16,19.9,6.1,10.6,1.2
,2019,4,16,9,0,0,30914,20190416,1027.7,2.3,0,85,-101.1,12.1,15.8,20.6,4.9,10.5,1.7
,2019,4,17,9,0,0,30914,20190417,1033.3,2.1,0,82,-102.4,12.1,14.4,20,5.2,10.3,1.7
,2019,4,18,9,0,0,30914,20190418,1035.7,2.2,0,85,-103.7,12,15.5,19.9,5.1,10.3,1.7
,2019,4,19,9,0,0,30914,20190419,1035.7,2.1,0,87,-104.9,12.3,14.6,20.8,5.9,10.9,1.3
,2019,4,20,9,0,0,30914,20190420,1031.3,1.8,0,94,-106.1,12,14.4,21.2,4.5,11.1,1.1
,2019,4,21,9,0,0,30914,20190421,1025.9,2,20.8,95,-87.9,12.3,12.9,22.1,5.5,12,2
,2019,4,22,9,0,0,30914,20190422,1022.2,0.6,9.9,96,-79.7,14.7,4,18,12,16.4,2.2
,2019,4,23,9,0,0,30914,20190423,1019.2,1.4,0,96,-81.4,13.2,10.1,19.5,8.6,13.2,1.1
,2019,4,24,9,0,0,30914,20190424,1017,1.6,2,97,-80.6,13.2,10.9,21.6,8.6,14.1,1.4
,2019,4,25,9,0,0,30914,20190425,1015.8,1.8,0,95,-82.2,13.6,11.3,21.5,10.1,14.5,1.7
,2019,4,26,9,0,0,30914,20190426,1016.1,1.7,0,83,-84,14.4,7.2,21.5,12.4,14.6,2.2
,2019,4,27,9,0,0,30914,20190427,1017.9,1.5,0,94,-85.7,14.4,10.1,22.3,11.7,17,1.9
,2019,4,28,9,0,0,30914,20190428,1013.9,0.9,5.2,92,-81.9,14.8,5.4,19.8,13.1,17,1.9
,2019,4,29,9,0,0,30914,20190429,1007.2,1.2,8.6,85,-76.2,14,6.6,18.2,10.4,14.4,2.8
,2019,4,30,9,0,0,30914,20190430,1014.6,2,0,77,-77.8,12.3,13.2,17.3,8,10.1,2.5
,2019,5,1,9,0,0,30914,20190501,1027.1,1.7,0,84,-79.3,10,12.8,17.6,2.3,8.7,1.7
,2019,5,2,9,0,0,30914,20190502,1024.9,1.5,0,92,-80.2,10,12.5,18.1,2.9,9.4,1.5
,2019,5,3,9,0,0,30914,20190503,1025.3,1.5,0,97,-81.1,11.1,11,20,5.5,11.1,1
,2019,5,4,9,0,0,30914,20190504,1028.1,1.2,0,98,-82.1,12.1,9.8,19.3,6.3,12.4,0.7
,2019,5,5,9,0,0,30914,20190505,1027.6,1.4,0,98,-83,11.9,12.1,20.3,5.9,11.8,0.9
,2019,5,6,9,0,0,30914,20190506,1028.8,1.1,0,97,-83.8,11.8,7.8,19.2,6.2,11.2,0.9
,2019,5,7,9,0,0,30914,20190507,1029,1.3,0,93,-84.8,12.3,11,20.2,7.7,13.1,2.2
,2019,5,8,9,0,0,30914,20190508,1026,1.1,0,91,-85.1,13.4,7.3,19.8,11,14.1,1.8
,2019,5,9,9,0,0,30914,20190509,1025.8,1.3,0,92,-85.1,13.7,8.7,21.1,11.2,14.1,1.9
,2019,5,10,9,0,0,30914,20190510,1024,1.2,0,97,-88,14.9,7.4,21.6,13.2,17.5,2.1
,2019,5,11,9,0,0,30914,20190511,1026.3,1.2,0,99,-88.5,13.5,10.1,20,9.1,14.3,1.2
,2019,5,12,9,0,0,30914,20190512,1017.7,1.1,15.3,92,-77.7,13.9,5.8,21.3,9.3,15.6,4.1
,2019,5,13,9,0,0,30914,20190513,1011.5,2,0,71,-75.4,15.4,9.4,18.5,14.1,12.5,4.3
,2019,5,14,9,0,0,30914,20190514,1026.8,0.8,0,92,-75.9,11.7,6.1,16.4,5,10.8,1.5
,2019,5,15,9,0,0,30914,20190515,1019.2,1.2,0,90,-75.1,12.5,7.3,19.5,9.1,13.9,3.2
,2019,5,16,9,0,0,30914,20190516,1013.7,1.5,0,86,-75.2,13.4,7,17.9,12.5,14.1,3.6
,2019,5,17,9,0,0,30914,20190517,1017.7,1.4,0,79,-76.3,12.6,11.1,16.7,10.4,11.4,2.1
,2019,5,18,9,0,0,30914,20190518,1023.7,0.9,0,95,-76.4,10.1,6.7,16.8,2.9,9.9,1.8
,2019,5,19,9,0,0,30914,20190519,1015,0.9,0,86,-76.6,12.5,8.5,18.2,7.5,13.8,3.1
,2019,5,20,9,0,0,30914,20190520,1020,1,0,84,-77.7,12,6.7,17.2,8.9,12.3,2.2
,2019,5,21,9,0,0,30914,20190521,1025.1,0.6,0,97,-78.6,11,6,16.6,7.4,12.3,1.3
,2019,5,22,9,0,0,30914,20190522,1026.8,0.9,0,92,-79.4,12.9,6.3,17.3,10.3,13,1.6
,2019,5,23,9,0,0,30914,20190523,1025.9,0.9,0,96,-80.3,11.4,7.5,17.8,7.9,12.1,1.3
,2019,5,24,9,0,0,30914,20190524,1028.8,1,0,98,-81.2,10.5,9.2,18.9,5.1,10.2,1.5
,2019,5,25,9,0,0,30914,20190525,1026,1.1,0,98,-82.1,11.4,9.4,19.4,8.1,11.7,1.1
,2019,5,26,9,0,0,30914,20190526,1023.3,0.8,0,98,-82.7,10.6,8.5,16.1,3.7,10.2,1.3
,2019,5,27,9,0,0,30914,20190527,1018.9,0.7,3,96,-78.9,12.2,6,19,6.6,12.3,1.6
,2019,5,28,9,0,0,30914,20190528,1009.9,0.5,5.9,93,-75.9,14,4.4,20.4,10.8,17.3,3.2
,2019,5,29,9,0,0,30914,20190529,1011.2,1.5,0,79,-76.6,13.1,9,19.1,12.1,12.8,3.4
,2019,5,30,9,0,0,30914,20190530,1016,1,7.8,89,-65.9,10.8,7.8,19.6,6.9,12.6,2.8
,2019,5,31,9,0,0,30914,20190531,1003,0.5,5.3,92,-56,13.6,2.6,15.1,12.1,14.5,4.3
,2019,6,1,9,0,0,30914,20190601,997.1,1.1,1.3,83,-47.9,11.1,5.5,13.8,9.4,10.6,3.1
,2019,6,2,9,0,0,30914,20190602,999.3,1,0,88,-48.2,8.9,9.2,13.8,4.7,8.9,2.6
,2019,6,3,9,0,0,30914,20190603,1015.4,0.9,0,92,-48.8,6.6,10.2,13.7,0.1,6.8,1.7
,2019,6,4,9,0,0,30914,20190604,1013.5,0.5,0,84,-48.5,8.4,5.4,15.5,2.9,9.9,2
,2019,6,5,9,0,0,30914,20190605,1002.3,0.5,23.6,88,-35.2,11,2.9,16.6,9.7,13.9,3.2
,2019,6,6,9,0,0,30914,20190606,1002.4,1.1,6.1,85,-30,10.3,7.6,14.4,7.6,9.4,3.1
,2019,6,7,9,0,0,30914,20190607,1001.4,0.9,0,91,-31.9,10.9,6.7,14.5,8.2,11.6,3.2
,2019,6,8,9,0,0,30914,20190608,1006.1,0.4,0,77,-32.6,10.1,5,16,4.3,12.1,4.4
,2019,6,9,9,0,0,30914,20190609,1018.7,0.7,0,95,-33.2,7.9,9,14.8,3.1,8.4,1.2
,2019,6,10,9,0,0,30914,20190610,1021.1,0.5,0,91,-33.9,10.2,5.3,16,6.3,12,1.8
,2019,6,11,9,0,0,30914,20190611,1020.7,0.7,0,97,-34.5,10.3,7.4,17.3,7.1,11.7,1.2
,2019,6,12,9,0,0,30914,20190612,1012.7,0.4,5.4,96,-30.3,10.9,3.5,15.2,8.6,12.4,1.6
,2019,6,13,9,0,0,30914,20190613,1009.1,0.6,0,98,-31.3,10.8,5.3,16,9.7,12.2,1
,2019,6,14,9,0,0,30914,20190614,1008.3,0.4,0,98,-31.7,10.3,4,15.3,7.3,12.1,1.2
,2019,6,15,9,0,0,30914,20190615,1006.8,0.6,0,94,-31.2,12,5.5,17.4,10.3,14.1,2.2
,2019,6,16,9,0,0,30914,20190616,1012.5,1.1,1.6,84,-31.1,11,7.7,16.5,9.7,11.5,2.7
,2019,6,17,9,0,0,30914,20190617,1016.5,1,0,85,-31.9,9.3,7.2,15.4,6.5,9.9,2.7
,2019,6,18,9,0,0,30914,20190618,1020.6,0.8,0,95,-32.6,7.7,9.6,14.2,2.7,8,1.4
,2019,6,19,9,0,0,30914,20190619,1026.6,0.9,0,91,-33.2,6.3,9.7,14.7,0.7,6.8,1.7
,2019,6,20,9,0,0,30914,20190620,1025.9,0.8,3.2,86,-29.9,6.7,8,15.4,1.8,8.2,3.1
,2019,6,21,9,0,0,30914,20190621,1016.2,0.2,0,97,-27.6,11.9,4.6,17.7,7.7,15.8,2
,2019,6,22,9,0,0,30914,20190622,1013.3,0.7,0,97,-26.8,9.6,6.7,13.8,4.3,9.1,1.3
,2019,6,23,9,0,0,30914,20190623,1006.1,0.4,5.4,95,-22.7,9.5,4.4,14.8,5.6,11.1,2.8
,2019,6,24,9,0,0,30914,20190624,1011.7,0.9,0,93,-23.8,9.8,5.9,14.6,8.6,11.3,2.9
,2019,6,25,9,0,0,30914,20190625,1026.5,0.9,0,86,-24.3,8.1,9.4,15.7,5,8.2,2
,2019,6,26,9,0,0,30914,20190626,1033.2,0.7,0,97,-25,6.2,9.6,14.6,0.6,7,1
,2019,6,27,9,0,0,30914,20190627,1035.7,0.8,0,98,-25.6,5.5,8.6,14.6,-0.8,6.6,1.4
,2019,6,28,9,0,0,30914,20190628,1038.2,0.8,0,97,-26.3,6.7,9,15.7,1.6,7.9,1.4
,2019,6,29,9,0,0,30914,20190629,1038.6,0.9,0,95,-26.8,6.6,9.2,15.4,2.2,7.7,1.7
,2019,6,30,9,0,0,30914,20190630,1034.9,0.9,0,96,-27.4,6,9.6,15.1,0.3,6.8,1.8
